eclipse.jdt.core-470535	1.7829484176202846	1.6931471805599454	2.6094379124341005	0.6309912658829325	0.2218806431499297	0.2155052761707199	0.37333162519658786	0.1561811604409401	0.2218806431499297	0.2155052761707199	0.37333162519658786	0.1561811604409401	0.24006544976990846	0.21846913483843894	0.9089249079216046	0.24129954855327695	0.3514840675932445	0.7815308651615611	1.0	0.0	1.0	0.0	0.2	0.5	0.3	7.0	0.2	0.8225199019511711	0.7132789262442814	1.7567988982810903	0.3301197320677527
eclipse.jdt.core-337415	1.1732867951399863	1.0	1.6931471805599454	0.3208647959315357	0.5937325506848707	0.6163841567110143	1.0	0.38273593171985393	0.5937325506848707	0.6163841567110143	1.0	0.38273593171985393	0.2611339656144497	0.10316366559941685	0.8032423003746476	0.31862135928019736	0.39276603031662904	0.8968363344005832	0.6	0.2	0.6	0.4	0.1	0.7	0.2	7.0	0.3	1.357972673404602	1.1583769071060876	3.119542236328577	1.1179870464914217
eclipse.jdt.core-42243	1.0866433975699932	1.0	1.6931471805599454	0.2450645358671368	0.5226238885432204	0.45362689578577853	0.9201819031845418	0.24957311860327433	0.5226238885432204	0.45362689578577853	0.9201819031845418	0.24957311860327433	0.24024936531351637	0.22295152536263635	0.9089249079216046	0.24110118114399562	0.3158292902742219	0.7770484746373636	0.6	0.2	0.6	0.4	0.0	0.9	0.1	7.0	0.0	1.7532406323462248	1.6576358349516347	7.9909154630913255	1.6836633329257664
eclipse.jdt.core-46084	2.281757583704961	2.2424533248940004	3.995732273553991	1.0249398973823558	0.17025541866724214	0.17025541866724214	0.24741160236847812	0.10911532141123784	0.17025541866724214	0.17025541866724214	0.24741160236847812	0.10911532141123784	0.28376177912546474	0.3070437816700365	0.9089249079216046	0.23866840337840853	0.4081746943952229	0.6929562183299636	1.0	0.1	1.0	0.0	0.0	0.9	0.1	10.0	0.0	0.7938177046591786	0.7938177046591786	0.7938177046591786	0.0
eclipse.jdt.core-268802	1.7319948542004657	1.6931471805599454	2.9459101490553135	0.7794298207202852	0.2656138939382268	0.2617754271140775	0.3298628214568202	0.06241827567373413	0.2656138939382268	0.2617754271140775	0.3298628214568202	0.06241827567373413	0.24139647073149512	0.2240747980915738	0.9089249079216046	0.24097058819118286	0.2859041904614178	0.7759252019084262	0.9	0.3	0.9	0.1	0.1	0.5	0.4	7.0	0.3	1.2095177515266313	1.0841964351175692	2.2722443759413733	0.5157428165913683
eclipse.jdt.core-403457	1.3138892253337457	1.0	3.1972245773362196	0.8304728294558062	0.1689494602820802	0.14623286218397832	0.2238346580961923	0.04256988664228673	0.1689494602820802	0.14623286218397832	0.2238346580961923	0.04256988664228673	0.2590827567854322	0.28195098485882064	0.9089249079216046	0.24048689167582654	0.2611769957046543	0.7180490151411794	1.0	0.0	1.0	0.0	0.3	0.7	0.0	7.0	0.1	0.5635930947846778	0.6099441955092565	1.942361948999216	0.5261907811372628
eclipse.jdt.core-385293	1.0	1.0	1.0	0.0	0.35224850977038213	0.3018603754343809	0.6122497131025295	0.184937466176437	0.35224850977038213	0.3018603754343809	0.6122497131025295	0.184937466176437	0.316634767133783	0.31843100063722074	0.8032423003746476	0.25706741261465094	0.21934323033182937	0.6815689993627793	1.0	0.1111111111111111	1.0	0.0	0.3333333333333333	0.6666666666666666	0.0	8.0	0.2222222222222222	1.5428671159276917	1.5781681726464563	3.2022339521736907	0.6289698098278369
eclipse.jdt.core-424718	1.8489025747439294	1.6931471805599454	3.5649493574615367	0.9980304680194481	0.2918897434156508	0.2858526647574581	0.4805764895451962	0.143420340752419	0.2918897434156508	0.2858526647574581	0.4805764895451962	0.143420340752419	0.255327248738935	0.27105646772125835	0.9089249079216046	0.24260451065990596	0.31696858928693994	0.7289435322787416	1.0	0.2	1.0	0.1	0.0	0.8	0.2	9.0	0.2	0.9647474378721489	0.925688440593869	1.3379634499329718	0.19822745512789758
eclipse.jdt.core-70665	1.3080654135821979	1.0	1.6931471805599454	0.36532064071556886	0.16996455223471355	0.13173323276396212	0.2858526647574581	0.08041808185391676	0.16996455223471355	0.13173323276396212	0.2858526647574581	0.08041808185391676	0.24929168343191827	0.24510056293817906	0.9089249079216046	0.24254060059496538	0.27381337535196837	0.7548994370618209	1.0	0.1	1.0	0.0	0.0	0.5	0.5	9.0	0.1	0.7731680839849073	0.7059654116720065	1.569271369801372	0.2327085488679059
eclipse.jdt.core-488461	1.616130827164396	1.6931471805599454	2.386294361119891	0.6432133616862951	0.4786749795346459	0.4954098959695512	0.5873522397066778	0.11793858221098046	0.4786749795346459	0.4954098959695512	0.5873522397066778	0.11793858221098046	0.2390097073168805	0.21784675051009628	0.9089249079216046	0.24080384982344016	0.37639047418757476	0.7821532494899037	0.9	0.0	0.9	0.2	0.0	0.6	0.4	8.0	0.5	2.532031628233188	2.4136312456670694	4.302036008977389	0.9297682553978244
eclipse.jdt.core-471062	1.1569446126668728	1.0	2.09861228866811	0.41523641472790324	0.6127002853419031	0.6086036634927652	0.8734913905634314	0.16924895639814624	0.6127002853419031	0.6086036634927652	0.8734913905634314	0.16924895639814624	0.3285900359638547	0.35058497971841956	0.8032423003746476	0.24289011086502413	0.46542294326914235	0.6494150202815805	1.0	0.1	1.0	0.0	0.1	0.8	0.1	7.0	0.2	1.8716197195017523	2.354699325430872	4.658710952916121	1.4780293493162653
eclipse.jdt.core-425493	1.2239699336535068	1.0	2.09861228866811	0.4286359969692456	0.2660821765649839	0.17859971428148305	0.644059879183928	0.2072250650298962	0.2660821765649839	0.17859971428148305	0.644059879183928	0.2072250650298962	0.24308301415855713	0.22736068749374955	0.9089249079216046	0.24088646057209415	0.3484645007093284	0.7726393125062505	1.0	0.2	1.0	0.0	0.3	0.7	0.0	8.0	0.1	0.9938138906857386	0.8558319010116393	2.908780637884463	0.5831140176676702
eclipse.jdt.core-28951	1.3465735902799727	1.0	2.386294361119891	0.5239700176363429	0.3963838085475537	0.35410295317625756	0.6961059679383006	0.18925413802494612	0.3963838085475537	0.35410295317625756	0.6961059679383006	0.18925413802494612	0.3410481172438217	0.36010984776492383	0.8032423003746476	0.240491788081442	0.3349083487777887	0.6398901522350762	0.9	0.2	0.9	0.1	0.0	0.8	0.2	8.0	0.0	2.215080116591967	2.147604521601497	6.045005314036012	1.041215417398274
eclipse.jdt.core-363293	1.2599301927099795	1.0	1.6931471805599454	0.35873774764475586	0.40284705322790765	0.4566701920074083	0.775922895311158	0.28330252941278705	0.40284705322790765	0.4566701920074083	0.775922895311158	0.28330252941278705	0.34018235599077934	0.35058497971841956	0.8032423003746476	0.24076372463339488	0.4205472732774933	0.6494150202815805	1.0	0.3	1.0	0.1	0.1	0.4	0.5	8.0	0.2	1.172084524338627	0.7174759460128682	4.582600613660306	0.9888502995649905
eclipse.jdt.core-480029	1.244136064148469	1.0	2.09861228866811	0.4844424838492204	0.4532124804335729	0.4770051748720473	0.6671670231939673	0.1657368233721109	0.4532124804335729	0.4770051748720473	0.6671670231939673	0.1657368233721109	0.33441905493251906	0.34832219853657276	0.8032423003746476	0.23913428446183213	0.3786910906397187	0.6516778014634272	0.8	0.0	0.8	0.2	0.1	0.8	0.1	8.0	0.1	1.462056524494313	1.303183608087154	5.7936908857551055	1.4417156608828043
eclipse.jdt.core-69658	1.2599301927099795	1.0	1.6931471805599454	0.35873774764475586	0.5993593056741325	0.6623948179518306	0.8403640012786583	0.25913133041620956	0.5993593056741325	0.6623948179518306	0.8403640012786583	0.25913133041620956	0.24834929614595755	0.24312395088991018	0.9089249079216046	0.24195369929398153	0.2615908296180403	0.7568760491100899	0.8	0.1	0.8	0.2	0.2	0.5	0.3	8.0	0.3	0.7234780214703359	0.0	5.911473921411489	1.8652205277989846
eclipse.jdt.core-418843	1.4787491742782046	1.0	3.302585092994046	0.7584886566504587	0.5521653056725674	0.5664604474400764	0.7936736835661323	0.1799863571727411	0.5521653056725674	0.5664604474400764	0.7936736835661323	0.1799863571727411	0.30508251578088585	0.3306339627015086	0.9089249079216046	0.2337793591627955	0.3345171606786028	0.6693660372984914	1.0	0.4	1.0	0.0	0.1	0.8	0.1	10.0	0.0	1.4213575429117329	1.5351929280336873	3.1910012003107218	0.9460011410173889
eclipse.jdt.core-31261	1.2986265782046758	1.0	2.791759469228055	0.731482740234792	0.2935505906939721	0.29684250990150984	0.33984596789945515	0.048026027569536174	0.2935505906939721	0.29684250990150984	0.33984596789945515	0.048026027569536174	0.24068408996129187	0.2236742190462755	0.9089249079216046	0.2413419767447916	0.26985572145785874	0.7763257809537245	0.6666666666666666	0.16666666666666666	0.6666666666666666	0.3333333333333333	0.6666666666666666	0.16666666666666666	0.16666666666666666	6.0	0.0	1.431052759918697	1.4402947422985921	1.544178844803687	0.11801878919447473
eclipse.jdt.core-388634	1.0770163533955495	1.0	1.6931471805599454	0.23104906018664842	0.3204480931729967	0.3159418756756449	0.5193173626293436	0.13315019995555893	0.3204480931729967	0.3159418756756449	0.5193173626293436	0.13315019995555893	0.2604270108760808	0.2826728549515161	0.9089249079216046	0.24082497698710142	0.32093569318182724	0.7173271450484839	0.8888888888888888	0.1111111111111111	0.8888888888888888	0.1111111111111111	0.1111111111111111	0.7777777777777778	0.1111111111111111	8.0	0.1111111111111111	1.3019639199499282	1.260669807435403	2.1174781220719003	0.44757469537477973
eclipse.jdt.core-25377	1.0	1.0	1.0	0.0	0.29619720417301504	0.2898247952624338	0.36989531722443425	0.060004070318765264	0.29619720417301504	0.2898247952624338	0.36989531722443425	0.060004070318765264	0.240859338011073	0.22387450856892466	0.9089249079216046	0.2411389773621551	0.3138348231834185	0.7761254914310753	0.8333333333333334	0.3333333333333333	0.8333333333333334	0.16666666666666666	0.5	0.5	0.0	6.0	0.0	1.347379970898726	1.3028029590052381	1.5916012657694336	0.18327965777613178
eclipse.jdt.core-410402	1.0	1.0	1.0	0.0	0.0	0.0	0.0	0.0	0.0	0.0	0.0	0.0	0.3265489766376574	0.32989083130935654	0.9089249079216046	0.24215240452777526	0.25068553462730514	0.6701091686906435	1.0	0.3	1.0	0.0	1.0	0.0	0.0	2.0	0.0	0.0	0.0	0.0	0.0
eclipse.jdt.core-448800	1.3850817669777475	1.0	2.386294361119891	0.5035597521768238	0.531521323989318	0.5266303710899412	0.6248238040019658	0.09095568240433125	0.531521323989318	0.5266303710899412	0.6248238040019658	0.09095568240433125	0.23738032688148566	0.2148521730881196	0.9089249079216046	0.24034680355394	0.42276652000415693	0.7851478269118803	0.9	0.1	0.9	0.1	0.0	0.5	0.5	9.0	0.1	1.8376281078563865	1.528666341754536	2.7013866025763678	0.758068440247674
eclipse.jdt.core-448043	1.635610766069589	1.6931471805599454	3.1972245773362196	0.7173569927294252	0.26179057925098714	0.26179057925098714	0.4404007634402832	0.25259294485845907	0.26179057925098714	0.26179057925098714	0.4404007634402832	0.25259294485845907	0.2904780342526947	0.31851832968396654	0.9089249079216046	0.23739865447067607	0.22239643361200742	0.6814816703160335	1.0	0.0	1.0	0.1	0.0	0.8	0.2	10.0	0.0	0.7096938055708133	0.7096938055708133	0.7096938055708133	0.0
eclipse.jdt.core-483895	1.577622650466621	1.6931471805599454	2.386294361119891	0.5217822418279304	0.39736901051842827	0.3934255512976184	0.556651172163195	0.13059986556080963	0.39736901051842827	0.3934255512976184	0.556651172163195	0.13059986556080963	0.32651569204313047	0.34832219853657276	0.9089249079216046	0.23529564824336927	0.2991900212502558	0.6516778014634272	0.8333333333333334	0.3333333333333333	0.8333333333333334	0.16666666666666666	0.16666666666666666	0.3333333333333333	0.5	6.0	0.3333333333333333	1.4370516663664064	1.305041852859432	2.617696788370171	0.7023899691790918
eclipse.jdt.core-145202	1.199084385469784	1.0	2.09861228866811	0.40784351194573554	0.5108734299015193	0.5495265904145352	0.775922895311158	0.2444507087878614	0.5108734299015193	0.5495265904145352	0.775922895311158	0.2444507087878614	0.24967130678352942	0.24418915322773496	0.9089249079216046	0.24244711382611167	0.3396023096713493	0.7558108467722651	0.8	0.3	0.8	0.2	0.3	0.5	0.2	9.0	0.0	1.2889595533578382	1.108258236021832	6.486838066315051	1.474121270804785
eclipse.jdt.core-104245	1.5375278407684165	1.3465735902799727	2.791759469228055	0.6408192802116165	0.37003221324278096	0.37037997975494363	0.5075409641374938	0.09611754066736879	0.37003221324278096	0.37037997975494363	0.5075409641374938	0.09611754066736879	0.24879815703076338	0.24312395088991018	0.9089249079216046	0.24262860122836544	0.2835499186277528	0.7568760491100899	0.9	0.0	0.9	0.1	0.0	0.7	0.3	10.0	0.1	1.4125091285463034	1.3687895064196283	2.3908371704779383	0.4693706905533252
eclipse.jdt.core-30516	1.0	1.0	1.0	0.0	0.3264974694679847	0.3264974694679847	0.3264974694679847	0.0	0.3264974694679847	0.3264974694679847	0.3264974694679847	0.0	0.24073542073645207	0.22387450856892466	0.9089249079216046	0.2408029363061407	0.37855176358033016	0.7761254914310753	1.0	0.0	1.0	0.0	0.7	0.3	0.0	3.0	0.8	2.834737863704411	2.834737863704411	2.834737863704411	0.0
eclipse.jdt.core-341296	1.1155245300933243	1.0	1.6931471805599454	0.2829761515034443	0.3598023125134272	0.35410295317625756	0.6671670231939673	0.1900662125748229	0.3598023125134272	0.35410295317625756	0.6671670231939673	0.1900662125748229	0.32675327741037424	0.3319949226753265	0.9089249079216046	0.23336262363626015	0.3780970292820326	0.6680050773246735	1.0	0.0	1.0	0.16666666666666666	0.3333333333333333	0.5	0.16666666666666666	6.0	0.0	1.417489916064212	1.4131588252503537	2.2373433239326084	0.43291904918531665
eclipse.jdt.core-149562	0.0	0.0	0.0	0.0	0.0	0.0	0.0	0.0	0.0	0.0	0.0	0.0	0.24831450268992014	0.24080191132075765	0.9089249079216046	0.24256704079852792	0.0	0.7591980886792423	0.0	0.0	0.0	0.0	NaN	NaN	NaN	0.0	0.0	0.0	0.0	0.0	0.0
eclipse.jdt.core-208186	1.1732867951399863	1.0	1.6931471805599454	0.3208647959315357	0.48898723176912867	0.46971804300446085	0.6737488170472423	0.12866335175957117	0.48898723176912867	0.46971804300446085	0.6737488170472423	0.12866335175957117	0.24280119378452622	0.22736068749374955	0.9089249079216046	0.2410218857594963	0.35839566006318047	0.7726393125062505	1.0	0.3	1.0	0.0	0.2	0.6	0.2	8.0	0.2	1.5895458043769504	1.539918586604903	3.756808958494066	1.0315357169927717
eclipse.jdt.core-405051	1.4276666119016057	1.3465735902799727	2.09861228866811	0.47449032937408914	0.39985758718280073	0.3807280791924479	0.572377147323306	0.09033586648909665	0.39985758718280073	0.3807280791924479	0.572377147323306	0.09033586648909665	0.2584863459094391	0.2816364603329226	0.9089249079216046	0.24072788552190225	0.3513817359373943	0.7183635396670773	0.9	0.3	0.9	0.1	0.0	1.0	0.0	10.0	0.1	1.6349811518154909	1.6996550131480508	2.2859018625237506	0.297172681214795
eclipse.jdt.core-190268	1.8922315660297293	1.6931471805599454	3.4849066497880004	0.9784056419699781	0.2819253043422646	0.29019881120959856	0.46085727233552776	0.19230403755033387	0.2819253043422646	0.29019881120959856	0.46085727233552776	0.19230403755033387	0.3129658721560935	0.3438591330947346	0.9089249079216046	0.23044147192684278	0.3497395211593658	0.6561408669052654	1.0	0.2	1.0	0.2	0.1	0.9	0.0	9.0	0.2	1.0659557621526552	0.890407525522541	2.210171947298996	0.6045349649406401
eclipse.jdt.core-416313	1.154032706791099	1.0	1.6931471805599454	0.30564917695453336	0.3880530153203849	0.32258486496479916	0.6737488170472423	0.2319709948175896	0.3880530153203849	0.32258486496479916	0.6737488170472423	0.2319709948175896	0.25371047195671553	0.26507233265667274	0.9089249079216046	0.24117375162644922	0.30109865282432247	0.7349276673433273	0.9	0.1	0.9	0.1	0.1	0.9	0.0	9.0	0.0	1.5206066997753265	1.3553134712349793	2.906410320428614	0.6426955879764563
eclipse.jdt.core-158274	1.2310490601866484	1.0	1.6931471805599454	0.3465735902799727	0.6383860502415245	0.7046395619678506	1.0	0.39888892004757653	0.6383860502415245	0.7046395619678506	1.0	0.39888892004757653	0.24785803972135184	0.2409746250811995	0.9089249079216046	0.24211343080593256	0.36289665545265065	0.7590253749188005	0.8	0.2	0.8	0.2	0.0	0.7	0.3	9.0	0.2	2.2797000951978683	1.5837946732150296	8.68406264365127	3.2465889369345646
eclipse.jdt.core-301894	1.2970630773828338	1.0	1.6931471805599454	0.37050275260909293	0.459907978615227	0.49193714242398223	0.6083460272444652	0.15335503981426105	0.459907978615227	0.49193714242398223	0.6083460272444652	0.15335503981426105	0.24146982713856197	0.2240765579570786	0.9089249079216046	0.240712314106384	0.3492101169792601	0.7759234420429214	0.6	0.1	0.6	0.4	0.2	0.8	0.0	7.0	0.0	1.3668535062194658	1.3632572241662468	2.47950488108258	0.6799059337260999
eclipse.jdt.core-401989	1.329583686600433	1.0	2.09861228866811	0.5306801524361003	0.3882470793596338	0.3995195007738198	0.7348511284126118	0.21589435850655636	0.3882470793596338	0.3995195007738198	0.7348511284126118	0.21589435850655636	0.25969815525760664	0.2822655093847187	0.9089249079216046	0.24044011015313618	0.31729153813833066	0.7177344906152813	0.9	0.2	0.9	0.1	0.2	0.6	0.2	10.0	0.2	1.5628987000373342	1.8640285649780677	3.6088888284174434	1.1965854271175174
eclipse.jdt.core-11076	1.0	1.0	1.0	0.0	0.21148982299614727	0.21148982299614727	0.21148982299614727	0.0	0.21148982299614727	0.21148982299614727	0.21148982299614727	0.0	0.31763159405832747	0.3252802311588237	0.9089249079216046	0.23182569706017567	0.3274879941839074	0.6747197688411763	1.0	0.5	1.0	0.0	0.5	0.5	0.0	2.0	0.0	0.0	0.0	0.0	0.0
eclipse.jdt.core-421711	1.2239699336535068	1.0	2.09861228866811	0.42863599696924565	0.3014838803032038	0.19696516694022545	0.6162904048701141	0.20191244512286585	0.3014838803032038	0.19696516694022545	0.6162904048701141	0.20191244512286585	0.3220603330096893	0.32989083130935654	0.9089249079216046	0.23411640731912078	0.3726642833289717	0.6701091686906435	1.0	0.2	1.0	0.0	0.4	0.5	0.1	7.0	0.1	1.1465693643664032	1.060220356560044	2.5484977525695314	0.4949787110052876
eclipse.jdt.core-451660	1.4301334456564323	1.0	2.386294361119891	0.5505149878376742	0.39573428086564616	0.3369041468581835	0.9201819031845418	0.2502807280213335	0.39573428086564616	0.3369041468581835	0.9201819031845418	0.2502807280213335	0.23741564429104556	0.2148521730881196	0.9089249079216046	0.24016302093283867	0.3890729294242269	0.7851478269118803	1.0	0.2	1.0	0.0	0.1	0.7	0.2	9.0	0.0	1.3858788595049998	1.4286306786330987	2.9604775416988898	0.712559997698475
eclipse.jdt.core-29516	1.0	1.0	1.0	0.0	0.0	0.0	0.0	0.0	0.0	0.0	0.0	0.0	0.24139647073149512	0.2240747980915738	0.9089249079216046	0.24097058819118286	0.36313811211821234	0.7759252019084262	1.0	1.0	1.0	0.0	1.0	0.0	0.0	1.0	0.0	0.0	0.0	0.0	0.0
eclipse.jdt.core-228691	1.0770163533955495	1.0	1.6931471805599454	0.23104906018664845	0.534258110749238	0.5428173090861255	0.6122497131025295	0.07217547720730068	0.534258110749238	0.5428173090861255	0.6122497131025295	0.07217547720730068	0.24305840856785657	0.23064305716491565	0.9089249079216046	0.24096190736980838	0.36758166623501576	0.7693569428350844	0.8888888888888888	0.3333333333333333	0.8888888888888888	0.1111111111111111	0.1111111111111111	0.8888888888888888	0.0	8.0	0.0	1.689413276987991	2.1235035646533222	3.6203175242410666	0.9900182290678122
eclipse.jdt.core-41554	1.0	1.0	1.0	0.0	0.358561212255458	0.3892469468732198	0.5247581108442547	0.16039241529398215	0.358561212255458	0.3892469468732198	0.5247581108442547	0.16039241529398215	0.24126166241707084	0.2240765579570786	0.9089249079216046	0.23939106424091938	0.3045248182633237	0.7759234420429214	1.0	0.1111111111111111	1.0	0.0	0.0	1.0	0.0	9.0	0.2222222222222222	1.337895269219189	1.1073733000259802	2.143117530501909	0.5009018016605795
eclipse.jdt.core-234074	1.0	1.0	1.0	0.0	0.23652966240198156	0.21051858875672294	0.4412967089202644	0.13558127193065178	0.23652966240198156	0.21051858875672294	0.4412967089202644	0.13558127193065178	0.3277946205287824	0.34585918658427783	0.9089249079216046	0.2262269877691642	0.35896518519985465	0.6541408134157222	1.0	0.3333333333333333	1.0	0.0	0.5	0.5	0.0	6.0	0.0	0.803896623831895	0.8978561862025591	1.9230116593620534	0.7046164127896246
eclipse.jdt.core-170843	1.1791759469228056	1.0	2.09861228866811	0.38963826174969923	0.4466527916673528	0.47684204016392207	0.7138565612886493	0.23494197085849328	0.4466527916673528	0.47684204016392207	0.7138565612886493	0.23494197085849328	0.24716723092491144	0.24080191132075765	0.9089249079216046	0.2420472393258495	0.4281896694571815	0.7591980886792423	0.8	0.2	0.8	0.2	0.0	0.8	0.2	10.0	0.1	1.6455478499770755	1.8365777821148246	3.154633556139847	0.9845952290740503
eclipse.jdt.core-403036	1.3531170922608828	1.0	2.09861228866811	0.4367612155037005	0.3693270982401978	0.35119182154969153	0.5028407551442352	0.10138119844571304	0.3693270982401978	0.35119182154969153	0.5028407551442352	0.10138119844571304	0.24034509828529008	0.22295152536263635	0.9089249079216046	0.24134081168711438	0.32721422127264743	0.7770484746373636	0.6666666666666666	0.1111111111111111	0.6666666666666666	0.3333333333333333	0.1111111111111111	0.7777777777777778	0.1111111111111111	9.0	0.0	1.5122750051374174	1.4251658839568593	2.1693499527787408	0.4841143491840938
eclipse.jdt.core-421469	1.7742402021815782	1.6931471805599454	3.0794415416798357	0.7908973285250323	0.2870762514591443	0.29465380493980986	0.412764533772979	0.11669836966305291	0.2870762514591443	0.29465380493980986	0.412764533772979	0.11669836966305291	0.3234121574668795	0.35196961104989133	0.9089249079216046	0.22734133078808677	0.4102226629667216	0.6480303889501087	0.8	0.0	0.8	0.2	0.0	1.0	0.0	10.0	0.0	1.3676412939285774	1.1299331673354236	2.5606599535993193	0.600688040256919
eclipse.jdt.core-186457	1.5841661524475312	1.6931471805599454	3.0794415416798357	0.6983135295877873	0.28148291611964393	0.2737113678074532	0.5247581108442547	0.1752547324121213	0.28148291611964393	0.2737113678074532	0.5247581108442547	0.1752547324121213	0.24471386083981064	0.23462239140418337	0.9089249079216046	0.24164505163607558	0.3652973636444272	0.7653776085958166	0.8	0.1	0.8	0.2	0.0	0.9	0.1	9.0	0.1	1.1238383538765828	0.7932831539195498	3.6471100412376414	1.006061475390192
eclipse.jdt.core-451677	1.7832505379173154	1.6931471805599454	2.386294361119891	0.3899747428614938	0.3282847496253685	0.3499622440768114	0.4619282801021583	0.12798525804997465	0.3282847496253685	0.3499622440768114	0.4619282801021583	0.12798525804997465	0.2392581588563509	0.21846913483843894	0.9089249079216046	0.24074163359858552	0.363052984980667	0.7815308651615611	0.9	0.1	0.9	0.1	0.0	1.0	0.0	9.0	0.0	1.397398486635335	1.2085183815460758	2.685975338655843	0.569427803404107
eclipse.jdt.core-438875	1.2559656384611508	1.0	2.09861228866811	0.4525433898572623	0.28819775817328047	0.2889210737569532	0.45164183197335417	0.10492433335824379	0.28819775817328047	0.2889210737569532	0.45164183197335417	0.10492433335824379	0.3315475931574795	0.3500144157642642	0.9089249079216046	0.2255655096722982	0.31838418010549663	0.6499855842357358	0.8571428571428571	0.0	0.8571428571428571	0.14285714285714285	0.14285714285714285	0.5714285714285714	0.2857142857142857	7.0	0.0	1.1824352281732275	1.0808141523230972	2.3411412888823433	0.4594190515674754
eclipse.jdt.core-431963	1.2310490601866484	1.0	1.6931471805599454	0.35793966490390583	0.3065798248529925	0.24774547580016384	0.4245823963903356	0.10219336101203652	0.3065798248529925	0.24774547580016384	0.4245823963903356	0.10219336101203652	0.24221409875284444	0.22407831782258342	0.9089249079216046	0.24075477863953915	0.26092801128426935	0.7759216821774166	1.0	0.0	1.0	0.0	0.3333333333333333	0.5	0.16666666666666666	6.0	0.0	1.6486891924804534	1.7452786224304402	1.9488520775505527	0.35835713682405335
eclipse.jdt.core-83297	1.1732867951399863	1.0	1.6931471805599454	0.3208647959315358	0.3117249073814994	0.32424871248918513	0.36240613702289975	0.053897460181013476	0.3117249073814994	0.32424871248918513	0.36240613702289975	0.053897460181013476	0.2404282755006158	0.2206601754228894	0.9089249079216046	0.24150394266364492	0.3035550562186081	0.7793398245771106	1.0	0.4	1.0	0.0	0.3	0.4	0.3	8.0	0.2	1.6335112601359965	1.573848059932431	2.8759201536708265	0.5467011574878041
eclipse.jdt.core-418919	1.2772588722239782	1.0	1.6931471805599454	0.35793966490390583	0.26459932436183914	0.15853273023306488	0.4998106159728179	0.16851340708659285	0.26459932436183914	0.15853273023306488	0.4998106159728179	0.16851340708659285	0.25470148140966103	0.26732132215979926	0.9089249079216046	0.242304794120624	0.32524450808462746	0.7326786778402008	0.8	0.0	0.8	0.2	0.0	1.0	0.0	10.0	0.1	1.0123728724629693	0.9989662455098218	1.6514383826232644	0.2752863936294147
eclipse.jdt.core-92005	1.3178053830347947	1.0	2.791759469228055	0.5926686734635952	0.0	0.0	0.0	0.0	0.0	0.0	0.0	0.0	0.2634988761276516	0.28627702155602197	0.9089249079216046	0.24045790452585455	0.34346546441442877	0.713722978443978	1.0	0.0	1.0	0.0	0.1	0.9	0.0	10.0	0.0	0.0	0.0	0.0	0.0
eclipse.jdt.core-24934	1.3465735902799727	1.3465735902799727	1.6931471805599454	0.3796523464637884	0.3307003023698709	0.34825341154758105	0.36750216245183426	0.04927048525250312	0.3307003023698709	0.34825341154758105	0.36750216245183426	0.04927048525250312	0.33475845295549506	0.3589504590160315	0.9089249079216046	0.2252913891769639	0.30016144355046626	0.6410495409839685	0.8	0.1	0.8	0.2	0.5	0.1	0.4	6.0	0.0	2.0605628373092304	1.8804186609265279	3.1910012003107218	0.5390655104300704
eclipse.jdt.core-385132	1.1732867951399863	1.0	1.6931471805599454	0.3465735902799727	0.38092846841665506	0.38430282996345727	0.6122497131025295	0.23302674969174073	0.38092846841665506	0.38430282996345727	0.6122497131025295	0.23302674969174073	0.3322498521401606	0.3577910702671392	0.9089249079216046	0.22641880634913114	0.35029597810438634	0.6422089297328608	1.0	0.0	1.0	0.25	0.5	0.25	0.25	4.0	0.25	1.7240036433419477	1.2319917024588465	2.914098262113768	1.0357896448530188
eclipse.jdt.core-417388	1.4098754949015486	1.0	2.6094379124341005	0.6595997054733405	0.22855818649748721	0.24097228495012288	0.356660855195707	0.08704557836562647	0.22855818649748721	0.24097228495012288	0.356660855195707	0.08704557836562647	0.25477592366375235	0.26732132215979926	0.9089249079216046	0.241940241865102	0.357013800814102	0.7326786778402008	1.0	0.1111111111111111	1.0	0.0	0.2222222222222222	0.4444444444444444	0.3333333333333333	8.0	0.0	0.7648719798969446	0.9815627565919881	1.633234107615863	0.7052045339104681
eclipse.jdt.core-148328	1.2239699336535068	1.0	2.09861228866811	0.4286359969692456	0.3485917532358962	0.2626724413332102	0.775922895311158	0.29692847248165993	0.3485917532358962	0.2626724413332102	0.775922895311158	0.29692847248165993	0.24831450268992014	0.24080191132075765	0.9089249079216046	0.24256704079852792	0.3627044304625089	0.7591980886792423	0.6	0.0	0.6	0.6	0.2	0.5	0.3	7.0	0.4	0.6352702670895907	0.4796666283886212	2.0158343952338673	0.6226044180141291
eclipse.jdt.core-396139	1.1220680320742344	1.0	2.09861228866811	0.36620409622270333	0.5634382132591775	0.3532628029277087	1.0	0.3309576541668459	0.5634382132591775	0.3532628029277087	1.0	0.3309576541668459	0.2598250690977772	0.2822655093847187	0.9089249079216046	0.24128965716518813	0.3911211147225961	0.7177344906152813	0.8888888888888888	0.0	0.8888888888888888	0.1111111111111111	0.1111111111111111	0.7777777777777778	0.1111111111111111	9.0	0.0	0.9395939020374838	0.5681968710665725	2.677709484049538	1.0579158752070386
eclipse.jdt.core-483690	1.7099733285108574	1.6931471805599454	2.09861228866811	0.3668049179333321	0.5476209360515613	0.5364775702657973	0.6737488170472423	0.12094183664794345	0.5476209360515613	0.5364775702657973	0.6737488170472423	0.12094183664794345	0.23958473340585207	0.21846913483843894	0.9089249079216046	0.2410006993745299	0.36515151450315864	0.7815308651615611	1.0	0.1	1.0	0.0	0.0	0.4	0.6	7.0	0.4	2.048113269747737	1.6167427949977948	5.850849299595054	2.1581104743410067
eclipse.jdt.core-430451	1.199084385469784	1.0	2.09861228866811	0.40784351194573554	0.2835442121614709	0.21996361563610786	0.48443615866432654	0.1778404808485243	0.2835442121614709	0.21996361563610786	0.48443615866432654	0.1778404808485243	0.25323798771342626	0.2623550458967647	0.9089249079216046	0.24244922920513068	0.3430751930968477	0.7376449541032353	0.9	0.0	0.9	0.1	0.4	0.4	0.2	8.0	0.5	0.8880764881625626	0.8327974756264601	1.2670830222701166	0.23808172161895202
eclipse.jdt.core-423280	2.546108751701425	2.386294361119891	4.218875824868201	0.9697210549672033	0.3270218453458169	0.28034993396414565	0.660941190840643	0.24806871477009546	0.3270218453458169	0.28034993396414565	0.660941190840643	0.24806871477009546	0.3002089931645778	0.32559924464787104	0.9089249079216046	0.2350419270225082	0.346190223347748	0.674400755352129	1.0	0.3	1.0	0.1	0.0	0.8	0.2	10.0	0.1	1.0502180880844505	0.7474652226899708	2.6951012267614067	0.8161100336651312
eclipse.jdt.core-401790	1.2079441541679836	1.0	1.6931471805599454	0.33482189780177213	0.5358863362822903	0.5193173626293436	0.7238760269481784	0.11858728164644457	0.5358863362822903	0.5193173626293436	0.7238760269481784	0.11858728164644457	0.3277660280886613	0.35335424238136315	0.9089249079216046	0.22552750530732238	0.298779181481814	0.6466457576186369	0.9	0.4	0.9	0.1	0.2	0.5	0.3	10.0	0.2	2.0405373540132157	2.2109438500775775	3.0337688539460554	0.8082606763256677
eclipse.jdt.core-23162	1.3080654135821979	1.0	2.386294361119891	0.5035597521768238	0.44712385178307046	0.4161312643467642	0.7238760269481784	0.15169854080202266	0.44712385178307046	0.4161312643467642	0.7238760269481784	0.15169854080202266	0.32939306710116656	0.3577910702671392	0.9089249079216046	0.2249942630066249	0.32968717171097717	0.6422089297328608	0.9	0.2	0.9	0.1	0.0	0.8	0.2	9.0	0.1	1.684672805410174	1.5677180707668876	3.2160025025161394	0.5983230367073127
eclipse.jdt.core-55930	1.2772588722239782	1.0	1.6931471805599454	0.3796523464637884	0.461903822658116	0.461903822658116	0.49117122447458794	0.041390356584277505	0.461903822658116	0.461903822658116	0.49117122447458794	0.041390356584277505	0.23830982530423958	0.21509511731450406	0.9089249079216046	0.24079758935357093	0.3155500902062117	0.784904882685496	1.0	0.4	1.0	0.0	0.2	0.4	0.4	5.0	0.2	1.6405534436915135	1.6405534436915135	1.6405534436915135	0.0
eclipse.jdt.core-406396	1.4839001263634866	1.3465735902799727	2.386294361119891	0.5626966178228608	0.24672916680608387	0.26262523132585036	0.3910761786299521	0.11873931407003205	0.24672916680608387	0.26262523132585036	0.3910761786299521	0.11873931407003205	0.24066849894127176	0.2236742190462755	0.9089249079216046	0.24118997994889851	0.42017330221497123	0.7763257809537245	1.0	0.25	1.0	0.0	0.125	0.875	0.0	8.0	0.0	0.6095965876344316	0.76113569289219	1.7089051381183165	0.6580930407289599
eclipse.jdt.core-17531	1.1732867951399863	1.0	1.6931471805599454	0.3465735902799727	0.48750052510531566	0.48750052510531566	0.8734913905634314	0.5458735168829959	0.48750052510531566	0.48750052510531566	0.8734913905634314	0.5458735168829959	0.24647734694530812	0.2398953310636814	0.9089249079216046	0.24189436021432306	0.32391000235449063	0.7601046689363186	1.0	0.25	1.0	0.0	0.5	0.5	0.0	4.0	0.0	0.8773662711300914	0.8773662711300914	0.8773662711300914	0.0
eclipse.jdt.core-429949	1.5705435239334795	1.6931471805599454	2.386294361119891	0.5299542778958158	0.39539893457724173	0.27433783531399053	0.7605464891889542	0.32215425193400493	0.39539893457724173	0.27433783531399053	0.7605464891889542	0.32215425193400493	0.24289031415071277	0.22563814404966076	0.9089249079216046	0.24097781992027184	0.21937903021587632	0.7743618559503392	1.0	0.1	1.0	0.1	0.1	0.4	0.5	8.0	0.1	1.2045102049072276	0.9671219945318189	2.3814436679063653	0.4669916982549422
eclipse.jdt.core-150655	1.3465735902799727	1.0	2.386294361119891	0.5239700176363429	0.3878357850268174	0.36597903138827015	0.660941190840643	0.1725279838649788	0.3878357850268174	0.36597903138827015	0.660941190840643	0.1725279838649788	0.25014115352177624	0.244644858082957	0.9089249079216046	0.24227021930311973	0.36655596349279096	0.755355141917043	0.9	0.5	0.9	0.1	0.2	0.5	0.3	8.0	0.1	1.4759570722994466	1.3833647815598595	2.8699321118262042	0.49406505112300303
eclipse.jdt.core-439431	1.8764053269347765	1.6931471805599454	3.302585092994046	0.9078742413177874	0.34667645775565714	0.3409688407097893	0.49117122447458794	0.14172718055453176	0.34667645775565714	0.3409688407097893	0.49117122447458794	0.14172718055453176	0.2960500323843666	0.3233085720684149	0.9089249079216046	0.2361927938395415	0.3532040715906902	0.6766914279315851	0.8	0.2	0.8	0.2	0.0	1.0	0.0	10.0	0.0	1.1011086248254291	1.436679734184897	1.5373692074562828	0.6703191128689372
eclipse.jdt.core-277382	1.7011020309140574	1.0	3.3978952727983707	0.9345479536533359	0.37599683021068814	0.2889210737569532	0.7936736835661323	0.2877309474381799	0.37599683021068814	0.2889210737569532	0.7936736835661323	0.2877309474381799	0.3117092367139638	0.3418493746140133	0.9089249079216046	0.23163877028538046	0.3346055804471238	0.6581506253859867	0.7777777777777778	0.0	0.7777777777777778	0.2222222222222222	0.0	0.8888888888888888	0.1111111111111111	9.0	0.0	0.8450087159564368	0.8040144426796936	1.8967815181370078	0.6650610486641546
eclipse.jdt.core-222080	1.199084385469784	1.0	2.09861228866811	0.40784351194573554	0.3929249950296441	0.3908525888588099	0.6083460272444652	0.15590207017824131	0.3929249950296441	0.3908525888588099	0.6083460272444652	0.15590207017824131	0.2883853302136759	0.2822655093847187	0.8032423003746476	0.2820855559669032	0.2761244839695591	0.7177344906152813	1.0	0.3	1.0	0.0	0.3	0.6	0.1	9.0	0.1	1.7680304789027987	1.5236050111133792	3.4911057927610605	0.7057934552182169
eclipse.jdt.core-442245	1.0	1.0	1.0	0.0	0.4165609394960176	0.379732203305569	0.7605464891889542	0.2879524976795924	0.4165609394960176	0.379732203305569	0.7605464891889542	0.2879524976795924	0.29413466054591464	0.2822655093847187	0.8032423003746476	0.27883389992046864	0.32645726911898826	0.7177344906152813	1.0	0.6666666666666666	1.0	0.0	0.5	0.5	0.0	6.0	0.0	1.4106091471499522	1.262162260847721	2.653377383390007	0.7203363483761561
eclipse.jdt.core-417669	1.3972567287934932	1.0	2.386294361119891	0.5790029313804321	0.34832880808205846	0.2996966311459357	0.5668930027862104	0.1309530602715444	0.34832880808205846	0.2996966311459357	0.5668930027862104	0.1309530602715444	0.255810562721517	0.27479161328271745	0.9089249079216046	0.24203486929512602	0.2487338684217996	0.7252083867172825	1.0	0.1	1.0	0.0	0.2	0.7	0.1	8.0	0.0	1.3505888374611175	1.4003996290770018	2.0436640706596685	0.4685704431631503
eclipse.jdt.core-405125	1.1155245300933243	1.0	1.6931471805599454	0.2829761515034443	0.48965621476224874	0.4487269835611504	0.7469835607605417	0.24216999046446963	0.48965621476224874	0.4487269835611504	0.7469835607605417	0.24216999046446963	0.24057745447266765	0.2236742190462755	0.9089249079216046	0.2410883892631576	0.20999018548965354	0.7763257809537245	1.0	0.3	1.0	0.0	0.7	0.1	0.2	6.0	0.0	2.2983883246421515	2.5848653967404065	3.921888708853514	0.9777737868089021
eclipse.jdt.core-455042	1.0	1.0	1.0	0.0	0.5675308761614402	0.5682824297240942	0.8403640012786583	0.2180667892354982	0.5675308761614402	0.5682824297240942	0.8403640012786583	0.2180667892354982	0.3016755217766289	0.28427126547037035	0.8032423003746476	0.2558526859635615	0.33855619974577206	0.7157287345296297	1.0	0.4	1.0	0.0	0.2	0.8	0.0	9.0	0.1	1.720414380820145	1.849925034891125	4.353329303364939	1.223105432782113
eclipse.jdt.core-405889	1.0	1.0	1.0	0.0	0.0	0.0	0.0	0.0	0.0	0.0	0.0	0.0	0.25728128135974476	0.2761290850580504	0.9089249079216046	0.2408108922337497	0.37800913615484477	0.7238709149419496	1.0	0.0	1.0	0.0	1.0	0.0	0.0	2.0	0.0	0.0	0.0	0.0	0.0
eclipse.jdt.core-424591	1.0	1.0	1.0	0.0	0.4953979464415939	0.4245823963903356	1.0	0.3420821299629817	0.4953979464415939	0.4245823963903356	1.0	0.3420821299629817	0.320875259521746	0.35534741374167167	0.8032423003746476	0.2565387140622783	0.323933841786044	0.6446525862583283	1.0	0.125	1.0	0.0	0.25	0.75	0.0	8.0	0.125	1.1815027494728825	1.1987841598087867	4.011233809189364	1.2312938733687162
eclipse.jdt.core-85384	1.5545177444479563	1.6931471805599454	1.6931471805599454	0.30998484282887173	0.3857337193744082	0.3503696725293088	0.649416624743956	0.1823028606994359	0.3857337193744082	0.3503696725293088	0.649416624743956	0.1823028606994359	0.33546009553579725	0.3619377816820267	0.8032423003746476	0.2545848429948286	0.29630510581714015	0.6380622183179733	1.0	0.6	1.0	0.0	0.0	0.1	0.9	5.0	0.0	2.107795321417716	1.2456791136069632	3.8965709008692246	1.232508539417665
eclipse.jdt.core-168331	1.1155245300933243	1.0	1.6931471805599454	0.2829761515034443	0.2919520293682664	0.2683113452370462	0.40141019167237263	0.06746258995834475	0.2919520293682664	0.2683113452370462	0.40141019167237263	0.06746258995834475	0.2487771149010514	0.2411473388416413	0.9089249079216046	0.24242500182213578	0.330936728291545	0.7588526611583587	0.8333333333333334	0.16666666666666666	0.8333333333333334	0.16666666666666666	0.0	1.0	0.0	6.0	0.0	1.2592572948061707	1.1750116462968523	2.263083842004549	0.42885010361699705
eclipse.jdt.core-393356	1.486891848297098	1.0	2.6094379124341005	0.6460877871897485	0.4478935732332448	0.44501184624070744	0.6807297567197331	0.1994007378736096	0.4478935732332448	0.44501184624070744	0.6807297567197331	0.1994007378736096	0.3094950060493856	0.3366613231684035	0.9089249079216046	0.231200777357293	0.35218416348266524	0.6633386768315965	0.9	0.3	0.9	0.1	0.1	0.9	0.0	9.0	0.0	1.6417368022508187	1.681906689247649	3.832032379731653	1.0273361391573292
eclipse.jdt.core-483467	1.657186921503473	1.6931471805599454	2.386294361119891	0.6043085661236441	0.39952752507055406	0.39952752507055406	0.5752203920449158	0.24846723528735445	0.39952752507055406	0.39952752507055406	0.5752203920449158	0.24846723528735445	0.27163741541758374	0.2905732689419185	0.9089249079216046	0.24015067428322875	0.24423621289741465	0.7094267310580815	1.0	0.125	1.0	0.0	0.125	0.875	0.0	8.0	0.125	1.0866958389414958	1.0866958389414958	1.0866958389414958	0.0
eclipse.jdt.core-474762	1.5257495372027783	1.0	2.791759469228055	0.7280379539971236	0.5773057495032643	0.5934426866022621	0.8403640012786583	0.24473723972293648	0.5773057495032643	0.5934426866022621	0.8403640012786583	0.24473723972293648	0.2744039199028697	0.2958704415387622	0.9089249079216046	0.24006214991242472	0.3147255654563697	0.7041295584612378	1.0	0.1	1.0	0.1	0.1	0.9	0.0	10.0	0.0	1.3411729050277557	1.514272824884522	2.9220112608710935	0.950546426628624
eclipse.jdt.core-424075	1.0866433975699932	1.0	1.6931471805599454	0.2450645358671368	0.6447036770467224	0.644059879183928	1.0	0.28179682246721494	0.6447036770467224	0.644059879183928	1.0	0.28179682246721494	0.24230384799041516	0.22407831782258342	0.9089249079216046	0.24035313339981015	0.3753815632340403	0.7759216821774166	0.9	0.2	0.9	0.1	0.2	0.8	0.0	8.0	0.0	2.01781531384119	1.8511176059682473	5.593020190292955	1.9499198854764905
eclipse.jdt.core-430987	1.198042051588556	1.0	1.6931471805599454	0.33822119203626044	0.4381717579116353	0.4939795947732436	0.5668930027862104	0.1386121067163099	0.4381717579116353	0.4939795947732436	0.5668930027862104	0.1386121067163099	0.24259734890909895	0.22563814404966076	0.9089249079216046	0.24075215338037106	0.3205314804070124	0.7743618559503392	1.0	0.8	1.0	0.0	0.0	0.9	0.1	6.0	0.0	2.1887289387466	2.156429665105503	4.464554938475164	0.7696687562239483
eclipse.jdt.core-252556	1.1732867951399863	1.0	1.6931471805599454	0.3208647959315357	0.38715575623195164	0.4284519514410195	0.5542269942784451	0.1380862113422631	0.38715575623195164	0.4284519514410195	0.5542269942784451	0.1380862113422631	0.33992068508693074	0.3637657155991297	0.8032423003746476	0.24871381190425224	0.3342170269639465	0.6362342844008704	0.7	0.3	0.7	0.4	0.3	0.5	0.2	7.0	0.1	1.538122698632329	1.4313294307790843	3.5850376125952637	0.6791758869135566
eclipse.jdt.core-409236	1.1155245300933243	1.0	1.6931471805599454	0.28297615150344435	0.4989585489953916	0.47087517901004894	0.8403640012786583	0.29539895798453875	0.4989585489953916	0.47087517901004894	0.8403640012786583	0.29539895798453875	0.3355287593374733	0.35534741374167167	0.8032423003746476	0.24298284022366456	0.3427563168924561	0.6446525862583283	1.0	0.1	1.0	0.0	0.3	0.5	0.2	6.0	0.4	2.159965615685592	1.9698921137417988	7.29776828253138	1.5650416501059097
eclipse.jdt.core-181393	1.2599301927099795	1.0	1.6931471805599454	0.35873774764475586	0.294558893186247	0.294558893186247	0.294558893186247	0.0	0.294558893186247	0.294558893186247	0.294558893186247	0.0	0.24508958539093995	0.23462239140418337	0.9089249079216046	0.24192048675322064	0.3429718179472249	0.7653776085958166	1.0	0.0	1.0	0.0	0.2	0.7	0.1	8.0	0.1	0.0	0.0	0.0	0.0
eclipse.jdt.core-409245	1.4301334456564323	1.6931471805599454	2.09861228866811	0.42773063761480096	0.41674478745954946	0.35466754126371625	0.8403640012786583	0.28803813693161634	0.41674478745954946	0.35466754126371625	0.8403640012786583	0.28803813693161634	0.33588162127232973	0.34945358912749613	0.8032423003746476	0.23568233119246035	0.3517147921271532	0.6505464108725039	0.8	0.2	0.8	0.2	0.1	0.3	0.6	8.0	0.1	1.6378416413899348	1.2893902859548183	4.855421247162176	1.106562707448496
eclipse.jdt.core-380313	1.0	1.0	1.0	0.0	0.08481335883801228	0.08481335883801228	0.08644632261433345	0.0023093595193374008	0.08481335883801228	0.08481335883801228	0.08644632261433345	0.0023093595193374008	0.33234602525893675	0.34832219853657276	0.8032423003746476	0.23694469048399883	0.34511280906839925	0.6516778014634272	1.0	0.0	1.0	0.0	0.25	0.75	0.0	4.0	0.0	0.7095934258005988	0.7095934258005988	0.7095934258005988	0.0
eclipse.jdt.core-413083	1.0	1.0	1.0	0.0	0.39414974050462875	0.3593463021188233	0.660941190840643	0.19444362011828517	0.39414974050462875	0.3593463021188233	0.660941190840643	0.19444362011828517	0.33182226019249045	0.34832219853657276	0.8032423003746476	0.2355403051681631	0.34665172484001644	0.6516778014634272	0.7	0.3	0.7	0.3	0.9	0.1	0.0	5.0	0.0	1.969341533321054	1.7506396179205557	5.73962366448483	0.9493976762952265
eclipse.jdt.core-399769	1.3106133312235002	1.0	2.386294361119891	0.5802605183653424	0.3285058504018976	0.34915169054576733	0.473224941305921	0.13629553519804627	0.3285058504018976	0.34915169054576733	0.473224941305921	0.13629553519804627	0.3404019664554029	0.35534741374167167	0.9089249079216046	0.2373990824917856	0.3107652763903676	0.6446525862583283	0.875	0.125	0.875	0.125	0.25	0.625	0.125	8.0	0.0	1.3633611183652017	1.3584848166779715	2.535136577068729	0.5223292500670471
eclipse.jdt.core-415911	1.4158883083359672	1.6931471805599454	1.6931471805599454	0.35793966490390583	0.1582291617955979	0.1487726707063794	0.2238346580961923	0.04750709147329588	0.1582291617955979	0.1487726707063794	0.2238346580961923	0.04750709147329588	0.25402303796196735	0.26507233265667274	0.9089249079216046	0.2408888880510072	0.2915595869054843	0.7349276673433273	1.0	0.0	1.0	0.0	0.3	0.7	0.0	8.0	0.3	0.7329396557277124	0.7654112861704434	0.991858025702402	0.1530998952152174
eclipse.jdt.core-420004	1.1732867951399863	1.0	1.6931471805599454	0.3208647959315357	0.4162122944803799	0.2052034332437827	0.9201819031845418	0.36480791648668576	0.4162122944803799	0.2052034332437827	0.9201819031845418	0.36480791648668576	0.32951760369799976	0.3391065149229646	0.9089249079216046	0.24122304832620026	0.2904687215497611	0.6608934850770354	0.9	0.1	0.9	0.1	0.3	0.5	0.2	8.0	0.3	0.8328207416032337	0.8616179141619522	1.4701604577628327	0.39194197434767863
eclipse.jdt.core-421796	1.5705435239334795	1.6931471805599454	2.386294361119891	0.5299542778958158	0.2695908645077291	0.20428818267575471	0.7348511284126118	0.24242361253606787	0.2695908645077291	0.20428818267575471	0.7348511284126118	0.24242361253606787	0.24278889714084134	0.23064305716491565	0.9089249079216046	0.24053352660384442	0.3749658900524049	0.7693569428350844	1.0	0.1	1.0	0.0	0.2	0.6	0.2	8.0	0.1	0.9441811479824145	0.7976053726735812	2.48761851585675	0.8440576699870055
eclipse.jdt.core-467618	1.1732867951399863	1.0	2.386294361119891	0.49012907173427367	0.5367987473887773	0.5472464443845282	0.6737488170472423	0.09998448086446021	0.5367987473887773	0.5472464443845282	0.6737488170472423	0.09998448086446021	0.3266954084105733	0.3319949226753265	0.9089249079216046	0.23658991268512797	0.41873940161057094	0.6680050773246735	0.8	0.3	0.8	0.2	0.3	0.6	0.1	8.0	0.0	1.797849750208415	1.911108940722858	5.425966105629788	1.0699865782481783
eclipse.jdt.core-217002	1.2772588722239782	1.0	1.6931471805599454	0.35793966490390583	0.4847983516698275	0.3876396758903359	0.9201819031845418	0.2492401277521579	0.4847983516698275	0.3876396758903359	0.9201819031845418	0.2492401277521579	0.24231410945446605	0.2240765579570786	0.9089249079216046	0.24125834363792706	0.38829089898093494	0.7759234420429214	0.9	0.2	0.9	0.1	0.0	0.8	0.2	10.0	0.2	1.6527115440206215	1.9161484433065097	3.154633556139847	1.0239158322031192
eclipse.jdt.core-431275	1.4158883083359672	1.0	3.0794415416798357	0.6696437956035441	0.5161162442647288	0.5705901415253707	0.660941190840643	0.17549884770052326	0.5161162442647288	0.5705901415253707	0.660941190840643	0.17549884770052326	0.3165611911375934	0.34832219853657276	0.9089249079216046	0.22860751728155532	0.3826220985898161	0.6516778014634272	1.0	0.1	1.0	0.0	0.0	0.9	0.1	10.0	0.1	1.3312931192292736	1.342374410189394	2.906410320428614	0.9772904161783275
eclipse.jdt.core-426678	1.2310490601866484	1.0	1.6931471805599454	0.3465735902799727	0.3725225624669633	0.26994312099855977	0.7238760269481784	0.2574837969800737	0.3725225624669633	0.26994312099855977	0.7238760269481784	0.2574837969800737	0.3257920995976787	0.3319949226753265	0.9089249079216046	0.23333415437845875	0.3114212807973009	0.6680050773246735	1.0	0.4	1.0	0.0	0.1	0.7	0.2	9.0	0.0	1.206255821106113	0.9392343370990452	6.2861673708529	1.1387589193333034
eclipse.jdt.core-485302	1.0	1.0	1.0	0.0	0.24741160236847812	0.24741160236847812	0.24741160236847812	0.0	0.24741160236847812	0.24741160236847812	0.24741160236847812	0.0	0.32800312595878034	0.3401585606059496	0.9089249079216046	0.23379114088522626	0.2696544419351853	0.6598414393940504	1.0	0.0	1.0	0.0	1.0	0.0	0.0	2.0	0.0	0.0	0.0	0.0	0.0
eclipse.jdt.core-88757	1.3531170922608828	1.0	2.791759469228055	0.7079891351232181	0.3138473091224366	0.31664989426458967	0.620478069795349	0.1619758583501904	0.3138473091224366	0.31664989426458967	0.620478069795349	0.1619758583501904	0.2405921770144882	0.22222883167899724	0.9089249079216046	0.24143290068369178	0.20879952784295958	0.7777711683210028	1.0	0.3	1.0	0.0	0.0	0.8	0.2	9.0	0.1	1.3685849552278402	1.248613205118014	3.096813985251021	0.5549616849913481
eclipse.jdt.core-29621	1.3850817669777475	1.0	2.386294361119891	0.6112983539090667	0.4584470415049815	0.3743586056506806	0.8146684455957106	0.2523194461340707	0.4584470415049815	0.3743586056506806	0.8146684455957106	0.2523194461340707	0.31850827034316037	0.32774503797861376	0.9089249079216046	0.23649211851461807	0.38242692940025086	0.6722549620213862	0.9	0.2	0.9	0.1	0.3	0.7	0.0	8.0	0.2	1.8205076814144656	1.8439767700774872	2.383276848988026	0.5107323741312219
eclipse.jdt.core-162740	1.3465735902799727	1.3465735902799727	1.6931471805599454	0.3796523464637884	0.30408013597872324	0.23905268155275383	0.6550347857476941	0.27507599129864707	0.30408013597872324	0.23905268155275383	0.6550347857476941	0.27507599129864707	0.31731442329040194	0.32559924464787104	0.9089249079216046	0.23606788833879272	0.29611692205921414	0.674400755352129	0.8333333333333334	0.0	0.8333333333333334	0.16666666666666666	0.16666666666666666	0.8333333333333334	0.0	6.0	0.0	0.8027537708338295	0.6879884559010667	1.5037389300274007	0.3478285724850247
eclipse.jdt.core-460465	1.2878231366242558	1.0	2.6094379124341005	0.5865158802001427	0.41266791678706916	0.3117503937000413	0.7348511284126118	0.21504216394610448	0.41266791678706916	0.3117503937000413	0.7348511284126118	0.21504216394610448	0.23966299931648913	0.21846913483843894	0.9089249079216046	0.24067589920536508	0.2842176448971042	0.7815308651615611	0.7	0.2	0.7	0.2	0.3	0.4	0.3	8.0	0.1	2.0621833477876135	1.8435161143625833	6.381477550657225	1.2585090462506188
eclipse.jdt.core-476859	1.2310490601866484	1.0	1.6931471805599454	0.3465735902799727	0.4117927253184152	0.458744695396678	0.6550347857476941	0.1740480373295318	0.4117927253184152	0.458744695396678	0.6550347857476941	0.1740480373295318	0.3200783266716262	0.32774503797861376	0.9089249079216046	0.23452030203369298	0.2905792751851632	0.6722549620213862	0.8888888888888888	0.2222222222222222	0.8888888888888888	0.1111111111111111	0.5555555555555556	0.2222222222222222	0.2222222222222222	9.0	0.0	1.2517085957112477	1.3490807647794563	2.233065767164848	0.5151510583884532
eclipse.jdt.core-15036	2.4116293035142027	2.6094379124341005	3.4849066497880004	0.7963347949653111	0.2978375231250914	0.2978375231250914	0.3298628214568202	0.045290611239775354	0.2978375231250914	0.2978375231250914	0.3298628214568202	0.045290611239775354	0.2607688633526211	0.2826728549515161	0.9089249079216046	0.2408981483954731	0.3571547095427997	0.7173271450484839	0.8888888888888888	0.0	0.8888888888888888	0.2222222222222222	0.0	0.6666666666666666	0.3333333333333333	9.0	0.0	0.8047408789365921	0.8047408789365921	0.8047408789365921	0.0
eclipse.jdt.core-464570	2.08434948110276	1.6931471805599454	3.995732273553991	0.95937526898333	0.6905951582182792	0.7238760269481784	0.8734913905634314	0.20160752349389355	0.6905951582182792	0.7238760269481784	0.8734913905634314	0.20160752349389355	0.2798274078846037	0.3026710434819402	0.9089249079216046	0.2391317643177944	0.40222846908428345	0.6973289565180598	1.0	0.2	1.0	0.0	0.0	0.9	0.1	10.0	0.0	0.0	0.0	0.0	0.0
eclipse.jdt.core-401848	1.0	1.0	1.0	0.0	0.41170658389421716	0.46520242194008227	0.649416624743956	0.22217334684667198	0.41170658389421716	0.46520242194008227	0.649416624743956	0.22217334684667198	0.31621070225545916	0.32774503797861376	0.9089249079216046	0.23428981693404907	0.40532110625754614	0.6722549620213862	1.0	0.3	1.0	0.0	0.5	0.5	0.0	8.0	0.1	1.0434391536689767	0.9411778926558252	1.9506607518139112	0.40848396497934475
eclipse.jdt.core-488888	1.5480638923341992	1.0	3.302585092994046	0.8101695186178194	0.40375207782296973	0.24560662263237937	0.775922895311158	0.28435194744389536	0.40375207782296973	0.24560662263237937	0.775922895311158	0.28435194744389536	0.269090364215241	0.2882360299098131	0.9089249079216046	0.2398783014231948	0.317912889192867	0.7117639700901869	0.9	0.2	0.9	0.1	0.0	1.0	0.0	10.0	0.1	0.9940700877600246	0.9818101587439094	1.5057078721986281	0.37772037303670486
eclipse.jdt.core-434630	1.3960841031771116	1.6931471805599454	1.6931471805599454	0.37050275260909293	0.30340494971913873	0.21407911404664962	0.5364775702657973	0.16887465058038423	0.30340494971913873	0.21407911404664962	0.5364775702657973	0.16887465058038423	0.32043229608375856	0.32989083130935654	0.9089249079216046	0.23308729907494546	0.3358709213441017	0.6701091686906435	1.0	0.1	1.0	0.0	0.3	0.4	0.3	7.0	0.3	1.2273322325433187	1.0119850800401038	3.039794296527477	0.5541634247956342
eclipse.jdt.core-79809	1.3178053830347947	1.0	2.386294361119891	0.5374023338187616	0.3717579769953599	0.43431713328232235	0.5696024259319487	0.18322745237645086	0.3717579769953599	0.43431713328232235	0.5696024259319487	0.18322745237645086	0.23962460023567111	0.2190915191667816	0.9089249079216046	0.2409141455194037	0.26290791161194277	0.7809084808332184	1.0	0.4	1.0	0.0	0.2	0.7	0.1	9.0	0.1	1.03399082028269	0.9661552288566456	2.672795469247109	0.6909319287943709
eclipse.jdt.core-176320	1.0866433975699932	1.0	1.6931471805599454	0.2450645358671368	0.5145296416953903	0.5451615789328818	0.775922895311158	0.25500868543774147	0.5145296416953903	0.5451615789328818	0.775922895311158	0.25500868543774147	0.315878411207087	0.32461860781568985	0.9089249079216046	0.23139233302098663	0.452551300963121	0.6753813921843101	1.0	0.5	1.0	0.0	0.0	0.9	0.1	8.0	0.0	1.3767509980761903	1.2606218164787995	5.316766813664796	1.177659535839982
eclipse.jdt.core-124099	0.0	0.0	0.0	0.0	0.0	0.0	0.0	0.0	0.0	0.0	0.0	0.0	0.24879815703076338	0.24312395088991018	0.9089249079216046	0.24262860122836544	0.0	0.7568760491100899	0.0	0.0	0.0	0.0	NaN	NaN	NaN	0.0	0.0	0.0	0.0	0.0	0.0
eclipse.jdt.core-126914	1.1373265360835139	1.0	2.09861228866811	0.3884180996060467	0.3169865320660085	0.2768245247209624	0.6045703608029755	0.17973401846539216	0.3169865320660085	0.2768245247209624	0.6045703608029755	0.17973401846539216	0.2492226150258795	0.2411473388416413	0.9089249079216046	0.2431152384236312	0.32082020013315476	0.7588526611583587	0.9	0.3	0.9	0.1	0.0	0.8	0.2	8.0	0.2	1.4369870330365222	1.3199206159275734	3.778787865212841	1.1426533190776218
eclipse.jdt.core-435397	1.4787491742782046	1.0	2.6094379124341005	0.6589129689338677	0.46698236127067944	0.4156071939617746	0.8403640012786583	0.2319955802262884	0.46698236127067944	0.4156071939617746	0.8403640012786583	0.2319955802262884	0.23975364617371012	0.2206601754228894	0.9089249079216046	0.24052710623417697	0.27383148510224276	0.7793398245771106	0.8	0.1	0.8	0.2	0.0	1.0	0.0	10.0	0.0	1.582887152973247	1.6566980214180447	2.831860163876796	0.8034134697223325
eclipse.jdt.core-373953	1.9506304124427003	1.8958797346140277	2.6094379124341005	0.6206845721046377	0.16117858538955446	0.16434919985209379	0.22658247227541348	0.0624442981798616	0.16117858538955446	0.16434919985209379	0.22658247227541348	0.0624442981798616	0.32480805091766507	0.32989083130935654	0.9089249079216046	0.23392982540283505	0.28787538829013437	0.6701091686906435	1.0	0.0	1.0	0.16666666666666666	0.0	0.16666666666666666	0.8333333333333334	6.0	0.0	0.7072957082997938	0.6732601912362708	0.9947310882781663	0.1924606386516386
eclipse.jdt.core-426434	1.1569446126668728	1.0	2.09861228866811	0.41523641472790324	0.44080178590582514	0.34900321790677546	0.7936736835661323	0.22868614901806897	0.44080178590582514	0.34900321790677546	0.7936736835661323	0.22868614901806897	0.25608838408841006	0.27479161328271745	0.9089249079216046	0.2424122687068619	0.3890808713130062	0.7252083867172825	1.0	0.1	1.0	0.0	0.1	0.8	0.1	7.0	0.1	1.7842202358064327	1.6405750824923495	3.896570900869224	0.8162362820646488
eclipse.jdt.core-429763	1.0866433975699932	1.0	1.6931471805599454	0.2450645358671368	0.31278394121906056	0.2658122247933626	0.40141019167237263	0.07654337480504246	0.31278394121906056	0.2658122247933626	0.40141019167237263	0.07654337480504246	0.24312650323145443	0.22736068749374955	0.9089249079216046	0.24093994403850938	0.3305041002534062	0.7726393125062505	1.0	0.1	1.0	0.0	0.4	0.6	0.0	8.0	0.3	1.4985314513719992	1.3365567785944186	3.3957956129567353	0.5827981092571036
eclipse.jdt.core-399567	1.3871201010907892	1.3465735902799727	2.09861228866811	0.42558995521249493	0.3735981649055558	0.3609477075286134	0.6389413001069092	0.1633664676448101	0.3735981649055558	0.3609477075286134	0.6389413001069092	0.1633664676448101	0.2591063842448314	0.28195098485882064	0.9089249079216046	0.24100911050255316	0.28573623167370826	0.7180490151411794	1.0	0.3	1.0	0.0	0.0	0.9	0.1	10.0	0.2	1.4649265575664858	1.427216664088709	2.6512762269813823	0.6124414737252781
eclipse.jdt.core-180169	1.154032706791099	1.0	1.6931471805599454	0.30564917695453336	0.4847555066327241	0.465960669163601	0.6671670231939673	0.11714762577421957	0.4847555066327241	0.465960669163601	0.6671670231939673	0.11714762577421957	0.32457046275661255	0.3316860083844936	0.9089249079216046	0.2307981627032647	0.39972382686039976	0.6683139916155064	1.0	0.3	1.0	0.0	0.3	0.5	0.2	9.0	0.0	2.1037764426106875	1.952225698318375	4.5731887794779595	0.7050379971579898
eclipse.jdt.core-65738	1.0	1.0	1.0	0.0	0.33213169239610196	0.33213169239610196	0.3753423110352508	0.06110904291801588	0.33213169239610196	0.33213169239610196	0.3753423110352508	0.06110904291801588	0.3256768164355507	0.3319949226753265	0.9089249079216046	0.23066151923062125	0.38938691728927505	0.6680050773246735	1.0	0.0	1.0	0.0	0.6666666666666666	0.3333333333333333	0.0	3.0	0.0	1.819443804458602	1.819443804458602	1.819443804458602	0.0
eclipse.jdt.core-403147	1.3465735902799727	1.3465735902799727	1.6931471805599454	0.37050275260909293	0.4212353378424603	0.4566201140113923	0.6961059679383006	0.2095827840696695	0.4212353378424603	0.4566201140113923	0.6961059679383006	0.2095827840696695	0.32506162961862867	0.334328122921865	0.9089249079216046	0.22918088566182873	0.41234131653085593	0.665671877078135	1.0	0.3	1.0	0.0	0.1	0.4	0.5	7.0	0.0	2.1291088143176657	1.638031148981365	4.899873009733009	1.0651541777915583
eclipse.jdt.core-176591	1.1732867951399863	1.0	1.6931471805599454	0.3208647959315357	0.35508089340772053	0.4025310502419924	0.4939795947732436	0.1638983888250169	0.35508089340772053	0.4025310502419924	0.4939795947732436	0.1638983888250169	0.2459242846157844	0.23758798863791902	0.9089249079216046	0.24182710977790947	0.38330315982832974	0.7624120113620809	0.9	0.3	0.9	0.1	0.3	0.6	0.1	7.0	0.4	1.3658013102262059	1.0119850800401038	2.4809044614370035	0.6746650083336315
eclipse.jdt.core-456395	1.3960841031771116	1.6931471805599454	1.6931471805599454	0.37050275260909293	0.2791324902820607	0.2791324902820607	0.40141019167237263	0.17292678368198655	0.2791324902820607	0.2791324902820607	0.40141019167237263	0.17292678368198655	0.2399124096819406	0.22222883167899724	0.9089249079216046	0.24109975109246767	0.3265335678547918	0.7777711683210028	1.0	0.2857142857142857	1.0	0.0	0.2857142857142857	0.5714285714285714	0.14285714285714285	7.0	0.0	1.0286100834924947	1.0286100834924947	1.0286100834924947	0.0
eclipse.jdt.core-427218	1.0990210257942779	1.0	1.6931471805599454	0.2619850088181714	0.3026479550389218	0.26994312099855977	0.47087517901004894	0.13532174587403697	0.3026479550389218	0.26994312099855977	0.47087517901004894	0.13532174587403697	0.32556949769456994	0.3366613231684035	0.9089249079216046	0.22868472077162208	0.33149460393025204	0.6633386768315965	1.0	0.14285714285714285	1.0	0.0	0.42857142857142855	0.5714285714285714	0.0	6.0	0.14285714285714285	1.4562168642963171	1.2670830222701166	2.4118462326087653	0.48290273770045644
eclipse.jdt.core-412882	1.402535169073515	1.0	2.9459101490553135	0.7124672120625035	0.42352940172270664	0.41206470547921814	0.5696024259319487	0.14069145251102694	0.42352940172270664	0.41206470547921814	0.5696024259319487	0.14069145251102694	0.2546043263783563	0.26732132215979926	0.9089249079216046	0.2408572375720896	0.3537901655069266	0.7326786778402008	0.8	0.1	0.8	0.2	0.0	0.9	0.1	10.0	0.0	0.9429543988162409	1.0398360593713145	1.6322070206953765	0.7424494403451054
eclipse.jdt.core-391376	1.0	1.0	1.0	0.0	0.44314755740071704	0.5324370733810675	0.6009145834439743	0.16858258167068665	0.44314755740071704	0.5324370733810675	0.6009145834439743	0.16858258167068665	0.3270408329345171	0.34339617463198285	0.9089249079216046	0.22656239107888423	0.28807508126399495	0.6566038253680171	0.9	0.2	0.9	0.1	0.2	0.8	0.0	8.0	0.3	1.7696046856544674	1.7175668696465332	4.695078597086996	1.092200630556273
eclipse.jdt.core-427216	1.3871201010907892	1.0	2.386294361119891	0.5365576822710121	0.44443241128147754	0.4245823963903356	1.0	0.3106280490824691	0.44443241128147754	0.4245823963903356	1.0	0.3106280490824691	0.2995634697850829	0.3252802311588237	0.9089249079216046	0.23504166396541712	0.3662529355441766	0.6747197688411763	0.9	0.3	0.9	0.1	0.1	0.9	0.0	10.0	0.0	1.153101487452066	0.7174759460128682	3.9745324423389365	1.2165983291376896
eclipse.jdt.core-412639	2.6227438807467958	2.386294361119891	4.761200115693562	1.4009885793238963	0.3135323997022714	0.1861600626639649	0.7936736835661323	0.3307154316130525	0.3135323997022714	0.1861600626639649	0.7936736835661323	0.3307154316130525	0.30660162499246063	0.3313770940936607	0.9089249079216046	0.2344158707961374	0.40249735291352173	0.6686229059063393	0.7	0.1	0.7	0.5	0.0	1.0	0.0	9.0	0.0	0.5355560115341703	0.5704905545980319	0.8773662711300914	0.26539214431488484
eclipse.jdt.core-478427	1.2484906649788001	1.0	3.4849066497880004	0.7857964786228445	0.44109751636600936	0.32910691969600825	0.8403640012786583	0.2679204113190166	0.44109751636600936	0.32910691969600825	0.8403640012786583	0.2679204113190166	0.2504285015321998	0.2553776489690567	0.9089249079216046	0.2423334851424127	0.3673219319894182	0.7446223510309433	1.0	0.2	1.0	0.0	0.1	0.8	0.1	10.0	0.0	1.0101832428644768	1.1484094131902265	2.1724215920117986	0.8799648305185507
eclipse.jdt.core-432603	1.1732867951399863	1.0	1.6931471805599454	0.3208647959315357	0.3590297764471084	0.35902977644710843	0.5075409641374938	0.21002653579587935	0.3590297764471084	0.35902977644710843	0.5075409641374938	0.21002653579587935	0.24064637257593685	0.2236742190462755	0.9089249079216046	0.24071504402518337	0.3651825103057424	0.7763257809537245	0.7	0.2	0.7	0.3	0.0	0.9	0.1	8.0	0.1	1.4210834729977158	1.4210834729977158	1.4210834729977158	0.0
eclipse.jdt.core-422107	1.4839001263634863	1.3465735902799727	2.791759469228055	0.630021131047684	0.33742095319140325	0.22302297459916332	0.6083460272444652	0.24612992619311266	0.33742095319140325	0.22302297459916332	0.6083460272444652	0.24612992619311266	0.24042310608631973	0.2236742190462755	0.9089249079216046	0.2410312460451631	0.3646623393680532	0.7763257809537245	1.0	0.3	1.0	0.0	0.1	0.5	0.4	8.0	0.0	1.644312724847111	1.290579792815787	5.282865261989115	1.2847273481488568
eclipse.jdt.core-413913	1.0	1.0	1.0	0.0	0.0	0.0	0.0	0.0	0.0	0.0	0.0	0.0	0.3315475931574795	0.3500144157642642	0.9089249079216046	0.2255655096722982	0.25068553462730514	0.6499855842357358	1.0	0.3	1.0	0.0	1.0	0.0	0.0	2.0	0.0	0.0	0.0	0.0	0.0
eclipse.jdt.core-369381	1.0	1.0	1.0	0.0	0.40403698716506165	0.43516678325955055	0.5364775702657973	0.1531851493754299	0.40403698716506165	0.43516678325955055	0.5364775702657973	0.1531851493754299	0.33207924144598766	0.35335424238136315	0.9089249079216046	0.22455847072992738	0.4270081155315598	0.6466457576186369	0.9	0.4	0.9	0.1	1.0	0.0	0.0	6.0	0.0	2.139214246221442	1.9114400386606296	4.658710952916121	0.9258650523480733
eclipse.jdt.core-165346	1.0	1.0	1.0	0.0	0.5250033523334678	0.43180517921669836	0.9201819031845418	0.35780171538270433	0.5250033523334678	0.43180517921669836	0.9201819031845418	0.35780171538270433	0.24753170054790904	0.24080191132075765	0.9089249079216046	0.24202792353364488	0.3644490916027613	0.7591980886792423	0.6666666666666666	0.16666666666666666	0.6666666666666666	0.3333333333333333	0.3333333333333333	0.6666666666666666	0.0	6.0	0.0	1.9179246349475625	1.4551764592824075	3.0564415299606336	0.9917207158168968
eclipse.jdt.core-327143	1.2761007388653334	1.0	2.09861228866811	0.43037344635664077	0.5235510620239991	0.5696024259319487	0.775922895311158	0.17108027285969593	0.5235510620239991	0.5696024259319487	0.775922895311158	0.17108027285969593	0.24057390571102688	0.2236742190462755	0.9089249079216046	0.24014445952079902	0.4019391681933018	0.7763257809537245	1.0	0.2	1.0	0.0	0.0	1.0	0.0	9.0	0.2	2.0861507268469515	2.0720216088181784	3.7714077579152185	0.8957023763955294
eclipse.jdt.core-396258	1.519860385419959	1.6931471805599454	1.6931471805599454	0.3208647959315357	0.6150526351072774	0.7238760269481784	1.0	0.4493531821156409	0.6150526351072774	0.7238760269481784	1.0	0.4493531821156409	0.2585411681816368	0.2788827726954865	0.9089249079216046	0.2410843915482163	0.32273288980168985	0.7211172273045134	1.0	0.2	1.0	0.0	0.0	0.3	0.7	7.0	0.4	0.6998169386819671	1.0497254080229508	1.0497254080229508	0.6060592468972404
eclipse.jdt.core-126180	1.3465735902799727	1.3465735902799727	1.6931471805599454	0.3796523464637884	0.17289772130394854	0.15131247922878044	0.24172061661546254	0.048840030782799804	0.17289772130394854	0.15131247922878044	0.24172061661546254	0.048840030782799804	0.2497349170091237	0.24510056293817906	0.9089249079216046	0.24323403537790175	0.3813087721252777	0.7548994370618209	1.0	0.0	1.0	0.0	0.0	0.6666666666666666	0.3333333333333333	6.0	0.16666666666666666	0.8880583047902362	0.8452422974467491	1.1501616842112141	0.14596257955751255
eclipse.jdt.core-472815	1.0866433975699932	1.0	1.6931471805599454	0.24506453586713683	0.4266755905037422	0.44657365539704375	0.6961059679383006	0.1817505623477986	0.4266755905037422	0.44657365539704375	0.6961059679383006	0.1817505623477986	0.3330898425206594	0.3577910702671392	0.9089249079216046	0.22609859335123206	0.4618751229784722	0.6422089297328608	0.8	0.1	0.8	0.2	0.4	0.5	0.1	8.0	0.1	1.7700759125001129	1.4936106715685669	3.934792113689422	0.9255604163039284
eclipse.jdt.core-412650	1.0	1.0	1.0	0.0	0.29259148919032263	0.26934436267443224	0.5364775702657973	0.19148743044347769	0.29259148919032263	0.26934436267443224	0.5364775702657973	0.19148743044347769	0.33023382321057976	0.35557265632425117	0.9089249079216046	0.22757464299099417	0.33710204471981736	0.6444273436757488	0.8	0.3	0.8	0.2	0.4	0.6	0.0	6.0	0.3	0.979130176751253	0.8223355658272897	4.658710952916121	1.1115130813212155
eclipse.jdt.core-357110	1.0	1.0	1.0	0.0	0.36297354607681	0.3660898034046262	0.4998106159728179	0.1450215381744205	0.36297354607681	0.3660898034046262	0.4998106159728179	0.1450215381744205	0.32859448740247765	0.35557265632425117	0.9089249079216046	0.22709175305689505	0.2477560952407344	0.6444273436757488	0.7777777777777778	0.2222222222222222	0.7777777777777778	0.2222222222222222	0.2222222222222222	0.7777777777777778	0.0	9.0	0.1111111111111111	1.3251310498924325	1.2506304810176132	1.9957079297045086	0.38119150380960254
eclipse.jdt.core-479474	1.3211524175440184	1.0	2.09861228866811	0.4957445231535669	0.23390348586635856	0.2133333377449714	0.47087517901004894	0.14756571651129832	0.23390348586635856	0.2133333377449714	0.47087517901004894	0.14756571651129832	0.33047484841879166	0.3589504590160315	0.9089249079216046	0.22697809981099	0.3121450107132274	0.6410495409839685	1.0	0.2	1.0	0.0	0.0	0.7	0.3	9.0	0.1	0.8274900264186978	0.7299564894226558	2.025213464913367	0.37487854791245306
eclipse.jdt.core-90612	1.0	1.0	1.0	0.0	0.37679266736546935	0.3215120134666054	0.775922895311158	0.22416113346063166	0.37679266736546935	0.3215120134666054	0.775922895311158	0.22416113346063166	0.32721833267780864	0.35557265632425117	0.9089249079216046	0.22756540794941077	0.2427569593889292	0.6444273436757488	0.8	0.2	0.8	0.2	0.3	0.7	0.0	8.0	0.1	1.2540960259245921	1.0559204064948098	2.5081953735455094	0.589762755481547
eclipse.jdt.core-423409	1.3080654135821979	1.0	2.386294361119891	0.5035597521768237	0.41154334912545376	0.41417708759687794	0.556651172163195	0.12903362076204125	0.41154334912545376	0.41417708759687794	0.556651172163195	0.12903362076204125	0.3268375542189118	0.35335424238136315	0.9089249079216046	0.2272851630312925	0.3814172776611289	0.6466457576186369	1.0	0.6	1.0	0.0	0.0	0.8	0.2	9.0	0.1	1.55066815556853	1.5751100871800539	2.5081953735455094	0.5940669406787422
eclipse.jdt.core-193784	1.3850817669777475	1.0	2.386294361119891	0.5035597521768238	0.5316226002233515	0.5832763438578206	0.8734913905634314	0.4036673354326975	0.5316226002233515	0.5832763438578206	0.8734913905634314	0.4036673354326975	0.24246987899958158	0.2240765579570786	0.9089249079216046	0.24136720622639868	0.38085139832216	0.7759234420429214	0.7	0.0	0.7	0.4	0.2	0.8	0.0	9.0	0.2	0.7258078965658162	0.7350802396618644	2.1387129833168506	0.7811159907550159
eclipse.jdt.core-441338	1.7864461424447902	2.09861228866811	2.6094379124341005	0.6745336010226898	0.12128187837365363	0.12128187837365363	0.12128187837365363	0.0	0.12128187837365363	0.12128187837365363	0.12128187837365363	0.0	0.2390136657842851	0.21846913483843894	0.9089249079216046	0.2405235791082265	0.34475015946607623	0.7815308651615611	1.0	0.0	1.0	0.0	0.0	0.9	0.1	8.0	0.1	0.0	0.0	0.0	0.0
eclipse.jdt.core-471034	1.8283022165960001	1.6931471805599454	2.791759469228055	0.7361818709817882	0.1597872795322881	0.12902952063104198	0.22658247227541348	0.05790653738623247	0.1597872795322881	0.12902952063104198	0.22658247227541348	0.05790653738623247	0.2763878970661106	0.29769737324338374	0.9089249079216046	0.240638553189399	0.3042890914844896	0.7023026267566163	0.9	0.0	0.9	0.1	0.0	1.0	0.0	9.0	0.0	0.8994718774338103	0.7117464468325079	1.966257948627579	0.5259001100971448
eclipse.jdt.core-341499	1.3972567287934932	1.3465735902799727	2.09861228866811	0.4449405632848265	0.5639614898608014	0.5303553604941911	0.775922895311158	0.14751306569110254	0.5639614898608014	0.5303553604941911	0.775922895311158	0.14751306569110254	0.24074430542798114	0.22387450856892466	0.9089249079216046	0.23958797987271555	0.4662431173621399	0.7761254914310753	1.0	0.3	1.0	0.0	0.0	0.7	0.3	8.0	0.2	1.7534469648955275	2.0332908932000904	3.9927147614221266	1.1568102628314525
eclipse.jdt.core-403705	1.0	1.0	1.0	0.0	0.21148982299614727	0.21148982299614727	0.21148982299614727	0.0	0.21148982299614727	0.21148982299614727	0.21148982299614727	0.0	0.32810637543280263	0.35557265632425117	0.9089249079216046	0.22549440439434915	0.25806916390705953	0.6444273436757488	1.0	0.3333333333333333	1.0	0.0	0.3333333333333333	0.6666666666666666	0.0	2.0	0.0	0.0	0.0	0.0	0.0
