ecf-209410	1.2310490601866484	1.0	1.6931471805599454	0.3465735902799727	0.7639386368675553	0.8616033789950089	1.0	0.18142337543938017	0.7639386368675553	0.8616033789950089	1.0	0.18142337543938017	0.1787689749710571	0.09973646524431301	0.41115349772029786	0.15830880908346628	0.3095367778942325	0.900263534755687	0.9	0.3	0.9	0.0	0.2	0.6	0.1	10.0	0.0	0.2761125150638583	0.0	4.0292503311508066	0.8535656755309673
ecf-259072	1.2079441541679836	1.0	1.6931471805599454	0.33482189780177213	0.5684017280563551	0.5595423643388393	0.8616033789950089	0.2542860604509777	0.5684017280563551	0.5595423643388393	0.8616033789950089	0.2542860604509777	0.2589313938925773	0.23145236861360702	0.9597042741864882	0.23458065372005488	0.3519960721912546	0.768547631386393	0.7	0.1	0.7	0.4	0.1	0.6	0.3	9.0	0.1	0.7128335688850952	0.0	3.351851507559	1.1965530064164263
ecf-426497	1.6238324625039509	1.6931471805599454	1.6931471805599454	0.21919238442934136	0.2907014568513761	0.20977584099137966	0.7742856144405287	0.2710314217145859	0.2907014568513761	0.20977584099137966	0.7742856144405287	0.2710314217145859	0.2658698993224928	0.24394012422537664	0.9541357903523484	0.23286484293541512	0.2953322300291221	0.7560598757746233	0.9	0.2	0.9	0.1	0.0	0.1	0.9	10.0	0.3	0.2807188876848103	0.13971505652369048	1.8277734440760567	0.4967600387349843
ecf-303125	1.6643789733147674	1.3465735902799727	2.791759469228055	0.7485019835702343	0.4906066980665961	0.5191527543832	0.6358934891014116	0.12283442918176386	0.4906066980665961	0.5191527543832	0.6358934891014116	0.12283442918176386	0.300193644687301	0.30173699701043094	0.9541357903523484	0.22868551084156552	0.398606572085669	0.6982630029895691	0.9	0.3	0.9	0.1	0.2	0.6	0.2	9.0	0.0	1.2036244264597273	0.9758042015486401	3.6043472708857376	1.2348661212919148
ecf-198161	1.2772588722239782	1.0	1.6931471805599454	0.35793966490390583	0.6685349849089743	0.6268546942352602	1.0	0.18960878983509638	0.6685349849089743	0.6268546942352602	1.0	0.18960878983509638	0.34705929009761105	0.37029054626771124	0.9541357903523484	0.22647445691579723	0.314484390512109	0.6297094537322887	0.9	0.4	0.9	0.1	0.0	0.7	0.3	10.0	0.0	0.7381244224079793	0.0	4.6147668475183865	1.1086500811203204
ecf-266262	2.49378393732497	2.9356005054539454	3.302585092994046	0.8750685754197862	0.4618606047134128	0.3898108853032364	1.0	0.2172795157731958	0.4618606047134128	0.3898108853032364	1.0	0.2172795157731958	0.3006514208977479	0.30145305864595595	0.9541357903523484	0.2293580912078255	0.36050097325428654	0.698546941354044	1.0	0.3	1.0	0.0	0.1	0.9	0.0	10.0	0.0	1.3330493096202414	1.096441721701987	3.3110295130387453	1.215469813802795
ecf-476180	1.651025834052315	1.6931471805599454	2.9459101490553135	0.5923056617589096	0.5499472025635674	0.5451313354441313	0.8616033789950089	0.18853676471988295	0.5499472025635674	0.5451313354441313	0.8616033789950089	0.18853676471988295	0.26091672112685305	0.23336614467811007	0.9597042741864882	0.23437789549493235	0.2992176751152336	0.7666338553218899	0.8	0.2	0.8	0.2	0.0	0.7	0.3	10.0	0.1	0.8782018508456473	0.6432574401942542	3.351010110790809	0.8847451758167797
ecf-202772	1.0990210257942779	1.0	1.6931471805599454	0.26198500881817144	0.5976845949296673	0.5618392708171722	0.9126813362866741	0.16742813762560652	0.5976845949296673	0.5618392708171722	0.9126813362866741	0.16742813762560652	0.282531794181506	0.2774862911575545	0.9541357903523484	0.23201281844643173	0.3554030526986611	0.7225137088424455	0.7	0.2	0.7	0.0	0.2	0.4	0.1	9.0	0.0	0.5465403818275771	0.0	3.670305238677535	1.0093273484531322
ecf-329247	1.8317766166719345	1.6931471805599454	2.386294361119891	0.2922565125724551	0.22813256810822363	0.0881094046760945	0.5895730108767131	0.2774573805284063	0.22813256810822363	0.0881094046760945	0.5895730108767131	0.2774573805284063	0.2673583663384823	0.24454100487232022	0.9541357903523484	0.2332659237553588	0.3069693934085162	0.7554589951276798	1.0	0.0	1.0	0.0	0.0	0.0	1.0	10.0	0.2	0.166534235141939	0.02507294666979375	3.260221184713076	1.0089549626073164
ecf-280601	1.661182505843081	1.6931471805599454	2.386294361119891	0.5654059779946152	0.5493338373179787	0.5501624040018761	0.9126813362866741	0.32643395255291474	0.5493338373179787	0.5501624040018761	0.9126813362866741	0.32643395255291474	0.2618191183559842	0.2377206458564993	0.9541357903523484	0.23352918873630232	0.3459567854144805	0.7622793541435007	0.9	0.5	0.9	0.0	0.0	0.4	0.5	10.0	0.0	0.6815144290411697	0.5704632313673705	2.8717975424597633	0.8081770388018941
ecf-229921	1.0770163533955495	1.0	1.6931471805599454	0.23104906018664842	0.4677638126195444	0.4113887276637237	1.0	0.3179730471939236	0.4677638126195444	0.4113887276637237	1.0	0.3179730471939236	0.352087517821772	0.3705427654404383	0.9541357903523484	0.22823317083063935	0.3094454183587329	0.6294572345595617	0.9	0.2	0.9	0.0	0.4	0.5	0.0	10.0	0.0	0.9126888874135204	0.20935507483568594	3.836097493520279	1.2355754423769945
ecf-420897	2.1536641991587544	2.039720770839918	3.772588722239781	1.0261481965592805	0.49655195159386056	0.3615165594743937	0.9126813362866741	0.29620406587838216	0.49655195159386056	0.3615165594743937	0.9126813362866741	0.29620406587838216	0.2891551954889244	0.28713718061137006	0.9541357903523484	0.2286408302546086	0.35124515588524624	0.7128628193886299	0.8	0.0	0.8	0.3	0.1	0.8	0.1	9.0	0.2	1.3934748509081345	1.525649236926287	2.956538770914854	0.8029932918525551
ecf-204329	1.732118855673948	1.6931471805599454	2.9459101490553135	0.7462344035141544	0.5026629084745631	0.5426572733780687	0.7742856144405287	0.23100685501264176	0.5026629084745631	0.5426572733780687	0.7742856144405287	0.23100685501264176	0.26541393520620854	0.24454100487232022	0.9541357903523484	0.23233200693918316	0.2861356523143467	0.7554589951276798	0.9	0.5	0.9	0.1	0.0	0.6	0.4	10.0	0.1	0.3498732076266168	0.0	3.382623166225754	0.6672972735654424
ecf-282667	1.5662960480135948	1.6931471805599454	2.386294361119891	0.5343902942288967	0.5135003216263143	0.3898108853032364	1.0	0.25473096435206244	0.5135003216263143	0.3898108853032364	1.0	0.25473096435206244	0.27340209748695743	0.25065514535879385	0.9541357903523484	0.23425104873197924	0.32409989254471133	0.7493448546412061	1.0	0.3	1.0	0.1	0.0	0.5	0.5	10.0	0.1	0.6086886472356959	0.0	3.102784271234999	0.9040152115941242
ecf-265269	1.6761572768804056	1.6931471805599454	2.386294361119891	0.5177012597458438	0.7394642363524169	0.7380458071729002	1.0	0.21246054269841616	0.7394642363524169	0.7380458071729002	1.0	0.21246054269841616	0.27116149333145845	0.25071049971310627	0.9541357903523484	0.23335166257518866	0.2863805234140015	0.7492895002868938	0.8	0.2	0.8	0.2	0.0	0.7	0.3	10.0	0.0	0.14079248585622095	0.0	2.7764873626554385	0.5722264317487935
ecf-332852	1.1220680320742344	1.0	2.09861228866811	0.3662040962227034	0.42210066144569786	0.4081213105406606	0.6507302904313014	0.18318891321158037	0.42210066144569786	0.4081213105406606	0.6507302904313014	0.18318891321158037	0.26651181333366364	0.2433392435784331	0.9541357903523484	0.23350176495515437	0.29203408821927707	0.7566607564215669	0.8	0.1	0.8	0.1	0.5	0.3	0.1	10.0	0.1	0.904763795712596	0.7920587063689143	1.579813860811114	0.5926657639562793
ecf-198193	1.138629436111989	1.0	1.6931471805599454	0.2922565125724551	0.5814775765879394	0.5513644741814503	0.9126813362866741	0.1466635709020871	0.5814775765879394	0.5513644741814503	0.9126813362866741	0.1466635709020871	0.330473053202884	0.34155074401587016	0.9541357903523484	0.22455484363854653	0.32629171923238187	0.6584492559841298	0.9	0.2	0.9	0.1	0.1	0.7	0.2	10.0	0.0	0.6454784126530003	0.0	3.6294832441572797	0.8623408318571671
ecf-397877	1.3401197381662155	1.0	2.6094379124341005	0.5888668974119768	0.5669341031451948	0.5487771738842273	1.0	0.2955344219767922	0.5669341031451948	0.5487771738842273	1.0	0.2955344219767922	0.26769063177955343	0.24486185509797342	0.9541357903523484	0.23394665924122748	0.29019593177495395	0.7551381449020266	0.7	0.2	0.7	0.3	0.2	0.6	0.2	10.0	0.0	0.6090235119290377	0.00532010476303491	4.855928904335275	1.137888427573989
ecf-406064	1.3080654135821979	1.0	1.6931471805599454	0.36532064071556886	0.6355597856179244	0.6358934891014116	0.9126813362866741	0.26573392944487334	0.6355597856179244	0.6358934891014116	0.9126813362866741	0.26573392944487334	0.2671031490973671	0.24486185509797342	0.9541357903523484	0.23337661286320202	0.318632764759596	0.7551381449020266	0.8	0.1	0.8	0.1	0.2	0.3	0.4	10.0	0.0	0.8370174703801863	0.0	5.056599599797425	1.291743257513253
ecf-264242	1.4852030263919618	1.6931471805599454	2.386294361119891	0.4678386898000714	0.21527176382534513	0.09231300337164881	0.6588600714984729	0.2448427574632431	0.21527176382534513	0.09231300337164881	0.6588600714984729	0.2448427574632431	0.2584790637103816	0.23144931109251965	0.9597042741864882	0.23452106961984487	0.3064946456324698	0.7685506889074804	0.9	0.2	0.9	0.1	0.1	0.3	0.6	10.0	0.0	0.2178131379164209	0.060678181280335405	2.504553647171797	0.5159391294011991
ecf-419902	1.6461468176353717	1.6931471805599454	2.6094379124341005	0.44452276432202625	0.38336958939745625	0.3898108853032364	0.5996554800102895	0.14421805088796638	0.38336958939745625	0.3898108853032364	0.5996554800102895	0.14421805088796638	0.26637891614994297	0.24486185509797342	0.9541357903523484	0.23333848413192226	0.3520689232637079	0.7551381449020266	0.8	0.1	0.8	0.4	0.1	0.1	0.8	9.0	0.2	0.9838837148498983	0.7305551683646301	3.102784271234999	1.0393952713068368
ecf-192574	1.0	1.0	1.0	0.0	0.5999835424039347	0.5540624159817271	0.9126813362866741	0.2065750406315285	0.5999835424039347	0.5540624159817271	0.9126813362866741	0.2065750406315285	0.31558510685698377	0.31989533778514573	0.9541357903523484	0.22602251487840724	0.3953061631860153	0.6801046622148543	0.7	0.2	0.7	0.1	0.4	0.4	0.0	10.0	0.1	1.158291042214768	0.9393707437417371	3.7573166156671647	1.231509712375327
ecf-371768	1.1732867951399863	1.0	1.6931471805599454	0.3208647959315357	0.5474355461932892	0.6306741821364938	0.7972530959450946	0.24619007718193298	0.5474355461932892	0.6306741821364938	0.7972530959450946	0.24619007718193298	0.31039560675011635	0.314845455210214	0.9541357903523484	0.22622940785402088	0.32663369780964635	0.685154544789786	0.5	0.2	0.5	0.3	0.1	0.5	0.2	10.0	0.1	0.5826855063565581	0.0	5.133560640933554	1.3172751950401487
ecf-192573	1.0693147180559945	1.0	1.6931471805599454	0.21919238442934133	0.5699396987328195	0.580803532091551	0.7972530959450946	0.16429578387095678	0.5699396987328195	0.580803532091551	0.7972530959450946	0.16429578387095678	0.31008661848634334	0.3084945088442158	0.9541357903523484	0.22506302284181692	0.3235893080989123	0.6915054911557842	0.7	0.1	0.7	0.3	0.1	0.9	0.0	10.0	0.1	0.8228623864993837	0.41007422812742056	3.159479614911544	0.9919438866232652
ecf-327749	1.3871201010907892	1.3465735902799727	2.09861228866811	0.42558995521249493	0.6625546493410234	0.7380458071729002	1.0	0.2098140453622966	0.6625546493410234	0.7380458071729002	1.0	0.2098140453622966	0.2968311339694933	0.2957513188283329	0.9541357903523484	0.22882682506589705	0.3054029605527353	0.7042486811716671	0.9	0.6	0.9	0.1	0.0	0.9	0.1	10.0	0.1	1.2065935816442308	1.14974454547135	5.020231955626551	1.2876437932310256
ecf-328772	2.323546346515633	2.791759469228055	2.791759469228055	0.6593361685404656	0.1966302689934826	0.08476737099312306	0.8616033789950089	0.3063497388015753	0.1966302689934826	0.08476737099312306	0.8616033789950089	0.3063497388015753	0.2688180566786747	0.2459611062760797	0.9541357903523484	0.23331547982547954	0.28166585045644577	0.7540388937239203	1.0	0.1	1.0	0.0	0.0	0.1	0.9	9.0	0.3	0.20325047332732374	0.20858554805665747	1.034228537200414	0.26711557026769006
ecf-256580	1.4158883083359672	1.6931471805599454	1.6931471805599454	0.35793966490390583	0.3892161719104076	0.3515592172846941	1.0	0.3933372238278346	0.3892161719104076	0.3515592172846941	1.0	0.3933372238278346	0.27146023538499925	0.254855105122446	0.9541357903523484	0.2317299011541763	0.2909422855313501	0.745144894877554	0.9	0.2	0.9	0.2	0.2	0.2	0.6	10.0	0.1	-0.0965123997739639	0.02507294666979375	0.7768518142439622	0.5816620208968538
ecf-198731	1.2484906649788001	1.0	2.791759469228055	0.5843685009069896	0.7048572067526427	0.6588600714984729	1.0	0.14129628194058755	0.7048572067526427	0.6588600714984729	1.0	0.14129628194058755	0.30547302691175043	0.30361684033734176	0.9541357903523484	0.22351172422068058	0.399320018020174	0.6963831596626582	0.9	0.3	0.9	0.1	0.3	0.7	0.0	10.0	0.0	0.49569239784489066	0.0	4.768917527345645	1.2936094286705626
ecf-472661	1.138629436111989	1.0	1.6931471805599454	0.2922565125724551	0.6150611741036688	0.6290828284776582	1.0	0.26669767226407803	0.6150611741036688	0.6290828284776582	1.0	0.26669767226407803	0.2649210306583592	0.24180983077422358	0.9541357903523484	0.23271346801752005	0.29168190358424634	0.7581901692257764	1.0	0.4	1.0	0.0	0.3	0.5	0.2	10.0	0.0	0.5066984822605719	0.0	2.831976048273092	0.9411582333836559
ecf-339024	2.2635254280255657	2.386294361119891	3.302585092994046	0.5014179513079947	0.3526868901481862	0.3400106216853974	0.5595423643388393	0.109379722905471	0.3526868901481862	0.3400106216853974	0.5595423643388393	0.109379722905471	0.2852217473969519	0.28382947774007067	0.9541357903523484	0.23213077962160192	0.30613745242306406	0.7161705222599293	1.0	0.1	1.0	0.0	0.0	0.8	0.2	9.0	0.0	0.42105152621891007	0.23099222409286727	2.140865232053206	0.76727027185608
ecf-420433	1.199084385469784	1.0	2.09861228866811	0.4078435119457356	0.4495496990425543	0.3898108853032364	0.7972530959450946	0.24295883837277277	0.4495496990425543	0.3898108853032364	0.7972530959450946	0.24295883837277277	0.26624361572813987	0.24470142998514682	0.9541357903523484	0.2329512185579921	0.3485104819107559	0.7552985700148531	0.8	0.4	0.8	0.1	0.5	0.3	0.1	9.0	0.1	0.7113885884266027	0.6150324345388413	3.102784271234999	0.7568058068962701
ecf-227939	1.138629436111989	1.0	1.6931471805599454	0.2922565125724551	0.6462862508559206	0.6772600936385427	0.9126813362866741	0.23549004671211704	0.6462862508559206	0.6772600936385427	0.9126813362866741	0.23549004671211704	0.306819636203143	0.30173699701043094	0.9541357903523484	0.22389665965210426	0.3221889275490466	0.6982630029895691	1.0	0.4	1.0	0.0	0.0	0.8	0.2	10.0	0.0	0.8080373301396572	0.0	4.420610833077429	1.1098144066315259
ecf-252002	1.7099733285108574	1.6931471805599454	2.09861228866811	0.3668049179333321	0.48348636765572184	0.39590493602162596	0.8616033789950089	0.24181801922177482	0.48348636765572184	0.39590493602162596	0.8616033789950089	0.24181801922177482	0.305433797358344	0.301169120281481	0.9541357903523484	0.22447694703931187	0.32032045641614404	0.698830879718519	0.7	0.0	0.7	0.0	0.0	0.4	0.3	10.0	0.1	0.7562993534628574	0.5657764473799978	2.760474723076868	0.8627413565287961
ecf-331878	1.7677863500678213	1.6931471805599454	3.1972245773362196	0.7189412323542387	0.6101299582997876	0.5715477014927666	0.9126813362866741	0.1976345908590726	0.6101299582997876	0.5715477014927666	0.9126813362866741	0.1976345908590726	0.2958907387734638	0.2957513188283329	0.9541357903523484	0.22841129166609087	0.32758407258447053	0.7042486811716671	1.0	0.1	1.0	0.0	0.0	0.6	0.4	9.0	0.0	0.8387066618119363	0.0	3.727463652517484	1.3180202797313751
ecf-292972	1.2310490601866484	1.0	1.6931471805599454	0.3465735902799727	0.557992912512265	0.5610052128323872	0.9126813362866741	0.19596591206974753	0.557992912512265	0.5610052128323872	0.9126813362866741	0.19596591206974753	0.3066965613844995	0.30501864075336105	0.9541357903523484	0.22346820000344253	0.31321932250720497	0.694981359246639	0.8	0.1	0.8	0.1	0.3	0.4	0.2	10.0	0.0	0.42372809896158314	0.0	3.087158953331918	0.8343272537014141
ecf-222824	1.507149799051982	1.6931471805599454	2.386294361119891	0.5309557173312341	0.5934260908110498	0.5322012917125952	0.9126813362866741	0.2963472406943609	0.5934260908110498	0.5322012917125952	0.9126813362866741	0.2963472406943609	0.3039869207080815	0.30173699701043094	0.9541357903523484	0.22395543453708747	0.2756085374313866	0.6982630029895691	0.9	0.2	0.9	0.0	0.1	0.5	0.3	10.0	0.0	0.919516136582505	0.390848365926979	3.5402521104293374	1.119525570237138
ecf-485482	1.138629436111989	1.0	1.6931471805599454	0.29225651257245516	0.4626878101104146	0.47439993796408525	0.9126813362866741	0.217815423013421	0.4626878101104146	0.47439993796408525	0.9126813362866741	0.217815423013421	0.2596340328356863	0.23217070767017778	0.9597042741864882	0.23405534836345274	0.26340276288811654	0.7678292923298222	0.9	0.4	0.9	0.1	0.1	0.7	0.2	10.0	0.0	0.3993635214791544	0.15379701050438538	2.0480961190486253	0.616368078270502
ecf-490090	1.3981687709395678	1.0	2.791759469228055	0.6586879609245423	0.6586821114921383	0.6358934891014116	0.9126813362866741	0.17641369044472718	0.6586821114921383	0.6358934891014116	0.9126813362866741	0.17641369044472718	0.2592084343171078	0.23211628598355213	0.9597042741864882	0.23400309353632598	0.31746819988376823	0.7678837140164478	0.8	0.1	0.8	0.1	0.0	0.6	0.3	10.0	0.2	0.44269253550662346	0.0	2.897115350444053	0.8723346444659149
ecf-318070	2.710974614260163	2.700598690831078	3.772588722239781	0.80462350404127	0.5326241443218513	0.4761751822347258	1.0	0.19327334709298713	0.5326241443218513	0.4761751822347258	1.0	0.19327334709298713	0.300170403448483	0.30173699701043094	0.9541357903523484	0.2282354649823998	0.34495834472966674	0.6982630029895691	0.9	0.2	0.9	0.1	0.0	1.0	0.0	10.0	0.0	0.44225858677294644	0.0	3.0900701635393766	0.9984770117908348
ecf-318074	2.6416598962041684	2.6094379124341005	3.772588722239781	0.8264507092192741	0.5173987324234324	0.4761751822347258	1.0	0.20931856500854443	0.5173987324234324	0.4761751822347258	1.0	0.20931856500854443	0.300170403448483	0.30173699701043094	0.9541357903523484	0.2282354649823998	0.38263566535528637	0.6982630029895691	0.9	0.2	0.9	0.1	0.0	0.9	0.1	10.0	0.0	0.3696748073021093	0.0	3.0900701635393766	0.9797478705191309
ecf-318075	1.1155245300933243	1.0	1.6931471805599454	0.28297615150344435	0.4480497535199517	0.5149989060507026	0.5595423643388393	0.15613176198186915	0.4480497535199517	0.5149989060507026	0.5595423643388393	0.15613176198186915	0.27111883286634686	0.24852324151019417	0.9541357903523484	0.23417006920163455	0.25133923226389443	0.7514767584898059	0.6	0.1	0.6	0.0	0.4	0.1	0.1	10.0	0.1	0.9050475218312805	0.7024434515735452	1.9004178442681483	0.5021891466812719
ecf-408185	1.3106133312235002	1.0	2.09861228866811	0.4465758384448279	0.5389094131875285	0.5958377901844965	0.8253631221551779	0.2296977514674204	0.5389094131875285	0.5958377901844965	0.8253631221551779	0.2296977514674204	0.2614976839837594	0.23745086822783643	0.9597042741864882	0.23447029122258262	0.2997058417387911	0.7625491317721635	0.6	0.1	0.6	0.2	0.1	0.5	0.2	10.0	0.0	0.6246392028281097	0.0238583409834099	4.258091903579654	1.2049588857109252
ecf-211585	1.154032706791099	1.0	1.6931471805599454	0.30564917695453336	0.3525191975903746	0.4398155597231853	0.5233066027156972	0.17851289586190236	0.3525191975903746	0.4398155597231853	0.5233066027156972	0.17851289586190236	0.37604828346845565	0.41719765497387346	0.7611084055488654	0.24906587750973194	0.30191309104957387	0.5828023450261266	0.9	0.3	0.9	0.0	0.5	0.2	0.2	10.0	0.2	0.4362642951539362	0.34308794415315236	3.7967191635331936	0.824010230993392
ecf-318086	1.138629436111989	1.0	1.6931471805599454	0.2922565125724551	0.4462711077005983	0.5249213308448801	0.9126813362866741	0.30216784927819307	0.4462711077005983	0.5249213308448801	0.9126813362866741	0.30216784927819307	0.4223025076318979	0.42324181222744905	0.9541357903523484	0.26940793333689317	0.30434004259233716	0.576758187772551	0.9	0.2	0.9	0.1	0.4	0.4	0.2	10.0	0.1	0.08297634905176755	0.005270319373613844	2.9035462407743435	0.7102907586290548
ecf-482434	1.3465735902799727	1.0	2.386294361119891	0.5239700176363429	0.4767236347416857	0.47611364102554743	1.0	0.3004497424401175	0.4767236347416857	0.47611364102554743	1.0	0.3004497424401175	0.388583210617477	0.4104948970219041	0.9541357903523484	0.23842435423131444	0.3132979947613048	0.5895051029780959	0.7	0.3	0.7	0.1	0.1	0.4	0.3	10.0	0.1	0.5164724679150297	0.16416418173184216	4.034948352265444	0.8510714541098569
ecf-125572	1.5950642552587728	1.6931471805599454	2.386294361119891	0.4702258803796814	0.4494681657158222	0.478097088472457	0.9126813362866741	0.23494666385385404	0.4494681657158222	0.478097088472457	0.9126813362866741	0.23494666385385404	0.28609849851706065	0.28495230028237617	0.9541357903523484	0.2322381338318126	0.26007102094689516	0.7150476997176238	1.0	0.4	1.0	0.0	0.1	0.7	0.2	10.0	0.1	0.6243006600711918	0.41333484463056114	3.1106894507421123	0.8354400800544325
ecf-414337	1.2310490601866484	1.0	1.6931471805599454	0.35793966490390583	0.5537706412975629	0.6106158262213178	0.9126813362866741	0.23462098257268546	0.5537706412975629	0.6106158262213178	0.9126813362866741	0.23462098257268546	0.2610531068434862	0.23711583391141677	0.9597042741864882	0.234355154779844	0.3169550039167545	0.7628841660885832	0.6	0.2	0.6	0.0	0.0	0.4	0.2	10.0	0.1	0.43188595546320935	0.244302333003898	1.205270663041536	0.46895603307316547
ecf-323208	2.2617221598724075	2.2424533248940004	3.4849066497880004	1.0006968989670981	0.4563443634954927	0.3102102724204927	1.0	0.27494351440792125	0.4563443634954927	0.3102102724204927	1.0	0.27494351440792125	0.2980242954710434	0.2988600022657618	0.9541357903523484	0.22934540549990695	0.3389731139384842	0.7011399977342382	0.8	0.0	0.8	0.0	0.1	0.6	0.1	10.0	0.0	0.5258027650790171	0.6600949459428909	1.7587072346110004	0.5570842531853242
ecf-199309	1.4564348191467837	1.6931471805599454	2.09861228866811	0.4117559402672115	0.6326048652284862	0.6588600714984729	0.9126813362866741	0.18383678058193537	0.6326048652284862	0.6588600714984729	0.9126813362866741	0.18383678058193537	0.3565815359694392	0.37799976243981115	0.9541357903523484	0.2350910596305215	0.29651741639935464	0.6220002375601889	1.0	0.2	1.0	0.2	0.1	0.7	0.2	9.0	0.0	0.44373947675437925	0.0	4.258091903579654	1.0918243280570656
ecf-222865	1.0866433975699932	1.0	1.6931471805599454	0.2450645358671368	0.5534210504206868	0.5345299267720578	0.9126813362866741	0.23522617785376856	0.5534210504206868	0.5345299267720578	0.9126813362866741	0.23522617785376856	0.3422874835474486	0.36402414442464	0.9541357903523484	0.22752994026110737	0.3210584154757553	0.6359758555753601	0.7	0.2	0.7	0.1	0.4	0.4	0.0	10.0	0.0	1.1343598269350292	0.84642777393266	4.768917527345645	1.2240180253289286
ecf-222864	1.710769961690683	1.6931471805599454	2.6094379124341005	0.6405215984406462	0.6082109341828503	0.538500447979822	1.0	0.2377026852421189	0.6082109341828503	0.538500447979822	1.0	0.2377026852421189	0.2888248258128	0.2883416440397496	0.9541357903523484	0.23061343884243146	0.3743890027218554	0.7116583559602504	0.9	0.2	0.9	0.0	0.2	0.4	0.3	10.0	0.2	0.5937393787584716	0.0	3.0370776333988663	0.9338940570648746
ecf-222868	1.2310490601866484	1.0	1.6931471805599454	0.3465735902799727	0.6093288029325641	0.5715477014927666	1.0	0.25462398527319297	0.6093288029325641	0.5715477014927666	1.0	0.25462398527319297	0.34178313591120285	0.35699874312354074	0.9541357903523484	0.22882339344343325	0.3464131235200896	0.6430012568764593	0.9	0.2	0.9	0.0	0.3	0.3	0.3	10.0	0.1	1.0228963344191748	0.0	3.8360974935202794	1.305177884720341
ecf-447633	1.7454719949364002	1.6931471805599454	2.791759469228055	0.617358716385684	0.6356175323527568	0.6080676271679953	1.0	0.251940985192143	0.6356175323527568	0.6080676271679953	1.0	0.251940985192143	0.3392102904075407	0.35699874312354074	0.9541357903523484	0.22661746151183135	0.2900226467401716	0.6430012568764593	1.0	0.2	1.0	0.0	0.1	0.7	0.2	10.0	0.1	0.8278730997059777	0.0	3.6703052386775346	1.1178751023415456
ecf-342686	3.7643086025325387	3.995732273553991	4.951243718581427	0.924345746441057	0.6635944575120459	0.509750093324431	1.0	0.23046969682588586	0.6635944575120459	0.509750093324431	1.0	0.23046969682588586	0.29564121117368647	0.2951839202629993	0.9541357903523484	0.22825867478093026	0.2984673860994876	0.7048160797370007	1.0	0.3	1.0	0.0	0.0	0.9	0.1	10.0	0.0	0.41589071231216135	0.0	4.055151059582964	1.1311984551725462
ecf-237726	1.651025834052315	1.6931471805599454	2.9459101490553135	0.5923056617589096	0.7704438573046829	0.8616033789950089	1.0	0.26527214512877834	0.7704438573046829	0.8616033789950089	1.0	0.26527214512877834	0.29952209725275414	0.29192875958678577	0.9541357903523484	0.22583805744585927	0.30046955165655276	0.7080712404132142	0.8	0.0	0.8	0.2	0.0	0.7	0.3	10.0	0.1	0.09034319523249068	0.0	0.9906164088753907	0.2717567694649624
ecf-222878	1.8302017809751205	1.6931471805599454	3.1972245773362196	0.7863866939256478	0.5204589262808568	0.4250496168920286	0.9126813362866741	0.2152221065316126	0.5204589262808568	0.4250496168920286	0.9126813362866741	0.2152221065316126	0.2772257685564118	0.26966736416020365	0.9541357903523484	0.23236994134444208	0.36184954078211384	0.7303326358397964	0.8	0.0	0.8	0.2	0.2	0.5	0.3	8.0	0.0	1.2376046295301555	1.0769179458954647	3.3722603791902075	1.149090942351241
ecf-259233	1.3465735902799727	1.3465735902799727	1.6931471805599454	0.37050275260909293	0.5912373607830361	0.6869691985882167	0.9126813362866741	0.2713691828875338	0.5912373607830361	0.6869691985882167	0.9126813362866741	0.2713691828875338	0.3405425793131028	0.3507845985255827	0.9541357903523484	0.23189991592701226	0.25612081214756127	0.6492154014744174	0.8	0.1	0.8	0.0	0.3	0.1	0.4	9.0	0.0	0.7864567200618275	0.18328888739152416	2.273648090522098	0.9614123867763437
ecf-339616	1.138629436111989	1.0	1.6931471805599454	0.2922565125724551	0.5028294436872318	0.47876762314239896	0.6869691985882167	0.09205651574897976	0.5028294436872318	0.47876762314239896	0.6869691985882167	0.09205651574897976	0.26090277315175603	0.23718109059917356	0.9597042741864882	0.23416362217277473	0.2918953339532395	0.7628189094008264	1.0	0.3	1.0	0.0	0.2	0.6	0.2	10.0	0.1	0.6237770145089053	0.4546391799943848	2.4747006840221157	0.8609313010090324
ecf-463008	1.4564348191467837	1.6931471805599454	2.09861228866811	0.4117559402672115	0.589346072457121	0.5595423643388393	1.0	0.277765109274886	0.589346072457121	0.5595423643388393	1.0	0.277765109274886	0.26135924921219567	0.23534895876530315	0.9597042741864882	0.23466294863368523	0.3481896106256075	0.7646510412346968	0.9	0.1	0.9	0.1	0.1	0.4	0.5	10.0	0.0	0.5996355692224358	0.21704038773736073	3.351851507559	0.7730445763980851
ecf-274604	1.1732867951399863	1.0	1.6931471805599454	0.3208647959315357	0.7299360124922349	0.7972530959450946	1.0	0.24478092592503684	0.7299360124922349	0.7972530959450946	1.0	0.24478092592503684	0.26144612966301645	0.23745086822783643	0.9541357903523484	0.2332073339683275	0.35830630371357536	0.7625491317721635	0.7	0.3	0.7	0.1	0.2	0.6	0.0	10.0	0.0	0.1315258559953955	0.0	1.4234090515440778	0.36480153068457405
ecf-308908	1.468213122712422	1.3465735902799727	2.09861228866811	0.515268821692239	0.578774161554811	0.5327660922960062	1.0	0.24580221170850358	0.578774161554811	0.5327660922960062	1.0	0.24580221170850358	0.26174149003388664	0.23714846225529518	0.9541357903523484	0.23333900120603243	0.29060088897715186	0.7628515377447048	1.0	0.5	1.0	0.0	0.0	0.5	0.5	10.0	0.0	0.6453570041316642	0.0	4.391623296204177	1.1510035750774674
ecf-207530	1.6579251212010102	1.6931471805599454	2.6094379124341005	0.5372094274225078	0.6488990754323243	0.5261684226096393	1.0	0.2404955668798665	0.6488990754323243	0.5261684226096393	1.0	0.2404955668798665	0.3354625677792514	0.35699874312354074	0.9541357903523484	0.23056690800310595	0.3577398915086346	0.6430012568764593	0.8	0.1	0.8	0.2	0.0	0.6	0.4	10.0	0.0	0.7849670126100222	0.0	4.336053445049366	1.2107296734621906
ecf-471213	1.154032706791099	1.0	1.6931471805599454	0.30564917695453336	0.28078947447820407	0.26678438796242754	0.8253631221551779	0.2840687710359631	0.28078947447820407	0.26678438796242754	0.8253631221551779	0.2840687710359631	0.2612585195576762	0.2335820836191895	0.9597042741864882	0.23460666174178108	0.24754260644240722	0.7664179163808105	0.9	0.0	0.9	0.0	0.1	0.6	0.2	10.0	0.1	0.2546962577908107	0.1632708734979996	1.7815535034621703	0.4787935532522417
ecf-199336	1.3871201010907892	1.3465735902799727	2.09861228866811	0.42558995521249493	0.6206043940134616	0.6469119263402519	0.9126813362866741	0.2018743628612664	0.6206043940134616	0.6469119263402519	0.9126813362866741	0.2018743628612664	0.3339344329300366	0.35699874312354074	0.9541357903523484	0.22887187343643495	0.3279385804828558	0.6430012568764593	0.6	0.3	0.6	0.4	0.0	0.5	0.5	10.0	0.0	0.6930002753627462	0.0	4.833456048483216	1.1381580784653127
ecf-270516	1.4751851243351173	1.6931471805599454	2.09861228866811	0.4773689403746516	0.6572979492952845	0.5674174579644162	0.9126813362866741	0.20047225588510806	0.6572979492952845	0.5674174579644162	0.9126813362866741	0.20047225588510806	0.2662478574940592	0.24538729604395465	0.9541357903523484	0.2324790240698842	0.2819136048255563	0.7546127039560453	0.8	0.3	0.8	0.2	0.1	0.5	0.3	10.0	0.2	0.7796707072377181	0.0	3.4143718645403345	1.189166584999858
ecf-274613	1.2079441541679836	1.0	1.6931471805599454	0.33482189780177213	0.7770047427928707	0.8294282374700518	1.0	0.1956545522275607	0.7770047427928707	0.8294282374700518	1.0	0.1956545522275607	0.32918344418541856	0.34155074401587016	0.9541357903523484	0.22690666075955737	0.3375249422148251	0.6584492559841298	1.0	0.7	1.0	0.0	0.1	0.9	0.0	10.0	0.1	0.7414428797713389	0.0	6.33753344525949	1.600365293952814
ecf-277176	1.5972531564093517	1.6931471805599454	2.09861228866811	0.48111899887449233	0.7216394726532871	0.7421109224853676	1.0	0.19597945746308348	0.7216394726532871	0.7421109224853676	1.0	0.19597945746308348	0.31340500122046516	0.3185972164828065	0.9541357903523484	0.22562746091203792	0.333460532809899	0.6814027835171935	0.9	0.4	0.9	0.0	0.1	0.5	0.3	10.0	0.0	0.5217905958364248	0.0	4.9512390841395995	1.0835186500725178
ecf-146622	1.3178053830347947	1.0	2.09861228866811	0.42665434717999146	0.6104760433141551	0.584305082411452	1.0	0.2095377189479936	0.6104760433141551	0.584305082411452	1.0	0.2095377189479936	0.3047470450543562	0.301169120281481	0.9541357903523484	0.2247643070934225	0.30569928133760577	0.698830879718519	1.0	0.2	1.0	0.0	0.1	0.7	0.2	10.0	0.0	0.4507459550398577	0.0	1.8579264822467445	0.6410796427026433
ecf-198334	1.462098120373297	1.6931471805599454	1.6931471805599454	0.3465735902799727	0.5452289406115622	0.5322012917125952	0.9126813362866741	0.20321409966330817	0.5452289406115622	0.5322012917125952	0.9126813362866741	0.20321409966330817	0.28351991457033104	0.2788612350975468	0.9541357903523484	0.23207646286858089	0.35332251500013834	0.7211387649024532	0.9	0.4	0.9	0.0	0.1	0.2	0.6	10.0	0.2	0.5759047471893218	0.028568803149647663	2.679113198630262	0.8790755604994756
ecf-338107	3.763421065408347	3.8029010331479984	5.77912349311153	1.3527404518220583	0.4073345171354616	0.4291174273750846	0.8253631221551779	0.2734154588677818	0.4073345171354616	0.4291174273750846	0.8253631221551779	0.2734154588677818	0.2602724225523178	0.23534895876530315	0.9541357903523484	0.23325520090637658	0.3201337354949041	0.7646510412346968	1.0	0.2	1.0	0.3	0.0	0.5	0.5	10.0	0.0	0.456547500007237	0.09052066294091293	3.264840130569371	0.7915212351799572
ecf-265412	1.4969813299576002	1.6931471805599454	2.09861228866811	0.4553149769401057	0.6030435308868128	0.6014312395436764	0.9126813362866741	0.22703933584234107	0.6030435308868128	0.6014312395436764	0.9126813362866741	0.22703933584234107	0.27036350280812427	0.24968770745136576	0.9541357903523484	0.23306560602901244	0.2862281477809001	0.7503122925486343	0.6	0.0	0.6	0.4	0.1	0.3	0.6	10.0	0.3	0.7667334729406219	0.0	4.6147668475183865	1.1315910659732018
ecf-265413	1.3871201010907892	1.3465735902799727	2.09861228866811	0.4255899552124949	0.5939056013386804	0.530065120747417	0.9126813362866741	0.17718868965628198	0.5939056013386804	0.530065120747417	0.9126813362866741	0.17718868965628198	0.27077159936421863	0.24968770745136576	0.9541357903523484	0.23271901371608725	0.3571868213207665	0.7503122925486343	0.9	0.2	0.9	0.1	0.3	0.5	0.2	9.0	0.1	1.290471258169537	0.9535175910801145	5.174382635453809	1.528058352950661
ecf-313029	1.3583518938456112	1.0	2.09861228866811	0.48196855029189145	0.6396974313745635	0.6783950329157084	1.0	0.3228059798330694	0.6396974313745635	0.6783950329157084	1.0	0.3228059798330694	0.26182975421991533	0.23718109059917356	0.9541357903523484	0.23382219530288936	0.3746488590137788	0.7628189094008264	0.7	0.2	0.7	0.4	0.0	0.6	0.4	10.0	0.0	0.2977128034233847	0.0	2.9035462407743435	0.7922604576764553
ecf-199366	1.2310490601866484	1.0	1.6931471805599454	0.3465735902799727	0.6141077454876233	0.5895730108767131	0.9126813362866741	0.1866566768434067	0.6141077454876233	0.5895730108767131	0.9126813362866741	0.1866566768434067	0.3103314912876441	0.30765933419596336	0.9541357903523484	0.22338553015759835	0.2899992799521561	0.6923406658040366	0.9	0.1	0.9	0.0	0.2	0.6	0.1	9.0	0.1	0.8444902941817257	0.0	4.258091903579654	1.2774844524526474
ecf-183492	1.0	1.0	1.0	0.0	0.528196246025485	0.526202254346196	0.7232085562948732	0.19402299924335037	0.528196246025485	0.526202254346196	0.7232085562948732	0.19402299924335037	0.3073520223355284	0.30501864075336105	0.9541357903523484	0.22452870398319935	0.3382851355216961	0.694981359246639	0.6	0.0	0.6	0.0	0.6	0.0	0.0	10.0	0.0	0.7144599959325567	0.667362357204051	1.9885466646638086	0.7823529424784311
ecf-196298	1.8080442658411164	1.6931471805599454	2.6094379124341005	0.43732618906944465	0.7539377011415715	0.7972530959450946	1.0	0.240677723484279	0.7539377011415715	0.7972530959450946	1.0	0.240677723484279	0.30230175992985303	0.30145305864595595	0.9541357903523484	0.22422729402569108	0.2501603153177364	0.698546941354044	0.9	0.3	0.9	0.0	0.0	0.6	0.3	9.0	0.0	1.8894174153473902	0.029693663016655304	6.848359069025481	2.3743681450852523
ecf-195275	1.9620769726322154	1.6931471805599454	3.4849066497880004	0.9033162942593775	0.5552180125121274	0.5451313354441313	0.9126813362866741	0.23710260716971948	0.5552180125121274	0.5451313354441313	0.9126813362866741	0.23710260716971948	0.3031629668997118	0.30077380210178506	0.9541357903523484	0.2247454838303382	0.3126745973908365	0.6992261978982149	0.9	0.2	0.9	0.0	0.1	0.7	0.1	9.0	0.1	0.6506558791319522	0.03271907895114932	4.309385197967204	1.0692537388112398
ecf-259273	1.6643789733147674	1.6931471805599454	2.09861228866811	0.26595297628013365	0.5262426850284261	0.4998664412328988	0.9126813362866741	0.2549602344296845	0.5262426850284261	0.4998664412328988	0.9126813362866741	0.2549602344296845	0.30296846431332286	0.30145305864595595	0.9541357903523484	0.22601903811255888	0.3159469348886289	0.698546941354044	0.8	0.2	0.8	0.2	0.0	0.1	0.9	10.0	0.0	1.105958051966101	0.43808215665389894	7.253824177133645	1.5281701174974704
ecf-278222	1.4951051289713895	1.6931471805599454	1.6931471805599454	0.33822119203626044	0.4194733602784688	0.24603595612129137	0.9126813362866741	0.33482021016613134	0.4194733602784688	0.24603595612129137	0.9126813362866741	0.33482021016613134	0.26152490136918843	0.23745086822783643	0.9541357903523484	0.23320180248389336	0.2669756340693533	0.7625491317721635	0.6	0.1	0.6	0.1	0.1	0.1	0.5	10.0	0.1	0.6338846199252878	0.4611466121177839	2.668856698463073	0.6465832361947528
ecf-202958	1.4158883083359672	1.0	2.386294361119891	0.5845130251449102	0.6568566611063292	0.6366786487856922	1.0	0.24270205327022198	0.6568566611063292	0.6366786487856922	1.0	0.24270205327022198	0.30502754155126194	0.3022150399213225	0.9541357903523484	0.22604887863864137	0.32082047418554366	0.6977849600786775	0.8	0.3	0.8	0.2	0.3	0.4	0.3	10.0	0.0	0.7476194875916065	0.0	4.258091903579654	1.222796259962682
ecf-286934	1.5123963979403259	1.0	2.9459101490553135	0.7697310962912141	0.5661373704006093	0.5501624040018761	0.9126813362866741	0.24090049817494738	0.5661373704006093	0.5501624040018761	0.9126813362866741	0.24090049817494738	0.3035023252789529	0.301169120281481	0.9541357903523484	0.2237163785737468	0.3526689476735369	0.698830879718519	0.9	0.4	0.9	0.1	0.0	0.7	0.3	10.0	0.1	0.5203865062274667	0.17632612356441335	2.178650361899818	0.63639163697766
ecf-497876	1.3178053830347947	1.0	2.791759469228055	0.5926686734635953	0.5293729268520679	0.49520107152982035	0.7742856144405287	0.19104010412709227	0.5293729268520679	0.49520107152982035	0.7742856144405287	0.19104010412709227	0.2597346788952642	0.23217070767017778	0.9597042741864882	0.23476078685065974	0.28837332210586564	0.7678292923298222	1.0	0.2	1.0	0.0	0.2	0.6	0.2	10.0	0.0	0.9881048492198232	0.7127941779437418	3.43886288454863	0.9889501673939238
ecf-255191	1.2484906649788001	1.0	2.09861228866811	0.41504737116956814	0.7388837763128266	0.7760600254642561	0.9126813362866741	0.17329317954894694	0.7388837763128266	0.7760600254642561	0.9126813362866741	0.17329317954894694	0.27358991124758075	0.2624437667303228	0.9541357903523484	0.23197243394194905	0.3158200116783899	0.7375562332696772	1.0	0.4	1.0	0.0	0.0	0.9	0.1	10.0	0.0	0.43497484621748345	0.0	4.855928904335275	1.1669103104658154
ecf-254687	2.0226577560192514	2.09861228866811	4.13549421592915	1.0274622250594394	0.4567940077851137	0.4907023903682757	0.5848191282012647	0.1479234079863707	0.4567940077851137	0.4907023903682757	0.5848191282012647	0.1479234079863707	0.29598419217720534	0.2897437261762465	0.9541357903523484	0.22660519114936956	0.308790051070473	0.7102562738237534	0.8	0.0	0.8	0.2	0.0	0.6	0.3	10.0	0.0	0.8653081906507968	0.8630673810245796	1.1247739670730998	0.2583526600457764
ecf-267481	1.5522014777306667	1.6931471805599454	2.386294361119891	0.564831585194094	0.4417188762694209	0.42947296885909547	1.0	0.22960898186754194	0.4417188762694209	0.42947296885909547	1.0	0.22960898186754194	0.27369775258849177	0.2525433655008459	0.9541357903523484	0.23354713373178565	0.27151406649779863	0.7474566344991541	0.8	0.1	0.8	0.1	0.0	0.7	0.2	10.0	0.1	0.37556551078976425	0.2691078570153796	2.802804670972812	0.7420971239730116
ecf-337624	2.1800390288570433	1.6931471805599454	3.0794415416798357	0.615436103825857	0.6486515616970795	0.6051363273850703	1.0	0.19804250550485702	0.6486515616970795	0.6051363273850703	1.0	0.19804250550485702	0.26617102273928817	0.24180983077422358	0.9541357903523484	0.2333784991204715	0.32404903142295005	0.7581901692257764	0.9	0.1	0.9	0.0	0.0	0.3	0.6	10.0	0.0	0.5220047253972343	0.0	3.382623166225754	0.9773883761819148
ecf-343780	2.1760624613179784	1.6931471805599454	3.9444389791664403	1.1718146230351965	0.6274963627147265	0.5595423643388393	1.0	0.3436038331027945	0.6274963627147265	0.5595423643388393	1.0	0.3436038331027945	0.2916603906320049	0.2897437261762465	0.9541357903523484	0.22952332478413942	0.28226441700935545	0.7102562738237534	0.9	0.1	0.9	0.1	0.0	0.8	0.1	10.0	0.1	1.2290763417899788	1.1201550212168052	2.567074004153131	1.2869984950481685
ecf-273135	1.0693147180559945	1.0	1.6931471805599454	0.21919238442934133	0.5483617478363983	0.5778735808327246	0.9126813362866741	0.29726887437273064	0.5483617478363983	0.5778735808327246	0.9126813362866741	0.29726887437273064	0.2738245326290677	0.25071049971310627	0.9541357903523484	0.23415705113556587	0.30553075289286336	0.7492895002868938	1.0	0.4	1.0	0.0	0.4	0.5	0.1	10.0	0.0	0.27434447172735565	0.0	3.7573166156671647	0.8571344108748564
ecf-337643	1.4152966242537077	1.0	2.9459101490553135	0.7001541533725386	0.47974432931142647	0.4782400792777647	0.9126813362866741	0.2405752882664621	0.47974432931142647	0.4782400792777647	0.9126813362866741	0.2405752882664621	0.2602402235008176	0.2335820836191895	0.9541357903523484	0.23337125763340055	0.29067571084699184	0.7664179163808105	0.7	0.1	0.7	0.2	0.2	0.7	0.0	10.0	0.2	1.5655526286869066	1.2438365934351086	4.9512390841395995	1.0285638567798114
ecf-195824	1.244136064148469	1.0	2.09861228866811	0.4844424838492204	0.6633591178675602	0.659140639560085	0.8616033789950089	0.18759778142144226	0.6633591178675602	0.659140639560085	0.8616033789950089	0.18759778142144226	0.2844641860625398	0.2789210651972211	0.9541357903523484	0.23207592440739166	0.347230073333327	0.7210789348027788	0.9	0.3	0.9	0.0	0.0	0.7	0.2	10.0	0.1	0.530188277760425	0.0	3.7128648530963306	1.1366597547488115
ecf-478452	1.0990210257942779	1.0	1.6931471805599454	0.2619850088181714	0.6106350582796626	0.6195511431389902	0.9126813362866741	0.27063545976547265	0.6106350582796626	0.6195511431389902	0.9126813362866741	0.27063545976547265	0.26003802500677564	0.2322251293568034	0.9597042741864882	0.23427010412265128	0.31089610563014775	0.7677748706431966	0.7	0.1	0.7	0.0	0.2	0.4	0.1	9.0	0.2	0.5062664124849449	0.0	3.197700827731742	1.0189755360699462
ecf-192756	1.2484906649788001	1.0	2.09861228866811	0.41504737116956814	0.6334463318348472	0.599437826758392	0.9126813362866741	0.17325580015778233	0.6334463318348472	0.599437826758392	0.9126813362866741	0.17325580015778233	0.3037260927309656	0.30145305864595595	0.9541357903523484	0.22330753807447554	0.3285431737264099	0.698546941354044	0.8	0.3	0.8	0.2	0.1	0.6	0.3	10.0	0.0	1.0829172513135468	0.1301513919290377	4.258091903579654	1.3107492543319057
ecf-273138	2.2404687434089636	2.09861228866811	3.6390573296152584	0.7737273394044877	0.45706130370349735	0.448763707670678	0.9126813362866741	0.22416030226413117	0.45706130370349735	0.448763707670678	0.9126813362866741	0.22416030226413117	0.2861293033604218	0.284163790490497	0.9541357903523484	0.23160958576567062	0.3214328054976072	0.715836209509503	0.8	0.3	0.8	0.1	0.0	0.5	0.4	10.0	0.0	0.45678460362033324	0.004155057036112129	3.3122423694639545	1.0261945218900448
ecf-414448	1.2772588722239782	1.0	1.6931471805599454	0.35793966490390583	0.4270330580429919	0.44114911640900023	0.538500447979822	0.0998492784021296	0.4270330580429919	0.44114911640900023	0.538500447979822	0.0998492784021296	0.26148120536013847	0.23718109059917356	0.9597042741864882	0.23448804885444832	0.32702422292590205	0.7628189094008264	0.9	0.4	0.9	0.1	0.0	0.6	0.4	10.0	0.1	1.1635727977739612	1.0325724131480651	3.277262650567928	0.6564977623328077
ecf-342782	1.3850817669777475	1.0	2.386294361119891	0.5035597521768238	0.42633718795311915	0.27554893159015814	1.0	0.31061418640351285	0.42633718795311915	0.27554893159015814	1.0	0.31061418640351285	0.30350871874454427	0.2974975028098774	0.9541357903523484	0.22506982390902672	0.31031244184496476	0.7025024971901226	0.7	0.1	0.7	0.2	0.2	0.4	0.3	10.0	0.0	0.7066611972676617	0.4373961315253976	2.341169291397593	0.7803307027731716
ecf-256767	1.0693147180559945	1.0	1.6931471805599454	0.21919238442934133	0.5955617750459485	0.5680101302157412	1.0	0.21724486523518582	0.5955617750459485	0.5680101302157412	1.0	0.21724486523518582	0.26557662211434685	0.24454100487232022	0.9541357903523484	0.23186559068360607	0.32543259554823883	0.7554589951276798	0.6	0.1	0.6	0.4	0.3	0.6	0.1	10.0	0.1	0.7666646430639587	0.0	4.6147668475183865	1.088031800741554
ecf-242950	1.2890371757896166	1.0	2.09861228866811	0.4782986103144945	0.6100735512312289	0.6768862799257542	0.8616033789950089	0.2160838044587113	0.6100735512312289	0.6768862799257542	0.8616033789950089	0.2160838044587113	0.27423410904180856	0.2632228755571419	0.9541357903523484	0.23248697465931956	0.3065031899946921	0.736777124442858	1.0	0.6	1.0	0.0	0.0	0.7	0.3	9.0	0.1	0.5455095362104267	0.0	3.6772739079936283	0.8342118411450007
ecf-264963	2.733288969391584	2.700598690831078	3.995732273553991	0.8396672140863869	0.5326241443218513	0.4761751822347258	1.0	0.19327334709298713	0.5326241443218513	0.4761751822347258	1.0	0.19327334709298713	0.2888248258128	0.2883416440397496	0.9541357903523484	0.23061343884243146	0.34495834472966674	0.7116583559602504	0.9	0.2	0.9	0.1	0.0	1.0	0.0	10.0	0.0	0.44225858677294644	0.0	3.0900701635393766	0.9984770117908348
ecf-275722	1.3612964697370207	1.0	2.09861228866811	0.5140969646154723	0.6123254344495389	0.5451313354441313	0.9126813362866741	0.19158946023000673	0.6123254344495389	0.5451313354441313	0.9126813362866741	0.19158946023000673	0.3653609656859849	0.38697802942043696	0.9541357903523484	0.2420833028812481	0.30493511226238984	0.613021970579563	0.6	0.1	0.6	0.2	0.0	0.6	0.2	10.0	0.0	0.267521839290444	0.0	2.93300827350466	0.7579328868765145
ecf-236812	1.2772588722239782	1.0	1.6931471805599454	0.35793966490390583	0.2856660110453588	0.24509130464231416	0.5149989060507026	0.18042918072315367	0.2856660110453588	0.24509130464231416	0.5149989060507026	0.18042918072315367	0.27487957144162495	0.26360856076506695	0.9541357903523484	0.23287924778339228	0.24001881081455567	0.7363914392349331	1.0	0.2	1.0	0.0	0.2	0.5	0.3	9.0	0.2	0.017132396628584186	0.15402321201798286	0.8895191798095391	0.5037541031694057
ecf-486675	1.2772588722239782	1.0	1.6931471805599454	0.35793966490390583	0.40585915700476816	0.4863588984428954	0.6358934891014116	0.2050685663078554	0.40585915700476816	0.4863588984428954	0.6358934891014116	0.2050685663078554	0.2587907881310211	0.23145236861360702	0.9597042741864882	0.23472144855627777	0.27913731928458774	0.768547631386393	0.9	0.1	0.9	0.2	0.1	0.5	0.4	10.0	0.0	0.5626471532971778	0.49886783245973265	3.1337271188091296	0.9376360215627844
ecf-19733	1.9395742766198294	1.6931471805599454	2.9459101490553135	0.6361159736268079	0.5077289196066805	0.5151202560386459	0.8616033789950089	0.22747319384665227	0.5077289196066805	0.5151202560386459	0.8616033789950089	0.22747319384665227	0.3506226742570401	0.36402414442464	0.9541357903523484	0.22622446225113788	0.3191982759721292	0.6359758555753601	0.8	0.3	0.8	0.1	0.0	0.4	0.5	10.0	0.0	0.9936050473289989	0.8380455082076511	4.583995188851633	1.0407578049015556
ecf-208667	1.5841661524475315	1.6931471805599454	2.09861228866811	0.356794093514316	0.4695244348299557	0.5417722565008734	0.7380458071729002	0.21130860236318189	0.4695244348299557	0.5417722565008734	0.7380458071729002	0.21130860236318189	0.2784957338204795	0.27184157792569974	0.9541357903523484	0.2321293963371145	0.3094673609739393	0.7281584220743003	0.7	0.0	0.7	0.2	0.0	0.5	0.4	10.0	0.1	0.27184916566072925	0.1917039555658681	1.2360423217082896	0.41137589963060295
ecf-411935	2.0738134295369774	1.8958797346140277	3.0794415416798357	0.4855225994961369	0.3461672226697572	0.33115824916195397	0.5715477014927666	0.17883124441826515	0.3461672226697572	0.33115824916195397	0.5715477014927666	0.17883124441826515	0.2907014628915584	0.28964491682218785	0.9541357903523484	0.2279872973805294	0.379617392264773	0.7103550831778122	1.0	0.2	1.0	0.0	0.0	0.4	0.6	10.0	0.2	-0.15559608193624486	0.0	1.791426006211571	0.9838910678288977
ecf-320799	1.3106133312235002	1.0	2.09861228866811	0.44657583844482795	0.7209848314028282	0.6979299943329438	0.9126813362866741	0.14838703314476595	0.7209848314028282	0.6979299943329438	0.9126813362866741	0.14838703314476595	0.2708150981288044	0.2481759264822413	0.9541357903523484	0.2333296066577581	0.33295435050518346	0.7518240735177587	0.7	0.2	0.7	0.2	0.2	0.5	0.1	9.0	0.0	1.762659400493505	1.73190746708106	4.768917527345645	1.7413205669896954
ecf-240926	1.1791759469228056	1.0	2.09861228866811	0.38963826174969923	0.650605795120836	0.6358934891014116	0.8253631221551779	0.12853345487286388	0.650605795120836	0.6358934891014116	0.8253631221551779	0.12853345487286388	0.33612003213856384	0.35699874312354074	0.9541357903523484	0.2199618179869688	0.3029452830429789	0.6430012568764593	0.6	0.3	0.6	0.4	0.2	0.7	0.1	10.0	0.0	0.8409550809895864	0.0	3.6162380174072593	1.2236281596293346
ecf-310554	1.154032706791099	1.0	1.6931471805599454	0.30564917695453336	0.5408954634148764	0.478097088472457	1.0	0.21662868306964647	0.5408954634148764	0.478097088472457	1.0	0.21662868306964647	0.2620044299356304	0.23718109059917356	0.9541357903523484	0.23351078115894205	0.281385641880344	0.7628189094008264	0.6	0.2	0.6	0.3	0.1	0.6	0.2	10.0	0.1	0.4363440360175538	0.10864794520851553	2.322232090377842	0.7336025506750447
ecf-236828	1.462098120373297	1.6931471805599454	1.6931471805599454	0.3465735902799727	0.35395947360890073	0.31322420500022263	0.7380458071729002	0.17595492338982743	0.35395947360890073	0.31322420500022263	0.7380458071729002	0.17595492338982743	0.34955016389468524	0.3707949846131654	0.9541357903523484	0.22402140891789585	0.29002148366588587	0.6292050153868346	0.7	0.1	0.7	0.2	0.1	0.4	0.4	10.0	0.3	0.797558778503278	0.6823811475713558	2.2299436562873685	0.5791115875298979
ecf-319259	2.3733327475336035	2.09861228866811	3.302585092994046	0.7738772069814374	0.6930366665535772	0.5933181866250926	1.0	0.24045614150543423	0.6930366665535772	0.5933181866250926	1.0	0.24045614150543423	0.2983709140666913	0.3003784839220891	0.9541357903523484	0.2284418948645338	0.2758403696837871	0.6996215160779109	0.9	0.3	0.9	0.1	0.0	0.8	0.1	10.0	0.0	0.9248068671597403	0.0	5.382022000232054	1.6128847995301392
ecf-267035	1.8719317375506372	1.549306144334055	3.833213344056216	1.0194716338210308	0.507513298397945	0.3377736419716382	1.0	0.3052687394720354	0.507513298397945	0.3377736419716382	1.0	0.3052687394720354	0.2865201415771941	0.28495230028237617	0.9541357903523484	0.2313376509695536	0.2938538786640866	0.7150476997176238	1.0	0.0	1.0	0.0	0.1	0.6	0.3	10.0	0.1	0.86136800551658	0.6977976732611613	2.390143295994053	0.9445797949035549
ecf-328999	1.2772588722239782	1.0	1.6931471805599454	0.35793966490390583	0.43044918366553614	0.40113448833971205	0.6106158262213178	0.1318729429225166	0.43044918366553614	0.40113448833971205	0.6106158262213178	0.1318729429225166	0.26818214840991755	0.24486185509797342	0.9541357903523484	0.23322670648914065	0.3948979349931788	0.7551381449020266	1.0	0.2	1.0	0.1	0.0	0.7	0.3	9.0	0.2	0.582765679274864	0.7650626064894988	1.8685648804518	0.917143102554775
ecf-328998	1.6065037829899522	1.6931471805599454	2.386294361119891	0.5784472371112206	0.6041242415189472	0.6979299943329438	0.9126813362866741	0.3235199875946305	0.6041242415189472	0.6979299943329438	0.9126813362866741	0.3235199875946305	0.2686568527694175	0.24541148068702656	0.9541357903523484	0.23321636778700078	0.2678732554336182	0.7545885193129734	0.7	0.0	0.7	0.3	0.0	0.3	0.5	9.0	0.3	1.1408431211656977	0.8607909921966218	7.253824177133645	1.6644941868704604
ecf-411936	3.213143127288447	3.302585092994046	4.258096538021482	0.7960269749849127	0.4579886406682513	0.402309121193204	1.0	0.26056712346388566	0.4579886406682513	0.402309121193204	1.0	0.26056712346388566	0.2890953774612183	0.28713718061137006	0.9541357903523484	0.22837616786249473	0.3341621933037027	0.7128628193886299	1.0	0.3	1.0	0.0	0.0	0.4	0.6	10.0	0.2	0.45028518830286907	0.0	3.0900701635393766	0.9737709651520863
ecf-269612	1.3465735902799727	1.3465735902799727	1.6931471805599454	0.37050275260909293	0.4975414210459249	0.505958418010388	0.8616033789950089	0.24409844209616183	0.4975414210459249	0.505958418010388	0.8616033789950089	0.24409844209616183	0.33697554696690957	0.34155074401587016	0.9541357903523484	0.231196824874187	0.29413292703514043	0.6584492559841298	0.8	0.1	0.8	0.1	0.0	0.4	0.4	10.0	0.1	0.5856888339732277	0.46159151918304964	4.651134491689262	0.954495719670856
ecf-266539	1.2079441541679836	1.0	1.6931471805599454	0.33482189780177213	0.5780865750803996	0.5596002306038126	1.0	0.24701219078129485	0.5780865750803996	0.5596002306038126	1.0	0.24701219078129485	0.3349417092837782	0.3632128877214988	0.9541357903523484	0.22659456729210825	0.31657974641665565	0.6367871122785012	0.9	0.2	0.9	0.1	0.1	0.8	0.1	10.0	0.1	0.36660520154987514	0.0	2.6239613785551823	0.7264113550424546
ecf-234803	1.154032706791099	1.0	1.6931471805599454	0.30564917695453336	0.41514833087864383	0.3371196749661566	0.5996554800102895	0.13705700928292835	0.41514833087864383	0.3371196749661566	0.5996554800102895	0.13705700928292835	0.33654797551037785	0.36402414442464	0.9541357903523484	0.2263104767773568	0.295556487678467	0.6359758555753601	0.8	0.2	0.8	0.1	0.2	0.5	0.2	9.0	0.2	0.6688136476797705	0.7411712192241258	1.639898031599305	0.5217594139942864
ecf-273718	1.138629436111989	1.0	2.386294361119891	0.43838476885868266	0.7478314263435692	0.8294300357492365	1.0	0.3266513650141984	0.7478314263435692	0.8294300357492365	1.0	0.3266513650141984	0.26396331729260347	0.24014089311197995	0.9541357903523484	0.23315124878579843	0.44187771543384385	0.75985910688802	1.0	0.3	1.0	0.1	0.3	0.7	0.0	10.0	0.1	0.25629621037239897	0.0	1.404499397186786	0.6189496392138688
ecf-207670	1.3178053830347947	1.0	2.09861228866811	0.42665434717999146	0.8461229884740277	0.9126813362866741	1.0	0.21191615100474245	0.8461229884740277	0.9126813362866741	1.0	0.21191615100474245	0.2802561124692685	0.2738557763698339	0.9541357903523484	0.23216428513374524	0.3194335683621698	0.7261442236301661	0.9	0.0	0.9	0.1	0.1	0.8	0.1	10.0	0.2	0.24621753036574878	0.0	4.309385197967204	0.882502752752527
ecf-265010	2.7887732203098605	2.90333124488516	3.9444389791664403	0.8580331670509127	0.4828204177959207	0.47223808485699337	1.0	0.21439748804440475	0.4828204177959207	0.47223808485699337	1.0	0.21439748804440475	0.29484888477935844	0.28964491682218785	0.9541357903523484	0.22850380443628224	0.26256548995047885	0.7103550831778122	1.0	0.3	1.0	0.0	0.0	0.6	0.4	10.0	0.0	0.27520299538902776	0.0	3.0900701635393766	0.948469616223698
ecf-341820	1.3583518938456112	1.0	2.09861228866811	0.511204845345069	0.6041534995312959	0.5322012917125952	0.8616033789950089	0.2300727567874852	0.6041534995312959	0.5322012917125952	0.8616033789950089	0.2300727567874852	0.2600157719078143	0.2335820836191895	0.9597042741864882	0.23433692662096367	0.3081807713458663	0.7664179163808105	0.4	0.1	0.4	0.1	0.1	0.2	0.2	10.0	0.1	0.3235410957486139	0.0	0.9706232872458417	0.5603896161731061
ecf-464701	1.5480638923341992	1.3465735902799727	2.6094379124341005	0.6391154597042611	0.7180805834098481	0.7464563810781589	1.0	0.2670280115820516	0.7180805834098481	0.7464563810781589	1.0	0.2670280115820516	0.2653848534359662	0.24180983077422358	0.9541357903523484	0.2327273168758842	0.2938543630398514	0.7581901692257764	0.8	0.7	0.8	0.2	0.1	0.9	0.0	10.0	0.0	0.6993337553172808	0.0	5.749746780357371	1.2461918229211322
ecf-261438	1.8083328608786378	1.8958797346140277	2.6094379124341005	0.5083114901561335	0.5515929431108261	0.4726763041045485	1.0	0.3094585509322128	0.5515929431108261	0.4726763041045485	1.0	0.3094585509322128	0.2662923950545123	0.24486185509797342	0.9541357903523484	0.23250627508345076	0.3286235285170935	0.7551381449020266	1.0	0.4	1.0	0.1	0.1	0.4	0.5	10.0	0.0	1.944094838690558	1.2854820474465174	7.946971357693591	2.1221778353683427
ecf-327994	1.5662960480135948	1.6931471805599454	2.386294361119891	0.5343902942288966	0.6124151090214967	0.6675509886888685	1.0	0.318333856420974	0.6124151090214967	0.6675509886888685	1.0	0.318333856420974	0.2604191336302721	0.23336614467811007	0.9541357903523484	0.23366841660855164	0.2668830669794978	0.7666338553218899	1.0	0.4	1.0	0.0	0.0	0.5	0.5	10.0	0.4	0.2869075185784175	0.0	2.0525685234287394	0.5651684805976656
ecf-348487	2.880904038415759	2.9356005054539454	3.772588722239781	0.6939641516732503	0.6596782792011339	0.6078161488982345	1.0	0.16354656237437196	0.6596782792011339	0.6078161488982345	1.0	0.16354656237437196	0.29132573795546746	0.29031216673349236	0.9541357903523484	0.22828833666360865	0.38902501279476936	0.7096878332665076	1.0	0.3	1.0	0.0	0.0	0.9	0.1	10.0	0.0	0.5863997228337943	0.0	3.0641694351072193	1.0298978305851776
ecf-302407	1.2079441541679836	1.0	1.6931471805599454	0.33482189780177213	0.6032446530819032	0.5976122011953902	0.9126813362866741	0.18091380955411365	0.6032446530819032	0.5976122011953902	0.9126813362866741	0.18091380955411365	0.2734238040376006	0.2505997910044814	0.9541357903523484	0.23405837721147485	0.3355987269716501	0.7494002089955186	0.9	0.3	0.9	0.1	0.4	0.6	0.0	10.0	0.0	1.0619960298910074	1.077956907027884	3.5902625310039986	1.103409555033938
ecf-496963	1.5296756383913244	1.6931471805599454	2.09861228866811	0.4393108947284702	0.31716667446954994	0.2637855903650406	0.6430935622492024	0.16763319408500557	0.31716667446954994	0.2637855903650406	0.6430935622492024	0.16763319408500557	0.26027453376352494	0.2322251293568034	0.9597042741864882	0.23502735831678642	0.3339295163263353	0.7677748706431966	0.6	0.1	0.6	0.0	0.1	0.2	0.3	10.0	0.1	0.8168823654087879	0.8782643190468252	1.4399921973334862	0.3787690182847894
ecf-147269	1.9128696382935673	1.6931471805599454	2.791759469228055	0.654296092756936	0.40655477096031695	0.402309121193204	0.8253631221551779	0.28495115297973767	0.40655477096031695	0.402309121193204	0.8253631221551779	0.28495115297973767	0.2912176176450131	0.28954610746812914	0.9541357903523484	0.2309206258712983	0.3115351997310504	0.7104538925318709	1.0	0.3	1.0	0.2	0.0	0.5	0.5	10.0	0.0	0.5765648645079429	0.4698498526830321	4.258091903579654	0.9612234554884453
ecf-265551	1.2772588722239782	1.0	1.6931471805599454	0.35793966490390583	0.6817081807653254	0.7105692753139086	1.0	0.223284281892885	0.6817081807653254	0.7105692753139086	1.0	0.223284281892885	0.2711960416864214	0.2505997910044814	0.9541357903523484	0.23230928888033844	0.3209242894576402	0.7494002089955186	0.9	0.5	0.9	0.1	0.1	0.7	0.2	10.0	0.2	0.7407606120874759	0.0	5.056599599797425	1.3394987403641103
ecf-339790	1.0770163533955495	1.0	1.6931471805599454	0.23104906018664842	0.3401791115929613	0.33666758628119836	0.6430935622492024	0.15077694790807025	0.3401791115929613	0.33666758628119836	0.6430935622492024	0.15077694790807025	0.2614623577424551	0.2377206458564993	0.9597042741864882	0.2342657678924111	0.28020081964056104	0.7622793541435007	0.8	0.1	0.8	0.1	0.5	0.3	0.1	10.0	0.4	0.3756143898232323	0.42120303766054173	1.7209288816457355	0.5798067294775142
ecf-299849	1.661182505843081	1.6931471805599454	2.386294361119891	0.5654059779946152	0.4170818083263115	0.3429820347558765	0.7972530959450946	0.1946778118069888	0.4170818083263115	0.3429820347558765	0.7972530959450946	0.1946778118069888	0.2737620220301182	0.25065514535879385	0.9541357903523484	0.2343145012950339	0.25830951700169463	0.7493448546412061	0.7	0.3	0.7	0.3	0.0	0.6	0.3	10.0	0.1	0.5497463979667938	0.7877977010559305	1.5500417024774438	0.573216497154633
ecf-321354	1.468213122712422	1.3465735902799727	2.09861228866811	0.515268821692239	0.6999779304142704	0.7390377556391454	0.9126813362866741	0.21315300888481	0.6999779304142704	0.7390377556391454	0.9126813362866741	0.21315300888481	0.30225726862581564	0.301169120281481	0.9541357903523484	0.22463702553010964	0.27484540308941	0.698830879718519	1.0	0.4	1.0	0.0	0.1	0.5	0.4	10.0	0.0	0.5494213772607766	0.0	6.001061208638277	1.2902937392872813
ecf-259917	1.8958797346140277	2.09861228866811	2.386294361119891	0.39042866933799225	0.628336777426295	0.6163332865629578	1.0	0.2429679913834238	0.628336777426295	0.6163332865629578	1.0	0.2429679913834238	0.27190967226007345	0.25369923531164595	0.9541357903523484	0.23331692825402434	0.41194025592238265	0.746300764688354	1.0	0.4	1.0	0.1	0.1	0.7	0.2	10.0	0.0	0.749810292463335	0.0	4.36345241923748	1.129978552250639
ecf-134483	1.8408720044928795	2.09861228866811	2.6094379124341005	0.6399209963760235	0.6273416005847054	0.63267372614868	0.8253631221551779	0.17448581502284127	0.6273416005847054	0.63267372614868	0.8253631221551779	0.17448581502284127	0.28451667347034865	0.28399663411528386	0.9541357903523484	0.2321744918244405	0.25899463570693465	0.7160033658847161	0.7	0.0	0.7	0.1	0.1	0.2	0.4	10.0	0.1	1.1241559192422061	1.0054151664967268	2.6288513638493742	0.9894982495458027
ecf-233808	1.6643789733147674	1.6931471805599454	2.09861228866811	0.26595297628013365	0.2384208656181296	0.19431987363222641	0.6675509886888685	0.24189307248935848	0.2384208656181296	0.19431987363222641	0.6675509886888685	0.24189307248935848	0.27539614531590884	0.26454377053720524	0.9541357903523484	0.2327794032668456	0.31251983816978174	0.7354562294627948	1.0	0.2	1.0	0.1	0.0	0.1	0.9	10.0	0.1	0.17112881239014363	0.06615626496885406	1.3566703094969044	0.42472455661725617
ecf-256853	1.2310490601866484	1.0	1.6931471805599454	0.3465735902799727	0.46467168856294705	0.5022655852652796	0.7972530959450946	0.21128354793659201	0.46467168856294705	0.5022655852652796	0.7972530959450946	0.21128354793659201	0.2722293099939589	0.25710669319284224	0.9541357903523484	0.23257388493826614	0.2916486512899812	0.7428933068071577	0.6	0.2	0.6	0.3	0.1	0.5	0.3	10.0	0.1	0.9929666865622679	0.9651970757676451	2.8111729206433282	0.8158702769921781
ecf-328542	1.3465735902799727	1.3465735902799727	1.6931471805599454	0.37050275260909293	0.6087857380114396	0.5848191282012647	0.8616033789950089	0.24923484958356654	0.6087857380114396	0.5848191282012647	0.8616033789950089	0.24923484958356654	0.26952729284569693	0.24689987584120832	0.9541357903523484	0.233034047285469	0.32198063392758053	0.7531001241587917	0.7	0.2	0.7	0.2	0.0	0.4	0.4	10.0	0.0	0.5618548395352677	0.0	3.552522203021151	0.8922854613654233
ecf-329054	1.8147867129923947	1.6931471805599454	2.386294361119891	0.38095641789405826	0.36372891102747457	0.282021371896914	0.6675509886888685	0.1833600539995753	0.36372891102747457	0.282021371896914	0.6675509886888685	0.1833600539995753	0.26785268631113385	0.24470142998514682	0.9541357903523484	0.23327268662948863	0.2569351359722326	0.7552985700148531	0.9	0.2	0.9	0.1	0.0	0.2	0.8	10.0	0.2	0.4555426551326285	0.4567654071117568	2.03707846427942	0.5851396230930687
ecf-224095	1.3106133312235002	1.0	2.09861228866811	0.4465758384448279	0.5534296262833376	0.6507302904313014	0.8616033789950089	0.2768471760148674	0.5534296262833376	0.6507302904313014	0.8616033789950089	0.2768471760148674	0.277128720114528	0.26840896000702735	0.9541357903523484	0.23286207473739332	0.26060383401961734	0.7315910399929726	0.8	0.1	0.8	0.0	0.1	0.4	0.3	10.0	0.1	0.46039491130420274	0.04031621732352343	4.768917527345645	0.9915702250208361
ecf-339291	1.2484906649788001	1.0	2.09861228866811	0.41504737116956814	0.35889239598661654	0.19152700705673611	0.7972530959450946	0.3056660326666157	0.35889239598661654	0.19152700705673611	0.7972530959450946	0.3056660326666157	0.26102449984800125	0.23711583391141677	0.9597042741864882	0.2344341792630786	0.33576971458733096	0.7628841660885832	0.9	0.3	0.9	0.1	0.3	0.6	0.1	10.0	0.3	0.3553358469496841	0.2961806303696699	3.8526267954714895	1.0072403513524457
ecf-473443	1.0866433975699932	1.0	1.6931471805599454	0.2450645358671368	0.5667279201916849	0.5521822794460981	0.9126813362866741	0.2152808854218839	0.5667279201916849	0.5521822794460981	0.9126813362866741	0.2152808854218839	0.26021618277019776	0.2323174623668774	0.9597042741864882	0.23460906983973817	0.2778095645823403	0.7676825376331227	0.6	0.2	0.6	0.2	0.1	0.6	0.1	10.0	0.0	1.2676328325699333	1.2241089685712652	4.283409711563944	1.2811181170594028
ecf-234342	1.0693147180559945	1.0	1.6931471805599454	0.21919238442934133	0.7017324822585297	0.7074660435493272	0.9126813362866741	0.21725564152158222	0.7017324822585297	0.7074660435493272	0.9126813362866741	0.21725564152158222	0.26491915249164827	0.2433392435784331	0.9541357903523484	0.23190667147505167	0.3343909998912122	0.7566607564215669	0.9	0.4	0.9	0.1	0.1	0.9	0.0	10.0	0.1	0.7164804497446051	0.0	5.174382635453809	1.305225862484829
ecf-258916	1.4279617533648559	1.0	2.6094379124341005	0.6149712168623269	0.5176688422562936	0.5067038400100378	0.5996554800102895	0.05391481930064803	0.5176688422562936	0.5067038400100378	0.5996554800102895	0.05391481930064803	0.3058852116397471	0.30361684033734176	0.9541357903523484	0.2235501431787598	0.38952217274702267	0.6963831596626582	0.5	0.0	0.5	0.2	0.0	0.7	0.0	10.0	0.0	1.3922355809851947	1.4053139529769827	3.048199156742728	0.9023008359479296
ecf-255347	1.3531170922608828	1.0	2.09861228866811	0.4367612155037005	0.5002284713156724	0.509750093324431	0.7742856144405287	0.23349641694705836	0.5002284713156724	0.509750093324431	0.7742856144405287	0.23349641694705836	0.27287157279320384	0.2605114695833711	0.9541357903523484	0.23189918122607292	0.2881616171340622	0.7394885304166289	0.6	0.1	0.6	0.3	0.2	0.3	0.4	10.0	0.0	0.5813141683777747	0.44444187163162796	2.263391590354909	0.6044783742219103
ecf-254833	1.5545177444479563	1.6931471805599454	1.6931471805599454	0.2922565125724551	0.4519393797945177	0.3898108853032364	1.0	0.2897367838478198	0.4519393797945177	0.3898108853032364	1.0	0.2897367838478198	0.2734967149501392	0.26166465790350374	0.9541357903523484	0.2323471673995562	0.2961681930671659	0.7383353420964962	0.9	0.3	0.9	0.3	0.0	0.5	0.5	10.0	0.0	0.5118570507262566	0.0	3.412382605877588	1.177411703458136
ecf-385395	2.0499242387087424	2.09861228866811	2.9459101490553135	0.6598386369396274	0.5090590974822998	0.4595423741740841	0.8616033789950089	0.2557207343884345	0.5090590974822998	0.4595423741740841	0.8616033789950089	0.2557207343884345	0.2906568303872571	0.28954610746812914	0.9541357903523484	0.22783644492685767	0.4210584841910037	0.7104538925318709	1.0	0.4	1.0	0.0	0.0	0.7	0.3	10.0	0.0	0.5553646604048843	0.1231701340210134	3.17065291550967	0.9498836133759331
ecf-229237	1.4611099317642422	1.3465735902799727	2.6094379124341005	0.577020732774562	0.6303304810227816	0.6328575875646357	1.0	0.2792277950680048	0.6303304810227816	0.6328575875646357	1.0	0.2792277950680048	0.27622565177770375	0.2669439701581854	0.9541357903523484	0.2326375545660336	0.35702635308706043	0.7330560298418146	0.8	0.4	0.8	0.0	0.1	0.5	0.2	10.0	0.1	0.5660816290806201	0.0	3.3722603791902075	0.9445344610766409
ecf-238970	1.2761007388653334	1.0	2.09861228866811	0.43037344635664077	0.7389098854615258	0.8253631221551779	1.0	0.2765025658466381	0.7389098854615258	0.8253631221551779	1.0	0.2765025658466381	0.3015450399973877	0.2974975028098774	0.9541357903523484	0.22305988832182183	0.34925601189892475	0.7025024971901226	0.9	0.4	0.9	0.0	0.1	0.6	0.2	10.0	0.0	0.7785457809925964	0.0	5.867529816013755	1.446861883710362
ecf-369023	1.8764053269347765	1.6931471805599454	2.6094379124341005	0.5059916508254924	0.406162961423571	0.3884177630689935	1.0	0.3533081610730123	0.406162961423571	0.3884177630689935	1.0	0.3533081610730123	0.26780775998739115	0.24486185509797342	0.9541357903523484	0.23415403746098515	0.3570281958913152	0.7551381449020266	0.8	0.3	0.8	0.2	0.0	0.4	0.6	10.0	0.0	0.3730880180544085	0.20858554805665747	3.2908156169726315	0.7372243824008137
ecf-418684	1.5941261547656675	1.6931471805599454	1.6931471805599454	0.2619850088181714	0.35120747324581386	0.22352577317427122	1.0	0.38872315978376176	0.35120747324581386	0.22352577317427122	1.0	0.38872315978376176	0.26688696794364697	0.24538729604395465	0.9541357903523484	0.23336718820086713	0.3072059513982282	0.7546127039560453	0.6	0.0	0.6	0.1	0.1	0.0	0.6	10.0	0.2	0.244924824218453	0.02507294666979375	2.6190951889040095	0.7021363457923898
ecf-255352	1.3531170922608828	1.0	2.09861228866811	0.43676121550370045	0.6250854880173501	0.5149989060507026	1.0	0.25082788730490013	0.6250854880173501	0.5149989060507026	1.0	0.25082788730490013	0.272150955286633	0.25935828126323845	0.9541357903523484	0.23191505076673097	0.25916289467714865	0.7406417187367615	0.9	0.0	0.9	0.0	0.1	0.4	0.4	9.0	0.1	0.6424686683885368	0.0	3.706410243319651	1.463592757711753
ecf-221053	1.5530287158439846	1.6931471805599454	2.09861228866811	0.40576587926394675	0.3576747875522587	0.277881579593282	0.6050164715751511	0.1622223640451342	0.3576747875522587	0.277881579593282	0.6050164715751511	0.1622223640451342	0.2785887241257849	0.27170235478735594	0.9541357903523484	0.2322618924572412	0.34218825980540235	0.7282976452126441	0.6	0.1	0.6	0.1	0.0	0.4	0.3	9.0	0.0	0.6711938294650084	0.670891797554384	1.8033223482118923	0.5423434975521797
ecf-198012	1.3871201010907892	1.3465735902799727	2.09861228866811	0.42558995521249493	0.48478395284698184	0.5060118840083125	0.7972530959450946	0.17892360633355947	0.48478395284698184	0.5060118840083125	0.7972530959450946	0.17892360633355947	0.3057973018038977	0.30173699701043094	0.9541357903523484	0.2246490702477597	0.31061076205573235	0.6982630029895691	0.9	0.2	0.9	0.1	0.1	0.7	0.2	10.0	0.1	0.7729342277370508	0.7366453937659219	4.6147668475183865	0.96587449691191
ecf-266118	1.9620769726322154	1.6931471805599454	2.791759469228055	0.5613528914912076	0.3593904605935339	0.4102173095439585	0.4907023903682757	0.11498879084799866	0.3593904605935339	0.4102173095439585	0.4907023903682757	0.11498879084799866	0.2978084609394799	0.29192875958678577	0.9541357903523484	0.22921969895859687	0.29959675131531943	0.7080712404132142	0.8	0.2	0.8	0.1	0.0	0.4	0.5	10.0	0.1	0.6055831637822524	0.4228994968368166	3.4431048866677108	0.8984239155664471
ecf-238976	1.138629436111989	1.0	1.6931471805599454	0.2922565125724551	0.5501422673404609	0.5745581371005699	0.8616033789950089	0.21714039774681287	0.5501422673404609	0.5745581371005699	0.8616033789950089	0.21714039774681287	0.41815073016243315	0.41695956999883005	0.9541357903523484	0.2514227021143294	0.2974613702015648	0.58304043000117	0.9	0.4	0.9	0.1	0.2	0.7	0.1	10.0	0.1	0.820969717562971	0.674572965123544	5.46206470790559	1.1312868681589894
ecf-193415	1.3106133312235002	1.0	2.09861228866811	0.44657583844482795	0.5902658206334384	0.6050164715751511	0.7099362305302065	0.0999420124825735	0.5902658206334384	0.6050164715751511	0.7099362305302065	0.0999420124825735	0.3962471090483638	0.3936665052692614	0.9541357903523484	0.23591230927631895	0.35158479964915973	0.6063334947307386	0.6	0.2	0.6	0.2	0.2	0.3	0.3	10.0	0.1	1.320671854385554	1.5026897347427952	3.5043201012032736	1.089552315189279
ecf-257926	1.3972567287934932	1.3465735902799727	2.09861228866811	0.4449405632848265	0.511553488307905	0.5439916914900883	0.8253631221551779	0.2510235997672967	0.511553488307905	0.5439916914900883	0.8253631221551779	0.2510235997672967	0.27179379811458637	0.25071049971310627	0.9541357903523484	0.23403414678418064	0.2731368122749341	0.7492895002868938	0.8	0.0	0.8	0.0	0.1	0.3	0.4	10.0	0.1	0.7963304263373869	0.7070387663731211	2.847104929869392	0.8114941560889967
ecf-425868	2.6868192904679606	2.791759469228055	4.178053830347945	1.0346331295352043	0.4267355264297767	0.37576674248562725	0.6768862799257542	0.14586478068982525	0.4267355264297767	0.37576674248562725	0.6768862799257542	0.14586478068982525	0.2853501789348261	0.28399663411528386	0.9541357903523484	0.23214427340807237	0.3141875084191511	0.7160033658847161	0.9	0.1	0.9	0.0	0.0	0.6	0.3	10.0	0.1	1.1948213663660217	1.1384120593399505	2.617276455453298	0.7877391454776637
ecf-479629	1.8283022165960001	2.09861228866811	2.791759469228055	0.6868056479362225	0.6630931767488409	0.6943880488021008	0.9126813362866741	0.2421013187152368	0.6630931767488409	0.6943880488021008	0.9126813362866741	0.2421013187152368	0.25926970790786846	0.23190426509953438	0.9597042741864882	0.23419979002665	0.2856121399848317	0.7680957349004656	0.8	0.2	0.8	0.2	0.0	0.3	0.6	10.0	0.3	0.5965198576074887	0.0	3.43611185117674	0.9672026269274575
ecf-259471	2.443025633712537	2.6094379124341005	3.5649493574615367	0.7827658174998368	0.5873406206846683	0.4907023903682757	1.0	0.231494576819083	0.5873406206846683	0.4907023903682757	1.0	0.231494576819083	0.29332250700383	0.2883416440397496	0.9541357903523484	0.22740743819954012	0.2907691676862537	0.7116583559602504	0.9	0.2	0.9	0.0	0.0	0.7	0.2	10.0	0.0	0.23665459394503735	0.0	3.0900701635393766	1.0380739586163967
ecf-266120	1.3138892253337457	1.0	2.09861228866811	0.5360679063266818	0.5131037755651442	0.5074326736418007	0.9126813362866741	0.2613459538722399	0.5131037755651442	0.5074326736418007	0.9126813362866741	0.2613459538722399	0.2717509199276618	0.24968770745136576	0.9541357903523484	0.23271275800703323	0.2953958657215552	0.7503122925486343	0.7	0.5	0.7	0.0	0.0	0.5	0.2	10.0	0.0	0.7505860203641479	0.3893679162966602	3.7967191635331936	1.0162365273491645
ecf-327060	1.4564348191467837	1.6931471805599454	2.09861228866811	0.4117559402672115	0.5807272885094341	0.5372706351947709	0.8253631221551779	0.1923288984277046	0.5807272885094341	0.5372706351947709	0.8253631221551779	0.1923288984277046	0.3565271334963372	0.3785210849929874	0.9541357903523484	0.22925430013143722	0.2958256734806503	0.6214789150070126	0.9	0.2	0.9	0.1	0.0	0.6	0.4	10.0	0.0	0.34275833286967594	0.0	1.7633849491933615	0.5992382858991855
ecf-411543	1.5950642552587728	1.6931471805599454	2.386294361119891	0.4702258803796814	0.5300752189359828	0.5334896875146244	0.8253631221551779	0.2601981674940845	0.5300752189359828	0.5334896875146244	0.8253631221551779	0.2601981674940845	0.26150826548217737	0.23718109059917356	0.9597042741864882	0.23425056355427507	0.31549144582168775	0.7628189094008264	0.7	0.2	0.7	0.3	0.0	0.6	0.4	10.0	0.0	0.5470438164644904	0.0	4.258091903579654	1.1187342901351822
ecf-174480	1.3465735902799727	1.3465735902799727	1.6931471805599454	0.36532064071556886	0.6968748277768816	0.751124701040466	0.9126813362866741	0.22759848842773658	0.6968748277768816	0.751124701040466	0.9126813362866741	0.22759848842773658	0.2855835104900289	0.28382947774007067	0.9541357903523484	0.2325201553436527	0.2547544740417243	0.7161705222599293	1.0	0.2	1.0	0.0	0.0	0.9	0.1	10.0	0.0	0.45970562692700684	0.0	4.481235454893864	1.0741334494857961
ecf-326033	2.2848347495716363	2.2424533248940004	4.49650756146648	0.9097064423198653	0.5308168541208155	0.5802381691639011	1.0	0.28424915474784007	0.5308168541208155	0.5802381691639011	1.0	0.28424915474784007	0.2984646885920913	0.3003784839220891	0.9541357903523484	0.22925001218214422	0.30380937709757877	0.6996215160779109	1.0	0.1	1.0	0.1	0.1	0.5	0.4	10.0	0.2	1.4070073836720396	1.2508234919437617	6.5606769965737	1.4896536165730068
ecf-198043	1.2761007388653334	1.0	2.09861228866811	0.43037344635664077	0.5128629960889135	0.4969960835114835	0.8616033789950089	0.19750076828960456	0.5128629960889135	0.4969960835114835	0.8616033789950089	0.19750076828960456	0.3415941399563116	0.3636185160730694	0.9541357903523484	0.2245108681443103	0.32042184911130833	0.6363814839269306	0.8	0.1	0.8	0.1	0.4	0.2	0.3	10.0	0.1	0.8242680990312351	0.566092322129474	2.8111729206433287	0.8119787471588701
ecf-327582	1.3178053830347947	1.0	2.09861228866811	0.4266543471799914	0.5482089908799019	0.5501195577630739	1.0	0.3484893310154621	0.5482089908799019	0.5501195577630739	1.0	0.3484893310154621	0.26107502942207	0.2335820836191895	0.9541357903523484	0.2337920364378948	0.3242367548919745	0.7664179163808105	0.8	0.5	0.8	0.2	0.1	0.6	0.3	10.0	0.1	0.38255181715164505	0.011435103632682608	2.8843763246666234	0.7361587135635408
ecf-273823	1.1155245300933243	1.0	1.6931471805599454	0.2829761515034443	0.589487347603414	0.5322012917125952	1.0	0.3448715992594778	0.589487347603414	0.5322012917125952	1.0	0.3448715992594778	0.2628305850022239	0.23982518720785673	0.9541357903523484	0.2333667668890152	0.2810135331121433	0.7601748127921433	0.6	0.0	0.6	0.0	0.4	0.1	0.1	10.0	0.0	0.6536323246616703	0.07343145560749681	3.134787002321173	1.0254763569189602
ecf-172958	1.2239699336535068	1.0	2.09861228866811	0.42863599696924565	0.5835930305275994	0.4991310054900071	0.9126813362866741	0.17703200215040538	0.5835930305275994	0.4991310054900071	0.9126813362866741	0.17703200215040538	0.33820008247159594	0.3632128877214988	0.9541357903523484	0.22464096139526943	0.27120448012148296	0.6367871122785012	0.7	0.1	0.7	0.1	0.0	0.6	0.2	10.0	0.1	0.7550904845387799	0.7219241812539268	2.9887996331330755	0.8065598028356946
ecf-273819	1.1791759469228056	1.0	2.09861228866811	0.38963826174969923	0.6051380191291112	0.65172223889514	0.7972530959450946	0.16755786777893794	0.6051380191291112	0.65172223889514	0.7972530959450946	0.16755786777893794	0.34867521927829515	0.3671573453461756	0.9541357903523484	0.22081320013411931	0.30692019017703953	0.6328426546538244	0.9	0.5	0.9	0.1	0.2	0.6	0.2	10.0	0.1	0.6298927702762281	0.0	3.2284724863984957	0.9557647692234457
ecf-218027	1.1732867951399863	1.0	1.6931471805599454	0.3208647959315357	0.38676462276433593	0.4612795364118548	0.5996554800102895	0.17430653956716172	0.38676462276433593	0.4612795364118548	0.5996554800102895	0.17430653956716172	0.3369295411419756	0.34755077590026473	0.9541357903523484	0.23183221022059344	0.2723157641406241	0.6524492240997353	0.7	0.2	0.7	0.1	0.4	0.2	0.2	10.0	0.0	0.8961902355817855	0.7990974231912822	2.123925462210572	0.6537241503291921
ecf-358317	2.995644283699513	3.012675845367575	4.178053830347945	0.6804646043193854	0.47010309400188066	0.4761751822347258	0.9126813362866741	0.20804027511052628	0.47010309400188066	0.4761751822347258	0.9126813362866741	0.20804027511052628	0.28574940632549173	0.284163790490497	0.9541357903523484	0.23201152958563903	0.28106212637129424	0.715836209509503	1.0	0.4	1.0	0.0	0.0	0.7	0.3	10.0	0.0	0.6607601754646639	0.549409822169538	3.382623166225754	1.008204091706744
ecf-384431	1.3465735902799727	1.0	2.386294361119891	0.49012907173427367	0.6352751603297339	0.7306274065143727	1.0	0.30458051991194	0.6352751603297339	0.7306274065143727	1.0	0.30458051991194	0.2616564169369903	0.23858784033826053	0.9597042741864882	0.23466819959283425	0.2655095339109679	0.7614121596617395	0.8	0.2	0.8	0.2	0.2	0.5	0.3	10.0	0.0	0.22527315652170807	0.0	1.9406181980918575	0.7203176823760984
ecf-426423	1.2761007388653334	1.0	2.386294361119891	0.552570861345803	0.4995895496486624	0.4561383401181765	0.7742856144405287	0.21601215063553864	0.4995895496486624	0.4561383401181765	0.7742856144405287	0.21601215063553864	0.26081668408183245	0.2335820836191895	0.9597042741864882	0.23469082884855624	0.3373644625877816	0.7664179163808105	0.8	0.4	0.8	0.1	0.2	0.5	0.2	10.0	0.1	1.8823992244696306	1.7907357965336306	3.516154558850277	0.8943881128245434
ecf-200630	1.462098120373297	1.6931471805599454	1.6931471805599454	0.4001887112843146	0.5308627448432844	0.6166187195506934	0.6290828284776582	0.17998407182736742	0.5308627448432844	0.6166187195506934	0.6290828284776582	0.17998407182736742	0.3247202836877026	0.33097556767244074	0.9541357903523484	0.22640257990009918	0.3377429007117292	0.6690244323275593	0.3	0.2	0.3	0.0	0.0	0.1	0.2	10.0	0.1	0.4364327374015478	0.0	2.553343811341229	0.7828309051306022
ecf-165815	1.5841661524475315	1.6931471805599454	2.09861228866811	0.35679409351431596	0.5144311015125517	0.47611364102554743	0.8253631221551779	0.218705341349033	0.5144311015125517	0.47611364102554743	0.8253631221551779	0.218705341349033	0.2858463602216705	0.284163790490497	0.9541357903523484	0.23249352657149325	0.2872274241245587	0.715836209509503	0.7	0.3	0.7	0.2	0.0	0.6	0.3	10.0	0.0	0.661213525002882	0.6074336622859154	2.760474723076868	0.7306295602549568
ecf-287666	1.2746530721670275	1.0	2.09861228866811	0.5085586693530303	0.5144409209511015	0.5072055097751471	0.8253631221551779	0.1712770076980377	0.5144409209511015	0.5072055097751471	0.8253631221551779	0.1712770076980377	0.32379811530713654	0.33097556767244074	0.9541357903523484	0.22685675580304762	0.3163909669169121	0.6690244323275593	0.8	0.4	0.8	0.0	0.1	0.5	0.2	10.0	0.0	0.7697203802115977	0.5679632300652859	2.52006534936852	0.9073736734773463
ecf-263613	1.1791759469228056	1.0	2.09861228866811	0.38963826174969923	0.759111781468394	0.8113081090501363	1.0	0.2131756052616309	0.759111781468394	0.8113081090501363	1.0	0.2131756052616309	0.3195423505516809	0.3233809162659772	0.9541357903523484	0.226255409260854	0.25240819069461057	0.6766190837340228	0.8	0.5	0.8	0.2	0.3	0.6	0.1	10.0	0.0	1.305691533194378	0.0	6.5606769965737	1.923896204636391
ecf-272317	1.3988984046564275	1.0	2.09861228866811	0.5281098921817019	0.5711018135245983	0.5715477014927666	1.0	0.2521838445930418	0.5711018135245983	0.5715477014927666	1.0	0.2521838445930418	0.26685765191203986	0.2459369216330078	0.9541357903523484	0.23277238478257364	0.32404614592279785	0.7540630783669922	1.0	0.4	1.0	0.0	0.1	0.7	0.2	10.0	0.0	0.8230191920277157	0.3802937499513346	3.4471616873633253	1.1932818129057121
ecf-197049	1.4158883083359672	1.0	3.0794415416798357	0.7451108302907617	0.6186500190936043	0.5424740735076776	0.9126813362866741	0.2152801190284634	0.6186500190936043	0.5424740735076776	0.9126813362866741	0.2152801190284634	0.3016982348491703	0.3003784839220891	0.9541357903523484	0.2251368350464001	0.3420454382197509	0.6996215160779109	0.9	0.2	0.9	0.1	0.1	0.8	0.1	10.0	0.2	0.6353407862544752	0.0	3.262446483468493	0.9626885752805698
ecf-273343	1.0	1.0	1.0	0.0	0.4317898154201541	0.3878433869646472	0.6979299943329438	0.13871714003977884	0.4317898154201541	0.3878433869646472	0.6979299943329438	0.13871714003977884	0.2659827087910168	0.24486185509797342	0.9541357903523484	0.23289077694506263	0.2877563177619457	0.7551381449020266	0.8	0.3	0.8	0.1	0.5	0.4	0.0	10.0	0.1	1.0940059793960595	1.027234096175717	3.469634543215384	0.8825648143609924
ecf-168382	2.7263481827781444	2.386294361119891	4.13549421592915	1.0891013426362735	0.6760905095587993	0.640740842189271	1.0	0.18897937780751853	0.6760905095587993	0.640740842189271	1.0	0.18897937780751853	0.29055920506744526	0.2897437261762465	0.9541357903523484	0.2302155079558822	0.30269465486263786	0.7102562738237534	0.9	0.3	0.9	0.0	0.0	0.6	0.3	10.0	0.0	0.5251925743151798	0.0	3.6294832441572797	0.9211141855850632
ecf-196541	1.2484906649788001	1.0	2.09861228866811	0.41504737116956814	0.6245681547103452	0.6473767802999423	1.0	0.22834977187089467	0.6245681547103452	0.6473767802999423	1.0	0.22834977187089467	0.31101784727294524	0.3124126507909043	0.9541357903523484	0.2244046670653334	0.2721715640013543	0.6875873492090957	0.9	0.4	0.9	0.1	0.1	0.6	0.3	10.0	0.0	0.8338260022832507	0.0	6.001061208638277	1.2171610811938032
ecf-337345	2.8100144846629505	3.0794415416798357	4.044522437723423	0.973969253147189	0.4985651596488641	0.49520107152982035	1.0	0.26756579924882096	0.4985651596488641	0.49520107152982035	1.0	0.26756579924882096	0.2594422669034308	0.2322712958618404	0.9541357903523484	0.2334709046587776	0.3150128908226645	0.7677287041381596	0.9	0.1	0.9	0.2	0.0	0.6	0.4	10.0	0.2	1.6474727520836576	1.4590305287866947	5.46206470790559	1.2385013689922875
ecf-328130	2.7099274842734333	2.6094379124341005	3.9444389791664403	0.8316618716459361	0.49177794884014725	0.4761751822347258	1.0	0.20287435001108728	0.49177794884014725	0.4761751822347258	1.0	0.20287435001108728	0.29727522846733306	0.29654641971888374	0.9541357903523484	0.2288183178521855	0.26661260511997287	0.7034535802811163	1.0	0.3	1.0	0.0	0.0	0.8	0.2	10.0	0.0	0.258826171401465	0.0	3.0900701635393766	0.8583252002450201
ecf-221139	1.3465735902799727	1.3465735902799727	1.6931471805599454	0.36532064071556886	0.5796506925987562	0.5521308401415779	0.8253631221551779	0.18798022882436158	0.5796506925987562	0.5521308401415779	0.8253631221551779	0.18798022882436158	0.30264996069056654	0.30077380210178506	0.9541357903523484	0.22403208562105256	0.31909797858332695	0.6992261978982149	0.9	0.2	0.9	0.1	0.1	0.4	0.5	10.0	0.0	0.6982292142538306	0.38731853701126556	3.264840130569371	0.8943114871022922
ecf-473558	1.138629436111989	1.0	1.6931471805599454	0.2922565125724551	0.44028337688764907	0.3367108813496641	1.0	0.3998319661973453	0.44028337688764907	0.3367108813496641	1.0	0.3998319661973453	0.26018467218038105	0.2322712958618404	0.9597042741864882	0.23450073178111944	0.2575329530361367	0.7677287041381596	0.8	0.2	0.8	0.2	0.2	0.6	0.2	10.0	0.2	-0.0438624220065656	0.0	0.28591497533176086	0.2539377952142241
ecf-112599	1.2559656384611508	1.0	2.09861228866811	0.4525433898572623	0.501319052037346	0.5072055097751471	0.8616033789950089	0.2520670278016989	0.501319052037346	0.5072055097751471	0.8616033789950089	0.2520670278016989	0.3070948587636573	0.3022150399213225	0.9541357903523484	0.22491440503024465	0.3323795113913338	0.6977849600786775	0.4	0.1	0.4	0.4	0.1	0.4	0.2	10.0	0.1	0.6265518832539584	0.19344859158963496	3.0641694351072193	0.8456144211086878
ecf-256980	1.2599301927099795	1.0	1.6931471805599454	0.35873774764475586	0.5128258147110938	0.5261684226096393	0.7380458071729002	0.18683583879764834	0.5128258147110938	0.5261684226096393	0.7380458071729002	0.18683583879764834	0.30824815699256514	0.30361684033734176	0.9541357903523484	0.22411332036672552	0.301166916813735	0.6963831596626582	0.8	0.1	0.8	0.0	0.1	0.4	0.3	10.0	0.3	0.9251449543642926	0.6731001273792487	3.469634543215384	1.1174043547365409
ecf-408030	1.4969813299576002	1.6931471805599454	2.09861228866811	0.4553149769401057	0.4906274785156625	0.48424207369853606	0.9126813362866741	0.20383591894709335	0.4906274785156625	0.48424207369853606	0.9126813362866741	0.20383591894709335	0.26780203164435085	0.2459369216330078	0.9541357903523484	0.2333745591638984	0.299975606161938	0.7540630783669922	0.9	0.4	0.9	0.2	0.0	0.6	0.4	10.0	0.2	0.6711518878012659	0.7801505417789186	3.3620038790230184	1.010092560591149
ecf-331740	1.8889394668673385	2.09861228866811	2.9459101490553135	0.7154527318572402	0.6210497367437942	0.6268546942352602	0.9126813362866741	0.2433099550748323	0.6210497367437942	0.6268546942352602	0.9126813362866741	0.2433099550748323	0.26711907311226535	0.24454100487232022	0.9541357903523484	0.2331812759919267	0.26859319381057717	0.7554589951276798	0.7	0.1	0.7	0.0	0.1	0.1	0.5	10.0	0.0	1.064136163128476	0.964888561227524	3.121327848947168	1.1239258225050635
ecf-256985	1.138629436111989	1.0	2.386294361119891	0.43838476885868266	0.4309603628558732	0.32121045981582425	0.8616033789950089	0.2643358923710768	0.4309603628558732	0.32121045981582425	0.8616033789950089	0.2643358923710768	0.2732200737073746	0.25710669319284224	0.9541357903523484	0.23409411899048677	0.31272118620791167	0.7428933068071577	1.0	0.4	1.0	0.0	0.2	0.7	0.1	10.0	0.2	0.5171022554265174	0.26851279600406874	2.6239613785551823	0.7698908966009863
ecf-317919	2.6704281034493467	2.6094379124341005	3.772588722239781	0.8102963605920572	0.5505597144551269	0.485407334990367	1.0	0.18892508030381344	0.5505597144551269	0.485407334990367	1.0	0.18892508030381344	0.300170403448483	0.30173699701043094	0.9541357903523484	0.2282354649823998	0.37493657386311585	0.6982630029895691	0.9	0.2	0.9	0.1	0.0	1.0	0.0	10.0	0.0	0.2616270757264914	0.0	3.0900701635393766	0.9025117440883247
ecf-197604	1.0693147180559945	1.0	1.6931471805599454	0.21919238442934133	0.6123574686841398	0.6507302904313014	1.0	0.3007237946758759	0.6123574686841398	0.6507302904313014	1.0	0.3007237946758759	0.3054325841694647	0.30197601846587674	0.9541357903523484	0.22444543141623766	0.32428632221253884	0.6980239815341233	0.9	0.2	0.9	0.1	0.7	0.2	0.1	10.0	0.0	0.8652026325170104	0.0	6.155211888465535	1.7338928364837725
ecf-336365	1.2310490601866484	1.0	1.6931471805599454	0.3465735902799727	0.5415440687152429	0.5072055097751471	0.7099362305302065	0.15585776228173104	0.5415440687152429	0.5072055097751471	0.7099362305302065	0.15585776228173104	0.25964254641970125	0.232733834051954	0.9541357903523484	0.23371056388053912	0.348366644223967	0.767266165948046	0.9	0.1	0.9	0.1	0.0	0.6	0.3	10.0	0.1	0.8793773283581128	0.5866882314420053	2.0227155602790585	0.8596241191766512
ecf-317931	1.5296756383913244	1.6931471805599454	2.09861228866811	0.4393108947284702	0.6050164715751511	0.6050164715751511	0.6050164715751511	0.0	0.6050164715751511	0.6050164715751511	0.6050164715751511	0.0	0.2717691111206646	0.24877562389825017	0.9541357903523484	0.23418804796568443	0.30217741984672136	0.7512243761017499	0.75	0.125	0.75	0.0	0.25	0.0	0.5	8.0	0.375	0.0	0.0	0.0	0.0
ecf-471541	1.9534161491043838	1.8958797346140277	3.0794415416798357	0.7164989447917834	0.697142072075301	0.7857738507463833	1.0	0.34203093882965585	0.697142072075301	0.7857738507463833	1.0	0.34203093882965585	0.2605163078543874	0.232733834051954	0.9597042741864882	0.23468556539191066	0.39144406677042615	0.767266165948046	1.0	0.2	1.0	0.0	0.0	0.6	0.4	10.0	0.0	0.07437820064773681	0.0	1.791426006211571	0.6397983618506684
ecf-342002	1.7154615356913663	1.6931471805599454	2.6094379124341005	0.3822539026451986	0.4902585151986559	0.5048327505792963	0.7380458071729002	0.194901355448826	0.4902585151986559	0.5048327505792963	0.7380458071729002	0.194901355448826	0.26095567384085233	0.2377206458564993	0.9597042741864882	0.2343627517526726	0.30668794364523966	0.7622793541435007	0.8	0.1	0.8	0.2	0.0	0.5	0.5	10.0	0.1	0.5927999805828307	0.571655910252415	2.466332434351599	0.8057726424214962
ecf-270332	1.138629436111989	1.0	1.6931471805599454	0.29225651257245516	0.70748339314483	0.6632055300936708	0.9126813362866741	0.18478137894907196	0.70748339314483	0.6632055300936708	0.9126813362866741	0.18478137894907196	0.2733361782298537	0.2516269326069761	0.9541357903523484	0.23326542395122746	0.2842211482475572	0.7483730673930239	0.9	0.4	0.9	0.1	0.0	0.9	0.1	10.0	0.0	0.3483833643218737	0.0	4.545773976031435	0.9036764118183718
ecf-268281	1.4564348191467837	1.3465735902799727	2.386294361119891	0.5256522527028706	0.558763975898269	0.5322012917125952	1.0	0.23940202051353038	0.558763975898269	0.5322012917125952	1.0	0.23940202051353038	0.266524170772536	0.24591273698993588	0.9541357903523484	0.23250054090395794	0.24499560742659943	0.7540872630100641	0.9	0.2	0.9	0.1	0.2	0.5	0.3	10.0	0.1	0.6665088095236313	0.0	2.522021340212188	0.8822814874608216
