eclipse.jdt.core-470535	1.5769952056544678	1.6931471805599454	2.6094379124341005	0.6091780463571004	0.4216136614844542	0.37037997975494363	1.0	0.27818224502172356	0.4216136614844542	0.37037997975494363	1.0	0.27818224502172356	0.3069974550204043	0.3259268048602981	0.9070520547938462	0.2018977336543751	0.3488881058220275	0.6740731951397019	0.9	0.1	0.9	0.1	0.0	0.7	0.2	10.0	0.1	0.9900733598358726	1.0380092871078075	2.160500337501758	0.6065109369953142
eclipse.jdt.core-337415	1.5123963979403259	1.3465735902799727	2.9459101490553135	0.6505872240216227	0.6215558610477329	0.6106970087362062	1.0	0.26336755774960485	0.6215558610477329	0.6106970087362062	1.0	0.26336755774960485	0.3181603684804981	0.3467084548513856	0.594195995570733	0.2232266269174486	0.33447888269710657	0.6532915451486144	0.8	0.1	0.8	0.2	0.0	0.7	0.3	10.0	0.1	1.140860730837608	1.1492999866137332	3.6342066364017334	1.0854931559292063
eclipse.jdt.core-42243	1.4276666119016057	1.3465735902799727	2.09861228866811	0.47449032937408914	0.48059207358046196	0.46462528219666194	0.9201819031845418	0.21156044104440433	0.48059207358046196	0.46462528219666194	0.9201819031845418	0.21156044104440433	0.30743248064510276	0.32661011662737593	0.9070520547938462	0.2018884672493893	0.27181299996548486	0.6733898833726241	0.9	0.3	0.9	0.1	0.0	0.6	0.4	10.0	0.0	2.0150801174437163	1.8741206746915766	4.899873009733009	0.9869506247085809
eclipse.jdt.core-46084	2.887333473486299	2.777674030744707	4.688879454113936	0.9825811353396593	0.3264887189240951	0.3235506089438606	0.5905960185822635	0.17981687968040225	0.3264887189240951	0.3235506089438606	0.5905960185822635	0.17981687968040225	0.33423325231218204	0.34983330379294225	0.7914084742563202	0.1911221785121079	0.34928831016029716	0.6501666962070578	1.0	0.3	1.0	0.0	0.0	0.6	0.4	10.0	0.1	0.9950252862713541	0.9822466445439855	2.390421577941055	0.4659103259206804
eclipse.jdt.core-268802	1.6520497416382625	1.6931471805599454	2.386294361119891	0.6525391466012752	0.2528238771992119	0.2381146270481223	0.3298628214568202	0.05702366939665178	0.2528238771992119	0.2381146270481223	0.3298628214568202	0.05702366939665178	0.3127777000368717	0.33000762287780017	0.9070520547938462	0.2007023519821791	0.2077050637689455	0.6699923771221998	0.7	0.3	0.7	0.0	0.0	0.4	0.3	10.0	0.1	1.3358000570157094	1.2859741138637113	2.378471897517208	0.47143494177754375
eclipse.jdt.core-403457	1.0770163533955495	1.0	1.6931471805599454	0.23104906018664842	0.5235344219997906	0.5515425859915724	0.8403640012786583	0.22244053433816852	0.5235344219997906	0.5515425859915724	0.8403640012786583	0.22244053433816852	0.3224335964587678	0.3382366642473025	0.7914084742563202	0.1935421073240083	0.2994064615868183	0.6617633357526975	0.9	0.3	0.9	0.0	0.2	0.6	0.1	10.0	0.0	1.4767733597429415	1.3152358695370645	3.6760975781108938	1.0939750112364832
eclipse.jdt.core-385293	1.1791759469228056	1.0	2.09861228866811	0.3896382617496991	0.46067647685377244	0.433709272207478	0.6550347857476941	0.12589045960567571	0.46067647685377244	0.433709272207478	0.6550347857476941	0.12589045960567571	0.3608859048532918	0.36010984776492383	0.7914084742563202	0.16909057461612495	0.24054474989601993	0.6398901522350762	0.8	0.4	0.8	0.2	0.1	0.7	0.2	10.0	0.0	1.7893702188952836	1.7547633351044178	3.695900205407073	0.6370688619886502
eclipse.jdt.core-424718	1.7377758908227874	1.6931471805599454	2.6094379124341005	0.7103972500845263	0.6616631540410776	0.7348511284126118	0.9201819031845418	0.25535033212500474	0.6616631540410776	0.7348511284126118	0.9201819031845418	0.25535033212500474	0.3188301547117297	0.3366579190209502	0.7914084742563202	0.1946995180478513	0.3476160644312595	0.6633420809790498	0.9	0.3	0.9	0.2	0.0	0.7	0.3	10.0	0.1	0.769071800488796	0.0	3.5581165030440203	1.1210039884205643
eclipse.jdt.core-70665	1.4301334456564323	1.6931471805599454	2.09861228866811	0.4277306376148009	0.2642195538085371	0.23905494665337051	0.5324370733810675	0.11866731260196428	0.2642195538085371	0.23905494665337051	0.5324370733810675	0.11866731260196428	0.3191533939458986	0.3382366642473025	0.8032423003746476	0.1966222934329953	0.323454280589921	0.6617633357526975	0.9	0.2	0.9	0.0	0.0	0.4	0.5	10.0	0.2	1.1125450089669784	1.0629742506176907	1.9081893247050183	0.27837453155755565
eclipse.jdt.core-488461	1.4332169878499659	1.3465735902799727	2.386294361119891	0.5157180055768339	0.5551365993651839	0.5406650403071879	0.6293400096733536	0.05328901832466929	0.5551365993651839	0.5406650403071879	0.6293400096733536	0.05328901832466929	0.30618544071053655	0.32625436507272515	0.9070520547938462	0.20151157088668276	0.3195155101952277	0.6737456349272748	0.6	0.2	0.6	0.3	0.0	0.4	0.4	10.0	0.2	1.7413387091645638	1.4762027722187954	3.8870014498530736	0.808255928834424
eclipse.jdt.core-471062	1.2890371757896166	1.0	2.09861228866811	0.4782986103144945	0.5647498368367971	0.5892489589102714	0.8734913905634314	0.1869698393151414	0.5647498368367971	0.5892489589102714	0.8734913905634314	0.1869698393151414	0.34533603017409314	0.3474279224166298	0.7914084742563202	0.1751699965880462	0.40166607884063965	0.6525720775833702	1.0	0.4	1.0	0.0	0.1	0.7	0.2	10.0	0.2	1.182355720311613	1.0175597270252392	5.10054370519516	1.2639641447568464
eclipse.jdt.core-425493	1.3178053830347947	1.0	2.386294361119891	0.5374023338187616	0.5493243094406257	0.5468751503619812	0.8146684455957106	0.19162752593340013	0.5493243094406257	0.5468751503619812	0.8146684455957106	0.19162752593340013	0.3096745455248473	0.3278601230237283	0.9070520547938462	0.20085367806529747	0.3130825330589082	0.6721398769762716	0.8	0.1	0.8	0.3	0.1	0.9	0.0	10.0	0.1	1.7225412107614575	1.8287925047567577	2.908780637884463	1.0160645723288573
eclipse.jdt.core-28951	1.4852030263919618	1.0	2.386294361119891	0.6575771532880239	0.5609887425465647	0.6022802008591347	0.9201819031845418	0.2440636735037189	0.5609887425465647	0.6022802008591347	0.9201819031845418	0.2440636735037189	0.3548038413909052	0.34847843580978854	0.7914084742563202	0.1796643965977387	0.3136033362810772	0.6515215641902115	0.7	0.2	0.7	0.3	0.0	0.7	0.3	10.0	0.0	1.7497680823211084	1.741101108934514	4.58971808142917	1.357631448610538
eclipse.jdt.core-363293	1.2079441541679836	1.0	1.6931471805599454	0.3348218978017722	0.451337189412102	0.46614693030747684	0.775922895311158	0.19414126359538392	0.451337189412102	0.46614693030747684	0.775922895311158	0.19414126359538392	0.36150413759945776	0.3562597257007618	0.7914084742563202	0.1784687029126784	0.39468181416897036	0.6437402742992382	1.0	0.4	1.0	0.0	0.2	0.5	0.3	10.0	0.3	1.6304499378585384	1.3798524234462097	4.582600613660306	0.9596085642176642
eclipse.jdt.core-480029	1.5662960480135948	1.6931471805599454	2.09861228866811	0.4228541712455722	0.5131746403767063	0.49335158287982517	0.9201819031845418	0.19274921694348013	0.5131746403767063	0.49335158287982517	0.9201819031845418	0.19274921694348013	0.3623937254612107	0.3562597257007618	0.7914084742563202	0.17625315801306696	0.49723332738749415	0.6437402742992382	1.0	0.2	1.0	0.0	0.0	0.7	0.3	10.0	0.1	0.9551709643262781	0.9607072185054963	3.8965709008692246	1.17964337726056
eclipse.jdt.core-69658	1.198042051588556	1.0	1.6931471805599454	0.33822119203626044	0.574008979514306	0.6389413001069092	0.8403640012786583	0.19805859617808122	0.574008979514306	0.6389413001069092	0.8403640012786583	0.19805859617808122	0.3187979625805582	0.33665962109467684	0.8032423003746476	0.19630488761425985	0.30554934162804204	0.6633403789053232	0.6	0.1	0.6	0.1	0.2	0.4	0.1	10.0	0.1	0.6825598030930272	0.0	3.554163928728197	1.0761109574560423
eclipse.jdt.core-418843	2.1945063128187035	1.6931471805599454	3.1972245773362196	0.6739435927990414	0.48087473710003126	0.5086624784815887	0.7046395619678506	0.17246092546953426	0.48087473710003126	0.5086624784815887	0.7046395619678506	0.17246092546953426	0.34023788888202716	0.3517921287443464	0.7914084742563202	0.18583600536730735	0.337168137603463	0.6482078712556536	0.9	0.5	0.9	0.0	0.0	0.7	0.2	10.0	0.0	1.367193087942311	1.2712640731427602	3.9408711597658046	0.853059384115585
eclipse.jdt.core-31261	1.4839001263634863	1.0	2.791759469228055	0.7308891265147661	0.3358377153888428	0.33763257900424254	0.49117122447458794	0.0901700845689289	0.3358377153888428	0.33763257900424254	0.49117122447458794	0.0901700845689289	0.3072483744475625	0.32660513405462754	0.9070520547938462	0.2026137170022098	0.3175913620052711	0.6733948659453725	0.5	0.1	0.5	0.3	0.2	0.4	0.2	10.0	0.0	1.4922949333584918	1.4967683571598194	2.201528851142976	0.3505526447189941
eclipse.jdt.core-388634	1.1791759469228056	1.0	2.09861228866811	0.38963826174969923	0.6067091372071655	0.5045548411134504	1.0	0.2313991341921096	0.6067091372071655	0.5045548411134504	1.0	0.2313991341921096	0.32777830741710956	0.3474279224166298	0.7914084742563202	0.19362685612725017	0.37214650361448787	0.6525720775833702	1.0	0.5	1.0	0.0	0.0	0.8	0.2	10.0	0.1	1.219402610104103	1.6305729548730337	3.7640817178231454	1.2240138684675133
eclipse.jdt.core-25377	1.0693147180559945	1.0	1.6931471805599454	0.21919238442934133	0.39993527737190276	0.3976291115616807	0.556651172163195	0.104830115154783	0.39993527737190276	0.3976291115616807	0.556651172163195	0.104830115154783	0.30613327106258226	0.3252802311588237	0.9070520547938462	0.20266593927987575	0.3573989084476823	0.6747197688411763	0.8	0.2	0.8	0.2	0.2	0.8	0.0	10.0	0.0	1.5851280890100714	1.4982386606179758	3.282887891663526	0.5068161354686714
eclipse.jdt.core-410402	1.0	1.0	1.0	0.0	0.6152718083862958	0.6152718083862958	0.660941190840643	0.06458626005214162	0.6152718083862958	0.6152718083862958	0.660941190840643	0.06458626005214162	0.35261040695251283	0.3619377816820267	0.7914084742563202	0.1812785758735248	0.24757459576002497	0.6380622183179733	0.5	0.16666666666666666	0.5	0.0	0.5	0.0	0.0	6.0	0.0	2.0019540462014613	2.0019540462014613	2.0019540462014613	0.0
eclipse.jdt.core-448800	1.3080654135821979	1.0	2.386294361119891	0.5035597521768237	0.5160885767650408	0.5195358185750825	0.6737488170472423	0.13246800841628192	0.5160885767650408	0.5195358185750825	0.6737488170472423	0.13246800841628192	0.30637253319806257	0.3252802311588237	0.9070520547938462	0.20102266212101436	0.3718265435870587	0.6747197688411763	0.5	0.3	0.5	0.4	0.0	0.7	0.2	10.0	0.1	2.18372165930429	2.1169733262177655	3.7305857633949633	0.6784863341771491
eclipse.jdt.core-448043	1.9688312170871096	1.6931471805599454	2.9459101490553135	0.4240879228779951	0.5242557972323932	0.4528015926901827	0.9201819031845418	0.26201852265155945	0.5242557972323932	0.4528015926901827	0.9201819031845418	0.26201852265155945	0.3341693418614393	0.34983330379294225	0.7914084742563202	0.19096261157477187	0.3436684171505282	0.6501666962070578	1.0	0.1	1.0	0.2	0.0	0.4	0.6	10.0	0.0	0.8198060102186746	0.2177417826087896	2.434591137444753	0.9368279025618799
eclipse.jdt.core-483895	1.4332169878499659	1.3465735902799727	2.386294361119891	0.5157180055768339	0.3775707109260728	0.3910761786299521	0.556651172163195	0.11065057496547945	0.3775707109260728	0.3910761786299521	0.556651172163195	0.11065057496547945	0.3537159779686083	0.36010984776492383	0.7914084742563202	0.1785601529346505	0.22022878456468922	0.6398901522350762	0.7	0.4	0.7	0.1	0.2	0.3	0.3	10.0	0.2	1.4931407979521785	1.5581565379779865	2.617696788370171	0.5008824979645097
eclipse.jdt.core-145202	1.5849063660317289	1.6931471805599454	2.6094379124341005	0.6276061906772061	0.4902197450882919	0.5012966602046731	0.775922895311158	0.2113811617982072	0.4902197450882919	0.5012966602046731	0.775922895311158	0.2113811617982072	0.32017523326059216	0.33647936324990946	0.8032423003746476	0.196565069890544	0.30545657018621186	0.6635206367500905	0.6	0.3	0.6	0.1	0.1	0.3	0.3	10.0	0.1	1.3432947981262493	1.2866543061359437	3.9247417778359206	0.9221478921781763
eclipse.jdt.core-104245	1.6866933284461882	1.6931471805599454	2.6094379124341005	0.5701253461411782	0.5910335585120307	0.688161395415943	1.0	0.27667765216291107	0.5910335585120307	0.688161395415943	1.0	0.27667765216291107	0.3175741367860728	0.33558307383041397	0.8032423003746476	0.19670721050261195	0.33852282959950114	0.664416926169586	1.0	0.2	1.0	0.0	0.0	0.8	0.2	10.0	0.0	0.9918008565314741	1.0262778411349713	2.878927674734782	0.8845356647142888
eclipse.jdt.core-30516	1.0	1.0	1.0	0.0	0.4268823614092032	0.3264974694679847	0.8403640012786583	0.24989339038342295	0.4268823614092032	0.3264974694679847	0.8403640012786583	0.24989339038342295	0.31117714470684343	0.32950009224701327	0.9070520547938462	0.20153307682779945	0.3307554023811773	0.6704999077529867	0.7	0.0	0.7	0.0	0.5	0.2	0.0	10.0	0.2	1.0325205869050784	0.8709151142402809	2.754473500261376	0.8908399597593109
eclipse.jdt.core-341296	1.0693147180559945	1.0	1.6931471805599454	0.21919238442934136	0.6974238395017525	0.6739483899568501	1.0	0.22016567283276192	0.6974238395017525	0.6739483899568501	1.0	0.22016567283276192	0.3425454821135333	0.34863467308300433	0.7914084742563202	0.18349693676064177	0.3242796165287089	0.6513653269169957	0.8	0.5	0.8	0.3	0.2	0.7	0.1	10.0	0.0	1.3978837418316543	0.0	5.593020190292955	1.6555004693310256
eclipse.jdt.core-149562	1.2011797390542625	1.0	2.6094379124341005	0.5690222308904368	0.47555241448826613	0.4726466180766383	0.7348511284126118	0.16737943592019477	0.47555241448826613	0.4726466180766383	0.7348511284126118	0.16737943592019477	0.3216717297090285	0.33981200532620137	0.8032423003746476	0.19632909545253868	0.31380273462379127	0.6601879946737986	0.8	0.3	0.8	0.0	0.2	0.6	0.0	10.0	0.1	1.3708163506867226	1.535716899751203	3.426567271623489	0.8995677079192242
eclipse.jdt.core-208186	1.2484906649788001	1.0	2.09861228866811	0.41504737116956814	0.5321945257347348	0.5057701096586185	0.8734913905634314	0.17723658614074417	0.5321945257347348	0.5057701096586185	0.8734913905634314	0.17723658614074417	0.31491408629339024	0.3313770940936607	0.9070520547938462	0.19918604879105514	0.3048610251743499	0.6686229059063393	0.9	0.4	0.9	0.1	0.0	0.8	0.2	10.0	0.1	1.506727333316071	1.4862531080722967	4.327353816961678	1.06260041266098
eclipse.jdt.core-405051	1.6915723448631315	1.6931471805599454	2.9459101490553135	0.6091481487107443	0.6412760741784649	0.5669249301223076	1.0	0.23863470071457363	0.6412760741784649	0.5669249301223076	1.0	0.23863470071457363	0.321526873456473	0.33665962109467684	0.7914084742563202	0.1934159859581114	0.3999820126749088	0.6633403789053232	0.9	0.3	0.9	0.1	0.0	0.7	0.3	10.0	0.0	1.2394484785698072	0.0	4.253245844807957	1.435676282344706
eclipse.jdt.core-190268	1.7797905781299386	1.6931471805599454	3.0794415416798357	0.6869304883410833	0.4478458558585784	0.4764266068692533	0.5696024259319487	0.10452280303019229	0.4478458558585784	0.4764266068692533	0.5696024259319487	0.10452280303019229	0.3448204995356763	0.35479356562351266	0.7914084742563202	0.18466578503157005	0.34948263126400564	0.6452064343764874	0.6	0.1	0.6	0.2	0.0	0.6	0.2	10.0	0.0	1.7866669288381252	1.805352562198324	4.099095164980699	0.6886645978795185
eclipse.jdt.core-416313	1.1791759469228056	1.0	2.09861228866811	0.3896382617496991	0.48783511069289914	0.4764921155803008	0.9201819031845418	0.2174589918522629	0.48783511069289914	0.4764921155803008	0.9201819031845418	0.2174589918522629	0.32115906485329176	0.33981200532620137	0.7914084742563202	0.19456201424414502	0.31591066478944757	0.6601879946737986	0.7	0.3	0.7	0.3	0.2	0.7	0.1	10.0	0.0	1.5087855726199266	1.5502589456622935	4.4355674016019115	0.9685694457408817
eclipse.jdt.core-158274	1.3871201010907892	1.3465735902799727	2.09861228866811	0.4255899552124949	0.7063627498678712	0.7491566227669915	1.0	0.2858631394077374	0.7063627498678712	0.7491566227669915	1.0	0.2858631394077374	0.31938818490678617	0.33630080747886865	0.8032423003746476	0.19729109239517587	0.39175995337798664	0.6636991925211313	0.8	0.4	0.8	0.2	0.0	0.7	0.3	10.0	0.1	0.9025592765557242	0.0	5.388225777646942	1.3939783904373526
eclipse.jdt.core-301894	1.2079441541679836	1.0	1.6931471805599454	0.33482189780177213	0.6031810210746659	0.5705239655343864	1.0	0.18717292195517585	0.6031810210746659	0.5705239655343864	1.0	0.18717292195517585	0.31232581506141793	0.33000762287780017	0.9070520547938462	0.20088599537403856	0.39323862361905243	0.6699923771221998	0.9	0.4	0.9	0.1	0.2	0.7	0.1	10.0	0.0	1.2439307003751239	1.2714327463965824	3.2416449331294768	1.0559006614007063
eclipse.jdt.core-401989	1.3988984046564275	1.0	2.09861228866811	0.5281098921817019	0.642330660039526	0.7077904425661725	0.9201819031845418	0.20515033351554424	0.642330660039526	0.7077904425661725	0.9201819031845418	0.20515033351554424	0.3232271589521282	0.3405313035285355	0.7914084742563202	0.1933630947292732	0.27888387614925464	0.6594686964714644	1.0	0.4	1.0	0.1	0.1	0.6	0.3	10.0	0.2	1.5626570284484966	1.8759698592123217	4.302036008977389	1.2756024797952221
eclipse.jdt.core-11076	1.3465735902799727	1.3465735902799727	1.6931471805599454	0.36532064071556886	0.6701950535428305	0.6527767803608495	1.0	0.23082269619997514	0.6701950535428305	0.6527767803608495	1.0	0.23082269619997514	0.3348334719222945	0.344144226735832	0.7914084742563202	0.1809791992180592	0.46294826102731523	0.655855773264168	0.8	0.1	0.8	0.2	0.3	0.6	0.1	10.0	0.0	1.3358008007967141	0.0	6.604621101971435	1.8177813837865113
eclipse.jdt.core-421711	1.2310490601866484	1.0	1.6931471805599454	0.3465735902799727	0.5103917374409374	0.5364775702657973	0.8403640012786583	0.19729126391538995	0.5103917374409374	0.5364775702657973	0.8403640012786583	0.19729126391538995	0.3411550712766503	0.34718004715768475	0.7914084742563202	0.18454169086355277	0.2929324774697516	0.6528199528423153	0.9	0.3	0.9	0.0	0.1	0.5	0.3	10.0	0.1	2.1583323895068456	1.9163360092728365	4.841032509710075	0.9666761462296467
eclipse.jdt.core-451660	1.3871201010907892	1.3465735902799727	2.09861228866811	0.42558995521249493	0.5316454884777801	0.45003774341629443	1.0	0.27404572371925534	0.5316454884777801	0.45003774341629443	1.0	0.27404572371925534	0.30653339434286253	0.32543973790334735	0.9070520547938462	0.20107331008339568	0.3463019644868223	0.6745602620966527	0.8	0.1	0.8	0.3	0.0	0.5	0.5	10.0	0.0	1.3585600947736511	1.5239213457981107	3.469126886042285	0.9316644521971433
eclipse.jdt.core-29516	1.1155245300933243	1.0	1.6931471805599454	0.2829761515034443	0.5172686165898439	0.538552268511208	0.8403640012786583	0.2186744897233297	0.5172686165898439	0.538552268511208	0.8403640012786583	0.2186744897233297	0.3127356330378431	0.3301244144462438	0.9070520547938462	0.20113905800128934	0.35420744786200764	0.6698755855537561	0.5	0.1	0.5	0.1	0.1	0.4	0.1	10.0	0.0	1.4765866149296565	1.4250846228152714	4.0396717445098975	0.9359339535489746
eclipse.jdt.core-228691	1.4276666119016057	1.3465735902799727	2.09861228866811	0.47449032937408914	0.5802024452414893	0.5428173090861255	0.8734913905634314	0.21345229828406248	0.5802024452414893	0.5428173090861255	0.8734913905634314	0.21345229828406248	0.31479444230029746	0.3313770940936607	0.9070520547938462	0.19938946397834534	0.2689122669902922	0.6686229059063393	0.7	0.2	0.7	0.4	0.1	0.5	0.4	10.0	0.1	1.4084501297077974	1.6462276540411793	3.615158441431039	1.0525748092318583
eclipse.jdt.core-41554	1.3850817669777475	1.0	2.386294361119891	0.6112983539090667	0.5104816353081972	0.5005828471859541	0.8146684455957106	0.14344211923561637	0.5104816353081972	0.5005828471859541	0.8146684455957106	0.14344211923561637	0.3120542116354965	0.33000762287780017	0.9070520547938462	0.20061975116272737	0.3102555842927567	0.6699923771221998	0.8	0.3	0.8	0.1	0.0	0.7	0.2	10.0	0.0	1.7424732946939165	1.8419893965087835	4.241411387160954	0.8772782319021426
eclipse.jdt.core-234074	1.0770163533955495	1.0	1.6931471805599454	0.23104906018664842	0.5177641503119762	0.4811996186427021	1.0	0.2114449242466276	0.5177641503119762	0.4811996186427021	1.0	0.2114449242466276	0.34104415578808533	0.3485026754137342	0.7914084742563202	0.18389588298072107	0.33357125285827316	0.6514973245862659	0.8	0.4	0.8	0.1	0.2	0.7	0.0	10.0	0.1	1.4447374429664424	1.7803153860666723	2.5076757580492766	0.8815599436496896
eclipse.jdt.core-170843	1.3465735902799727	1.0	2.386294361119891	0.49012907173427367	0.6246320970377818	0.6495473324658111	0.9201819031845418	0.20838440351591728	0.6246320970377818	0.6495473324658111	0.9201819031845418	0.20838440351591728	0.3165444654949045	0.33332829933013014	0.8032423003746476	0.19810539277285305	0.3871713157879312	0.6666717006698699	0.9	0.5	0.9	0.1	0.0	0.7	0.3	10.0	0.0	1.8660267644236417	1.9646182552842628	5.351858133476067	1.4619316009241539
eclipse.jdt.core-403036	1.6761572768804056	1.6931471805599454	2.09861228866811	0.40155604579705506	0.46071429495138316	0.4184824912073376	0.775922895311158	0.19007736285054364	0.46071429495138316	0.4184824912073376	0.775922895311158	0.19007736285054364	0.3073162808340774	0.32661011662737593	0.9070520547938462	0.20220053465197713	0.31772410818592445	0.6733898833726241	0.7	0.2	0.7	0.3	0.0	0.8	0.2	10.0	0.0	1.4994677708820296	1.7091604063584158	2.6606150506902373	0.6776879694160357
eclipse.jdt.core-421469	2.0150347630467653	1.6931471805599454	3.302585092994046	0.7997870577107126	0.3290433097811615	0.3451824364224693	0.4619282801021583	0.10345596163843733	0.3290433097811615	0.3451824364224693	0.4619282801021583	0.10345596163843733	0.350200642340326	0.3619377816820267	0.7914084742563202	0.18267013832486897	0.22388338842563604	0.6380622183179733	0.8	0.2	0.8	0.3	0.0	0.3	0.7	10.0	0.0	1.4453343169409603	1.3635690809192362	2.8005042224005483	0.48521165072592737
eclipse.jdt.core-186457	1.8841014310483892	1.8958797346140277	3.0794415416798357	0.6228734222501812	0.6362104265795466	0.6328541969351247	1.0	0.2518928438606173	0.6362104265795466	0.6328541969351247	1.0	0.2518928438606173	0.3147391630686089	0.3321454635529792	0.8032423003746476	0.19812912004677288	0.38163663009732085	0.6678545364470208	0.9	0.4	0.9	0.1	0.0	0.8	0.2	10.0	0.0	1.2453783493237323	0.7232155913028329	4.946393025367902	1.5730556603122243
eclipse.jdt.core-451677	1.6643789733147674	1.6931471805599454	2.386294361119891	0.42130549725647815	0.3686727223711551	0.38925060949748247	0.5059528103438558	0.12519527222159055	0.3686727223711551	0.38925060949748247	0.5059528103438558	0.12519527222159055	0.30771384138316754	0.32660513405462754	0.9070520547938462	0.20118684265187115	0.34415274691222086	0.6733948659453725	1.0	0.4	1.0	0.0	0.1	0.8	0.1	10.0	0.0	1.654370797940308	1.440993434093412	3.434346434745281	0.7111260496677828
eclipse.jdt.core-438875	1.3106133312235002	1.0	2.09861228866811	0.44657583844482795	0.40806829191236405	0.3934255512976184	0.7348511284126118	0.14958987779477267	0.40806829191236405	0.3934255512976184	0.7348511284126118	0.14958987779477267	0.34356917003953635	0.34952209811411716	0.7914084742563202	0.18390837647062264	0.36279938877026424	0.6504779018858828	0.7	0.2	0.7	0.1	0.2	0.3	0.3	10.0	0.0	1.728520701068928	1.6542749723978123	3.533665407179856	0.48723014830054306
eclipse.jdt.core-431963	1.138629436111989	1.0	1.6931471805599454	0.2922565125724551	0.33924817906276583	0.3013473798597541	0.5905960185822635	0.15097143440309677	0.33924817906276583	0.3013473798597541	0.5905960185822635	0.15097143440309677	0.3085453877410675	0.3272376111119263	0.9070520547938462	0.2013215319020766	0.257200025377023	0.6727623888880737	1.0	0.2	1.0	0.0	0.2	0.6	0.2	10.0	0.0	1.2582502743466828	1.1702250384645354	3.023103322748636	0.4662170523104153
eclipse.jdt.core-83297	1.7078700600169934	1.6931471805599454	2.09861228866811	0.33964746771331655	0.3126888865107193	0.29182803132394225	0.5124412660602239	0.10912466784439143	0.3126888865107193	0.29182803132394225	0.5124412660602239	0.10912466784439143	0.30519692759094	0.3252802311588237	0.9070520547938462	0.20290980694700142	0.23803329885560714	0.6747197688411763	0.8	0.3	0.8	0.1	0.0	0.3	0.5	10.0	0.0	1.302471674013362	1.2976381727761734	1.899270460367059	0.2629363115883556
eclipse.jdt.core-418919	1.0693147180559945	1.0	1.6931471805599454	0.21919238442934133	0.6389031361289825	0.6211933178342708	1.0	0.2185573877957667	0.6389031361289825	0.6211933178342708	1.0	0.2185573877957667	0.3202527883118529	0.33981200532620137	0.7914084742563202	0.19467464728311049	0.3582453988631156	0.6601879946737986	0.8	0.3	0.8	0.2	0.2	0.7	0.1	10.0	0.0	1.0307776332521403	0.49787664942518767	3.5423990871486106	1.166285918075368
eclipse.jdt.core-92005	2.1990897263865143	2.039720770839918	3.70805020110221	0.9546194525039331	0.5402371338981176	0.5497342406246603	0.8403640012786583	0.1493112069208737	0.5402371338981176	0.5497342406246603	0.8403640012786583	0.1493112069208737	0.3277765514601399	0.3457564932889147	0.7914084742563202	0.19285746303881404	0.4719443457470357	0.6542435067110852	1.0	0.1	1.0	0.0	0.0	0.8	0.2	10.0	0.0	1.4263353448633085	1.6150392170730112	5.046476483924884	1.297765309016394
eclipse.jdt.core-24934	1.3080654135821979	1.0	1.6931471805599454	0.36532064071556886	0.39941096544870586	0.36750216245183426	0.6248238040019658	0.10423995970342871	0.39941096544870586	0.36750216245183426	0.6248238040019658	0.10423995970342871	0.34413635616937893	0.35150834658769353	0.7914084742563202	0.18503407058064233	0.32968543931207706	0.6484916534123064	0.7	0.3	0.7	0.2	0.3	0.2	0.4	10.0	0.0	1.8822470923723145	1.8185069500661029	2.8647443252955904	0.35479275639642716
eclipse.jdt.core-385132	1.3988984046564275	1.0	2.09861228866811	0.5281098921817019	0.501074528162491	0.49827627153299336	1.0	0.2593052287160443	0.501074528162491	0.49827627153299336	1.0	0.2593052287160443	0.345649818180901	0.3517921287443464	0.7914084742563202	0.18428485066172312	0.3754805586607304	0.6482078712556536	0.8	0.1	0.8	0.3	0.1	0.7	0.2	10.0	0.1	1.316184375086582	1.2095741089648466	4.017483829534536	1.0509036425495277
eclipse.jdt.core-417388	1.4540076900497065	1.0	2.386294361119891	0.600881734347353	0.3371135794510593	0.24774547580016384	0.649416624743956	0.1782344010975064	0.3371135794510593	0.24774547580016384	0.649416624743956	0.1782344010975064	0.32098259117390426	0.3382366642473025	0.7914084742563202	0.19480269806456454	0.3572465823812354	0.6617633357526975	0.6	0.1	0.6	0.1	0.1	0.3	0.3	10.0	0.0	1.3988322397106747	1.3306566055335716	2.614249130132312	0.4363780524640712
eclipse.jdt.core-148328	1.3531170922608828	1.0	2.09861228866811	0.43676121550370045	0.39432135700673604	0.33297819415646945	0.775922895311158	0.18013104150805895	0.39432135700673604	0.33297819415646945	0.775922895311158	0.18013104150805895	0.3207903942297273	0.3366579190209502	0.8032423003746476	0.19680615432982973	0.32061265852239607	0.6633420809790498	0.6	0.2	0.6	0.4	0.0	0.5	0.4	10.0	0.1	0.8930572749640605	0.9169058420730323	2.331433247331704	0.8224959915157876
eclipse.jdt.core-396139	1.4332169878499659	1.3465735902799727	2.386294361119891	0.5157180055768339	0.7056007084452499	0.7409173445865768	1.0	0.22632367802507367	0.7056007084452499	0.7409173445865768	1.0	0.22632367802507367	0.32492766700231673	0.34401276403144343	0.7914084742563202	0.19430029191798934	0.37536680491913615	0.6559872359685566	0.7	0.3	0.7	0.1	0.0	0.7	0.1	10.0	0.0	0.8069877201032067	0.0	5.425966105629788	1.4868707295195769
eclipse.jdt.core-483690	1.2970630773828338	1.0	1.6931471805599454	0.37050275260909293	0.5694268226674742	0.6009145834439743	0.8403640012786583	0.1802632018966587	0.5694268226674742	0.6009145834439743	0.8403640012786583	0.1802632018966587	0.30671148999316633	0.32559924464787104	0.9070520547938462	0.2015182939855198	0.34165423941572604	0.674400755352129	0.7	0.4	0.7	0.0	0.0	0.5	0.2	10.0	0.1	1.6620258049967156	1.659266787097471	4.464554938475164	1.2769187758709488
eclipse.jdt.core-430451	1.6423048350880367	1.6931471805599454	2.09861228866811	0.5093749061950223	0.573289949095011	0.6441789624254326	0.8146684455957106	0.2158709842135575	0.573289949095011	0.6441789624254326	0.8146684455957106	0.2158709842135575	0.3187368777987301	0.3366579190209502	0.7914084742563202	0.19407025135915645	0.3459063142896005	0.6633420809790498	0.9	0.3	0.9	0.0	0.0	0.6	0.3	10.0	0.1	1.408903330422975	1.449647281354852	4.030102293493747	1.1696994754488954
eclipse.jdt.core-423280	2.407033880554498	2.386294361119891	3.0794415416798357	0.4769327425671765	0.5481353921000387	0.5957049880370189	0.8403640012786583	0.2567737761274751	0.5481353921000387	0.5957049880370189	0.8403640012786583	0.2567737761274751	0.3387734136212298	0.35157296966019413	0.7914084742563202	0.18640604426715732	0.4504592987761586	0.6484270303398059	1.0	0.0	1.0	0.0	0.0	0.7	0.3	10.0	0.1	1.6064533755568073	1.1075263057826257	6.119113286189734	1.862014754829814
eclipse.jdt.core-401790	1.4564348191467837	1.6931471805599454	2.09861228866811	0.4117559402672115	0.46285211764898926	0.46418990012054295	0.7238760269481784	0.164303688941378	0.46285211764898926	0.46418990012054295	0.7238760269481784	0.164303688941378	0.3506613361559352	0.35665169130330165	0.7914084742563202	0.18091463511266764	0.3094848604135421	0.6433483086966983	0.9	0.3	0.9	0.1	0.1	0.3	0.6	10.0	0.4	1.8048286379093148	1.9283768782925672	3.0337688539460554	0.7149010288352894
eclipse.jdt.core-23162	1.3465735902799727	1.0	2.386294361119891	0.49012907173427367	0.521384314965017	0.48431741863773614	0.9201819031845418	0.18113418085244817	0.521384314965017	0.48431741863773614	0.9201819031845418	0.18113418085244817	0.3515707330976502	0.3619377816820267	0.7914084742563202	0.18048881188538368	0.33286169392853576	0.6380622183179733	0.9	0.4	0.9	0.1	0.1	0.6	0.3	10.0	0.0	1.301501527758853	1.3437328341377532	2.9736356262764008	0.80632350768145
eclipse.jdt.core-55930	1.2970630773828338	1.0	1.6931471805599454	0.37050275260909293	0.47377346104633716	0.4688496562497249	0.5247581108442547	0.038591599692303254	0.47377346104633716	0.4688496562497249	0.5247581108442547	0.038591599692303254	0.3043172174972733	0.3247019932631805	0.9070520547938462	0.20229883206971616	0.33027468726981235	0.6752980067368195	0.7	0.2	0.7	0.1	0.0	0.4	0.3	10.0	0.1	2.171830599753552	2.1623765852679853	2.5785828337977117	0.308297534869193
eclipse.jdt.core-406396	1.3178053830347947	1.0	2.09861228866811	0.42665434717999146	0.5970113514720587	0.646738251963942	0.8403640012786583	0.16116842004410972	0.5970113514720587	0.646738251963942	0.8403640012786583	0.16116842004410972	0.30524755973059425	0.32404570483622475	0.9070520547938462	0.20275451444701714	0.3811386788587981	0.6759542951637753	1.0	0.3	1.0	0.0	0.2	0.7	0.1	10.0	0.0	2.106130110207173	2.2506633086537327	5.506008813303325	1.3262768073940232
eclipse.jdt.core-17531	1.468213122712422	1.0	2.791759469228055	0.6593361685404656	0.5743279299212941	0.5646050357046576	0.8734913905634314	0.22688008135661614	0.5743279299212941	0.5646050357046576	0.8734913905634314	0.22688008135661614	0.31657245764797504	0.33332829933013014	0.8032423003746476	0.19770278666258373	0.32689909176128146	0.6666717006698699	0.8	0.5	0.8	0.3	0.2	0.7	0.1	10.0	0.0	1.2976979905600348	1.339343589501598	5.425966105629788	1.2916250777823275
eclipse.jdt.core-429949	1.5950642552587728	1.6931471805599454	2.386294361119891	0.572607819545903	0.5504888127398307	0.5841973481015943	1.0	0.3112550115529997	0.5504888127398307	0.5841973481015943	1.0	0.3112550115529997	0.3090032426994797	0.3272376111119263	0.9070520547938462	0.2014394072052062	0.2834638958165846	0.6727623888880737	0.8	0.1	0.8	0.2	0.0	0.6	0.4	10.0	0.1	0.9986002038063432	1.192947148719928	2.3814436679063653	0.782756255985781
eclipse.jdt.core-150655	1.3080654135821979	1.0	2.386294361119891	0.5035597521768238	0.39244532379427205	0.37671208112122345	0.660941190840643	0.17079207860752535	0.39244532379427205	0.37671208112122345	0.660941190840643	0.17079207860752535	0.32173791334621604	0.34005728996112256	0.8032423003746476	0.19653182288152535	0.3700146405807178	0.6599427100388775	0.7	0.4	0.7	0.2	0.2	0.5	0.2	10.0	0.1	1.503809164876691	1.480178553169686	3.0464911991074652	0.5366524668869208
eclipse.jdt.core-439431	2.212988250717213	1.8958797346140277	3.5649493574615367	0.960437852883141	0.48158494535649	0.5025040560895734	0.775922895311158	0.20297200735345378	0.48158494535649	0.5025040560895734	0.775922895311158	0.20297200735345378	0.33667490697159974	0.3512515291020987	0.7914084742563202	0.18908621770967227	0.3297132562387109	0.6487484708979012	1.0	0.3	1.0	0.0	0.0	0.7	0.3	10.0	0.1	1.411022105335478	1.3838154473427955	3.9408711597658046	1.0289610955860795
eclipse.jdt.core-277382	1.3401197381662155	1.0	2.6094379124341005	0.5888668974119768	0.580781364845269	0.6298025732753348	0.7936736835661323	0.17154557671115622	0.580781364845269	0.6298025732753348	0.7936736835661323	0.17154557671115622	0.34442055628352736	0.35335424238136315	0.7914084742563202	0.18398501736547362	0.310493497508915	0.6466457576186369	0.9	0.2	0.9	0.1	0.1	0.9	0.0	10.0	0.0	1.4608227670321499	1.5032314446067148	4.327353816961678	1.3085776053786544
eclipse.jdt.core-222080	1.109861228866811	1.0	2.09861228866811	0.3474117097641619	0.5122912551226649	0.5166937210620512	0.6293400096733536	0.09360174998361273	0.5122912551226649	0.5166937210620512	0.6293400096733536	0.09360174998361273	0.34906361440414946	0.37057463877468905	0.594195995570733	0.167156512076703	0.27547433125428594	0.6294253612253109	1.0	0.4	1.0	0.0	0.2	0.7	0.1	10.0	0.0	1.7510251460404846	1.9937528948687055	4.36657453011496	1.0469997741307449
eclipse.jdt.core-442245	1.5257495372027783	1.6931471805599454	2.386294361119891	0.5040334329154542	0.5180286902244944	0.6525005350122854	0.8403640012786583	0.2784647329523232	0.5180286902244944	0.6525005350122854	0.8403640012786583	0.2784647329523232	0.35983962977317135	0.35240960363659973	0.7914084742563202	0.1857305452684479	0.3509199780252241	0.6475903963634002	0.9	0.5	0.9	0.1	0.1	0.3	0.6	10.0	0.0	1.5488140275663802	1.3135565360100487	5.911473921411489	1.3567252886403862
eclipse.jdt.core-417669	1.2761007388653334	1.0	2.09861228866811	0.4303734463566407	0.3833613432329248	0.40795281404389716	0.5781356301750085	0.16766840904213903	0.3833613432329248	0.40795281404389716	0.5781356301750085	0.16766840904213903	0.32092869493271614	0.34005728996112256	0.7914084742563202	0.1947525691135093	0.30137834386600343	0.6599427100388775	0.8	0.2	0.8	0.1	0.2	0.6	0.1	10.0	0.0	1.1667148169277413	1.1674933325749388	2.8591693432460112	0.610667455033295
eclipse.jdt.core-405125	1.2310490601866484	1.0	1.6931471805599454	0.35793966490390583	0.5197791846459593	0.4487269835611504	0.7469835607605417	0.17988866087044436	0.5197791846459593	0.4487269835611504	0.7469835607605417	0.17988866087044436	0.3051991604516295	0.3241237553675373	0.9070520547938462	0.20313653211986168	0.3251181064508612	0.6758762446324627	0.6	0.4	0.6	0.0	0.1	0.3	0.2	10.0	0.0	1.90568734637149	1.7370866515158523	4.471935045772787	0.9663145548681241
eclipse.jdt.core-455042	1.0693147180559945	1.0	1.6931471805599454	0.21919238442934133	0.6607127241038221	0.6704579201206048	0.8734913905634314	0.1838301379719495	0.6607127241038221	0.6704579201206048	0.8734913905634314	0.1838301379719495	0.34206593642963956	0.34076003246102726	0.7914084742563202	0.1788220805837006	0.4153728360408235	0.6592399675389727	0.9	0.2	0.9	0.1	0.2	0.7	0.1	10.0	0.0	1.4641393884473644	1.5644270056336342	4.752237010926945	1.5275188782622757
eclipse.jdt.core-405889	1.0770163533955495	1.0	1.6931471805599454	0.23104906018664842	0.3532143368370945	0.28204813193352757	0.7936736835661323	0.18683966831986754	0.3532143368370945	0.28204813193352757	0.7936736835661323	0.18683966831986754	0.32103739400448744	0.3366579190209502	0.7914084742563202	0.19371720532176867	0.31207074719828454	0.6633420809790498	0.9	0.1	0.9	0.0	0.3	0.6	0.0	10.0	0.0	1.5942874430347587	1.6315587901379538	2.6110181095508658	0.48087582884513824
eclipse.jdt.core-424591	1.4969813299576002	1.3465735902799727	2.386294361119891	0.5604275730656335	0.6422059765537818	0.6037401585560429	1.0	0.24570107064842323	0.6422059765537818	0.6037401585560429	1.0	0.24570107064842323	0.3472045209047614	0.35240960363659973	0.7914084742563202	0.17529104115111174	0.33121754002605064	0.6475903963634002	0.8	0.2	0.8	0.2	0.0	0.9	0.1	10.0	0.0	1.3797425109350852	1.5907302434154127	4.36657453011496	1.3074839222168382
eclipse.jdt.core-85384	1.577622650466621	1.6931471805599454	1.6931471805599454	0.2829761515034443	0.4569943346257404	0.48491475596314515	0.649416624743956	0.17125345849443396	0.4569943346257404	0.48491475596314515	0.649416624743956	0.17125345849443396	0.34656821798637094	0.35240960363659973	0.7914084742563202	0.1805925405313538	0.229963705453008	0.6475903963634002	0.6	0.3	0.6	0.0	0.0	0.1	0.5	10.0	0.0	1.5482624602809172	1.4404697535470392	3.5600986642480112	0.6143511650575515
eclipse.jdt.core-168331	1.691178635938928	1.6931471805599454	2.9459101490553135	0.6907084358448694	0.32515422050707377	0.3160426124865499	0.649416624743956	0.16801189409544165	0.32515422050707377	0.3160426124865499	0.649416624743956	0.16801189409544165	0.31784241136224967	0.33630080747886865	0.8032423003746476	0.19806163441544625	0.3766249387409748	0.6636991925211313	0.8	0.2	0.8	0.0	0.0	0.5	0.3	10.0	0.0	1.2081344748508587	1.1883691960927605	2.2328026438900768	0.37651138513609433
eclipse.jdt.core-393356	1.9351839934249884	1.6931471805599454	2.791759469228055	0.5360376707369596	0.6685510559138801	0.7046395619678506	1.0	0.22875849572916818	0.6685510559138801	0.7046395619678506	1.0	0.22875849572916818	0.34320847150331885	0.35288192300898147	0.7914084742563202	0.18451700676014912	0.37160539060121817	0.6471180769910185	0.8	0.0	0.8	0.2	0.0	0.9	0.1	10.0	0.1	1.279462398152157	0.4289394596667156	6.119113286189734	1.691899234179421
eclipse.jdt.core-483467	2.1836746584037883	2.2424533248940004	3.0794415416798357	0.5548019279331603	0.6490008118168096	0.6579879882941686	0.8403640012786583	0.14254713452478143	0.6490008118168096	0.6579879882941686	0.8403640012786583	0.14254713452478143	0.32849220295308745	0.3469321718987397	0.7914084742563202	0.19290583630458338	0.4458427505285086	0.6530678281012603	0.9	0.2	0.9	0.1	0.0	1.0	0.0	10.0	0.0	1.7389743300119196	1.494894905230948	6.119113286189734	1.8746505675570608
eclipse.jdt.core-474762	2.3642865929241026	2.386294361119891	2.9459101490553135	0.43068430717589323	0.5863691062591613	0.6827903764042468	0.8403640012786583	0.2725743013962321	0.5863691062591613	0.6827903764042468	0.8403640012786583	0.2725743013962321	0.3285659876004428	0.34832219853657276	0.7914084742563202	0.19371565817887312	0.4310927294652068	0.6516778014634272	0.9	0.1	0.9	0.0	0.0	0.7	0.2	10.0	0.3	1.1807693719149988	0.0645941926336722	6.119113286189734	1.888754790658001
eclipse.jdt.core-424075	1.0693147180559945	1.0	1.6931471805599454	0.21919238442934133	0.6201328661503046	0.5905960185822635	1.0	0.18962180602525072	0.6201328661503046	0.5905960185822635	1.0	0.18962180602525072	0.31098775238081355	0.3287349126261587	0.9070520547938462	0.20022803829806213	0.3464803635363608	0.6712650873738413	0.7	0.2	0.7	0.3	0.0	1.0	0.0	10.0	0.0	1.906019985742658	2.1909817655393065	5.593020190292955	1.4916515799724879
eclipse.jdt.core-430987	1.5841661524475315	1.6931471805599454	2.386294361119891	0.4974085631010516	0.580182849223321	0.6009145834439743	0.7936736835661323	0.15232910853936793	0.580182849223321	0.6009145834439743	0.7936736835661323	0.15232910853936793	0.3080886902415507	0.32660513405462754	0.9070520547938462	0.2014800491934402	0.3293808057687509	0.6733948659453725	0.9	0.4	0.9	0.0	0.1	0.4	0.4	9.0	0.0	1.449289452029146	1.60403614372868	2.7334200910635436	0.8696191650566434
eclipse.jdt.core-252556	1.3106133312235002	1.0	2.09861228866811	0.44657583844482795	0.43459403708410166	0.47087517901004894	0.5542269942784451	0.12336937085445826	0.43459403708410166	0.47087517901004894	0.5542269942784451	0.12336937085445826	0.35066221913726175	0.36010984776492383	0.7914084742563202	0.1797421406354727	0.38824902261496597	0.6398901522350762	0.8	0.3	0.8	0.1	0.1	0.4	0.3	10.0	0.1	1.8704572858827917	1.7971630040217028	3.5850376125952637	0.7130628001237961
eclipse.jdt.core-409236	1.2310490601866484	1.0	1.6931471805599454	0.3465735902799727	0.49651977303163936	0.43244782253625297	0.9201819031845418	0.26633733361741946	0.49651977303163936	0.43244782253625297	0.9201819031845418	0.26633733361741946	0.3522464576096481	0.34863467308300433	0.7914084742563202	0.17820378658647645	0.24885653073482433	0.6513653269169957	0.9	0.2	0.9	0.0	0.2	0.5	0.2	10.0	0.2	1.599403982416742	1.5840354770220106	4.87740015388095	1.1430340983184777
eclipse.jdt.core-181393	1.4751851243351173	1.6931471805599454	2.09861228866811	0.47736894037465155	0.3832803213806378	0.327137381079018	0.775922895311158	0.16597778413237194	0.3832803213806378	0.327137381079018	0.775922895311158	0.16597778413237194	0.3154062580034132	0.3325548757305993	0.8032423003746476	0.19815511451058798	0.3248645287388888	0.6674451242694007	0.9	0.2	0.9	0.0	0.0	0.5	0.4	10.0	0.1	1.332642227740283	1.3594599734520925	2.1230319777546973	0.3700064813056309
eclipse.jdt.core-409245	1.5662960480135948	1.6931471805599454	2.09861228866811	0.42285417124557223	0.5670116271750623	0.5837367591589704	0.9201819031845418	0.2776246851223253	0.5670116271750623	0.5837367591589704	0.9201819031845418	0.2776246851223253	0.3585646075303136	0.35240960363659973	0.7914084742563202	0.17700716897556706	0.33393283153547665	0.6475903963634002	0.9	0.2	0.9	0.1	0.0	0.3	0.7	10.0	0.1	1.5841733183003532	1.3113162772469422	5.282865261989115	1.4128521244306578
eclipse.jdt.core-380313	1.0693147180559945	1.0	1.6931471805599454	0.21919238442934136	0.49853833828144345	0.48780369156945724	0.6807297567197331	0.1304083477494853	0.49853833828144345	0.48780369156945724	0.6807297567197331	0.1304083477494853	0.36153954143845035	0.36010984776492383	0.7914084742563202	0.17427440558318938	0.35985701223114064	0.6398901522350762	0.9	0.1	0.9	0.1	0.0	1.0	0.0	10.0	0.0	1.678648651728834	1.7551984014588984	2.7247769949075233	0.6862484074534596
eclipse.jdt.core-413083	1.0	1.0	1.0	0.0	0.3984039053900431	0.3593463021188233	0.6737488170472423	0.17995958992492195	0.3984039053900431	0.3593463021188233	0.6737488170472423	0.17995958992492195	0.3612041741614082	0.3619377816820267	0.7914084742563202	0.17759293688903716	0.31188292158672115	0.6380622183179733	0.7	0.2	0.7	0.2	0.8	0.1	0.0	10.0	0.1	1.5185841038351178	1.513496177892058	2.3604207842049565	0.48325685595010914
eclipse.jdt.core-399769	1.3178053830347947	1.0	2.386294361119891	0.5374023338187616	0.558709421471302	0.5406847887986668	0.9201819031845418	0.1843602119702866	0.558709421471302	0.5406847887986668	0.9201819031845418	0.1843602119702866	0.36155094231610635	0.36623449811611375	0.7914084742563202	0.17513791705219128	0.30934092449407635	0.6337655018838863	0.8	0.3	0.8	0.3	0.2	0.7	0.1	10.0	0.0	1.4866841864724374	1.8841710105450782	4.58971808142917	1.1229343613493177
eclipse.jdt.core-415911	1.3080654135821979	1.0	1.6931471805599454	0.36532064071556886	0.33299184669583753	0.30786112543707495	0.5939338386662131	0.1665430461886822	0.33299184669583753	0.30786112543707495	0.5939338386662131	0.1665430461886822	0.31956804374424524	0.33647936324990946	0.7914084742563202	0.19466556730853168	0.26834425673964113	0.6635206367500905	0.8	0.2	0.8	0.1	0.3	0.4	0.2	9.0	0.3	1.2198936109620326	1.1717255935347899	2.1421672181849383	0.4176572167339256
eclipse.jdt.core-420004	1.2310490601866484	1.0	1.6931471805599454	0.3465735902799727	0.470949077975246	0.49117122447458794	0.9201819031845418	0.2507043119028417	0.470949077975246	0.49117122447458794	0.9201819031845418	0.2507043119028417	0.36194889637715827	0.36752695744052744	0.7914084742563202	0.17571276908925063	0.3077769234052197	0.6324730425594726	0.7	0.3	0.7	0.2	0.2	0.4	0.3	10.0	0.2	1.1399826265761397	1.1082216147045592	2.8990547290724837	0.7859103009938024
eclipse.jdt.core-421796	1.2079441541679836	1.0	2.386294361119891	0.4678386898000714	0.5756442872568105	0.6248238040019658	0.8146684455957106	0.24650136844674686	0.5756442872568105	0.6248238040019658	0.8146684455957106	0.24650136844674686	0.3116143677615708	0.32910935318467005	0.9070520547938462	0.19997035087914775	0.370643846827334	0.67089064681533	1.0	0.3	1.0	0.0	0.2	0.7	0.1	10.0	0.0	1.7374412708262315	1.766357033815965	5.282865261989115	1.4770089792140455
eclipse.jdt.core-467618	1.4158883083359672	1.0	2.386294361119891	0.5845130251449102	0.5589281371289146	0.6055370441888063	0.7138565612886493	0.14527359688035923	0.5589281371289146	0.6055370441888063	0.7138565612886493	0.14527359688035923	0.3522940538498021	0.35240960363659973	0.7914084742563202	0.1778797176682111	0.4619949608804517	0.6475903963634002	0.9	0.4	0.9	0.1	0.1	0.7	0.2	10.0	0.1	1.292214266889796	1.3146719850939146	3.941306794710616	1.165157204680246
eclipse.jdt.core-217002	1.5375278407684165	1.6931471805599454	2.09861228866811	0.4913523433885516	0.49614006887466555	0.44310979687604685	0.9201819031845418	0.22062793165832945	0.49614006887466555	0.44310979687604685	0.9201819031845418	0.22062793165832945	0.3149740489642069	0.3313770940936607	0.9070520547938462	0.19942645878674234	0.37596012076467705	0.6686229059063393	0.9	0.3	0.9	0.1	0.0	0.8	0.2	10.0	0.1	1.669913078083417	1.6524549498071877	3.1706338974862884	0.8734613839817151
eclipse.jdt.core-431275	2.268404444442509	2.09861228866811	3.302585092994046	0.6308341241821875	0.7579423494300915	0.7469835607605417	0.9201819031845418	0.12514739366190747	0.7579423494300915	0.7469835607605417	0.9201819031845418	0.12514739366190747	0.345823883993095	0.35407481890756126	0.7914084742563202	0.1840089227999972	0.3689633049400512	0.6459251810924387	1.0	0.0	1.0	0.0	0.0	0.7	0.3	10.0	0.1	0.4832959799849275	0.0	6.119113286189734	1.5617329607776391
eclipse.jdt.core-426678	1.3465735902799727	1.3465735902799727	1.6931471805599454	0.37050275260909293	0.5598782117741717	0.5652057044660053	0.9201819031845418	0.22984775234108332	0.5598782117741717	0.5652057044660053	0.9201819031845418	0.22984775234108332	0.3501767252868593	0.35240960363659973	0.7914084742563202	0.17977856993290442	0.28157264419984207	0.6475903963634002	0.7	0.2	0.7	0.1	0.1	0.5	0.2	10.0	0.0	1.1740048312024105	1.3094336284323256	3.4349355212940056	0.9957286570250932
eclipse.jdt.core-485302	1.0	1.0	1.0	0.0	0.37399458788488305	0.2853877871409104	0.5811266022461037	0.16412935772466214	0.37399458788488305	0.2853877871409104	0.5811266022461037	0.16412935772466214	0.34702990739158024	0.34983330379294225	0.7914084742563202	0.1836263089556481	0.36998787172303327	0.6501666962070578	0.5	0.1	0.5	0.0	0.5	0.0	0.0	10.0	0.0	1.5923835610160237	1.4459079521426634	3.1901784935592583	0.5802241698253566
eclipse.jdt.core-88757	1.7454719949364002	1.6931471805599454	2.791759469228055	0.7418584832937428	0.48587698006040436	0.39827327548665226	1.0	0.2522738809450074	0.48587698006040436	0.39827327548665226	1.0	0.2522738809450074	0.30507125585247297	0.3247019932631805	0.9070520547938462	0.2032605774490978	0.3217881038769958	0.6752980067368195	0.9	0.3	0.9	0.1	0.0	0.6	0.4	10.0	0.1	1.2486907020048317	1.3851054899168935	2.792093492748717	0.8270286988287938
eclipse.jdt.core-29621	1.7701635339554949	1.6931471805599454	2.386294361119891	0.6432133616862951	0.5076991729702879	0.5189658838597082	0.8146684455957106	0.18127341307144224	0.5076991729702879	0.5189658838597082	0.8146684455957106	0.18127341307144224	0.339667219667836	0.34863467308300433	0.7914084742563202	0.18378314214392505	0.4481820007562136	0.6513653269169957	0.8	0.3	0.8	0.1	0.0	0.9	0.0	10.0	0.1	1.9561882253454173	1.9596670416110664	3.6088888284174434	0.8398985071280766
eclipse.jdt.core-162740	1.138629436111989	1.0	1.6931471805599454	0.2922565125724551	0.5721671616174505	0.5438356032946692	0.8734913905634314	0.2062571217274246	0.5721671616174505	0.5438356032946692	0.8734913905634314	0.2062571217274246	0.3394658913870481	0.3485026754137342	0.7914084742563202	0.1826325633560928	0.36454750792235047	0.6514973245862659	0.9	0.2	0.9	0.1	0.1	0.9	0.0	10.0	0.0	1.4281153900606374	1.63365106426761	4.078892457663179	1.0960396894768212
eclipse.jdt.core-460465	1.5480638923341992	1.6931471805599454	2.6094379124341005	0.5492733694679927	0.41707739876087935	0.35027208409507427	0.775922895311158	0.212437389101338	0.41707739876087935	0.35027208409507427	0.775922895311158	0.212437389101338	0.30775158780826467	0.3264297495636763	0.9070520547938462	0.20108865618674027	0.2774304694708467	0.6735702504363237	0.8	0.2	0.8	0.2	0.3	0.2	0.5	10.0	0.1	1.4296690473342788	1.284970417487005	3.7424202210419657	0.7677142316512802
eclipse.jdt.core-476859	1.4332169878499659	1.6931471805599454	1.6931471805599454	0.35873774764475586	0.5338092067410621	0.5211025283651398	0.9201819031845418	0.19553959787193853	0.5338092067410621	0.5211025283651398	0.9201819031845418	0.19553959787193853	0.3404494629465298	0.34856867424836924	0.7914084742563202	0.18278036815788412	0.32427811449040234	0.6514313257516308	0.8	0.1	0.8	0.0	0.1	0.4	0.3	10.0	0.0	1.5947563850261013	1.6310270795555277	4.302036008977389	0.9320354896952202
eclipse.jdt.core-15036	2.4026419571610145	2.6094379124341005	3.0794415416798357	0.673684988491758	0.42591350285556095	0.3887738121638662	0.7348511284126118	0.14672492575683996	0.42591350285556095	0.3887738121638662	0.7348511284126118	0.14672492575683996	0.32801711946498885	0.34718004715768475	0.7914084742563202	0.19380829992354923	0.38499688795963777	0.6528199528423153	0.8	0.1	0.8	0.4	0.1	0.3	0.6	10.0	0.0	1.68602057331428	1.741056835130183	2.5781375677691347	0.5951674906075338
eclipse.jdt.core-464570	2.6128916889589906	2.844439727056968	3.5649493574615367	0.751659979423527	0.6134754649286586	0.5304862048108994	1.0	0.2638053818031103	0.6134754649286586	0.5304862048108994	1.0	0.2638053818031103	0.3322495351807607	0.34952209811411716	0.7914084742563202	0.19230301917773868	0.4481489201235374	0.6504779018858828	1.0	0.2	1.0	0.0	0.0	0.4	0.6	10.0	0.1	1.0297738891235582	0.24491666941572676	3.812689416888522	1.1677747006672285
eclipse.jdt.core-401848	1.0693147180559945	1.0	1.6931471805599454	0.21919238442934133	0.4504275572102477	0.48443615866432654	0.649416624743956	0.14386443263810808	0.4504275572102477	0.48443615866432654	0.649416624743956	0.14386443263810808	0.34017082921829567	0.3485026754137342	0.7914084742563202	0.18265596735049558	0.38823192521099975	0.6514973245862659	0.9	0.4	0.9	0.1	0.3	0.6	0.1	10.0	0.0	1.0879071303972745	1.2198525679846663	2.915741647857498	0.8741909697136933
eclipse.jdt.core-488888	2.46476541705798	2.4978661367769956	3.9444389791664403	0.7847880401267757	0.6524497485458449	0.6421873977105239	0.9201819031845418	0.20174454739188133	0.6524497485458449	0.6421873977105239	0.9201819031845418	0.20174454739188133	0.3275300312182207	0.34458081467908974	0.7914084742563202	0.19335683793918954	0.5048271849853205	0.6554191853209103	1.0	0.3	1.0	0.0	0.0	0.9	0.1	10.0	0.0	2.1190723386186954	1.9747583033929716	6.381477550657225	1.8826809494694652
eclipse.jdt.core-434630	1.4158883083359672	1.6931471805599454	1.6931471805599454	0.35793966490390583	0.43841155030203877	0.48292505070029046	0.7348511284126118	0.18312833004502552	0.43841155030203877	0.48292505070029046	0.7348511284126118	0.18312833004502552	0.33986110064749064	0.34841243697515345	0.7914084742563202	0.1816075383203956	0.26238099892494743	0.6515875630248465	1.0	0.2	1.0	0.0	0.2	0.6	0.2	10.0	0.2	1.40685958894801	1.1405931454377713	3.5680668338971886	0.9643886647634028
eclipse.jdt.core-79809	1.5662960480135948	1.6931471805599454	2.09861228866811	0.4228541712455722	0.4777488221442226	0.46212901107629817	1.0	0.2894616913808619	0.4777488221442226	0.46212901107629817	1.0	0.2894616913808619	0.304715775047584	0.3241237553675373	0.9070520547938462	0.2025591938631022	0.43531144315888204	0.6758762446324627	0.9	0.2	0.9	0.1	0.0	0.8	0.2	10.0	0.1	1.203466549304256	1.1137912276627102	4.3845122308016276	0.9096358046677161
eclipse.jdt.core-176320	1.4158883083359672	1.3465735902799727	2.386294361119891	0.4846525973703096	0.6610627945635332	0.7605464891889542	0.8403640012786583	0.17806438343015724	0.6610627945635332	0.7605464891889542	0.8403640012786583	0.17806438343015724	0.3374173982074401	0.34458081467908974	0.7914084742563202	0.18003582275854615	0.37700000423054536	0.6554191853209103	0.9	0.5	0.9	0.2	0.1	0.6	0.3	10.0	0.0	0.9662643389950966	0.0	4.449956139054011	1.255495767665147
eclipse.jdt.core-124099	1.3871201010907892	1.3465735902799727	2.09861228866811	0.42558995521249493	0.5223436662509703	0.6328535148070351	0.7348511284126118	0.21759001612077394	0.5223436662509703	0.6328535148070351	0.7348511284126118	0.21759001612077394	0.3179081878864767	0.3348653401819593	0.8032423003746476	0.1964590336312882	0.38576167385320187	0.6651346598180408	1.0	0.3	1.0	0.0	0.1	0.7	0.2	10.0	0.0	1.3769248881093972	1.353657431806868	4.36657453011496	1.0545885064449434
eclipse.jdt.core-126914	1.3871201010907892	1.0	2.386294361119891	0.5365576822710121	0.4635756970717696	0.4182884874659616	0.8403640012786583	0.21328875573243097	0.4635756970717696	0.4182884874659616	0.8403640012786583	0.21328875573243097	0.3193666339835033	0.3366579190209502	0.8032423003746476	0.19659493593770164	0.32942987919747074	0.6633420809790498	0.8	0.4	0.8	0.2	0.1	0.6	0.3	10.0	0.0	1.8681501657005362	1.733458158039868	5.351858133476067	1.0047651861094504
eclipse.jdt.core-435397	1.864802668481782	1.6931471805599454	3.0794415416798357	0.7859357482608208	0.7182561235010354	0.8146684455957106	1.0	0.28379342152956766	0.7182561235010354	0.8146684455957106	1.0	0.28379342152956766	0.3065961387191646	0.3252802311588237	0.9070520547938462	0.20148948254353408	0.357817525017778	0.6747197688411763	0.5	0.1	0.5	0.4	0.0	0.7	0.2	9.0	0.0	4.229224493949728	4.3855985639337245	8.68406264365127	2.4439240732356615
eclipse.jdt.core-373953	1.7090076835776093	1.6931471805599454	2.6094379124341005	0.6866447309248219	0.28181971635922054	0.21177381960781946	0.6162904048701141	0.19745469061464685	0.28181971635922054	0.21177381960781946	0.6162904048701141	0.19745469061464685	0.34131432027377107	0.34718004715768475	0.7914084742563202	0.1842068573421165	0.34182565485812394	0.6528199528423153	1.0	0.4	1.0	0.1	0.1	0.3	0.6	10.0	0.0	0.9461741835932339	0.7187613532294331	2.4704550455626624	0.47945733309609273
eclipse.jdt.core-426434	1.5119312769223017	1.0	2.386294361119891	0.6456514218548175	0.4978085189987229	0.44682396709741745	0.7936736835661323	0.15781798863571594	0.4978085189987229	0.44682396709741745	0.7936736835661323	0.15781798863571594	0.319356279659894	0.3382366642473025	0.7914084742563202	0.1941993795881089	0.34703903974136757	0.6617633357526975	0.6	0.2	0.6	0.1	0.2	0.3	0.2	10.0	0.1	2.0729835192398447	2.085301245354356	3.896570900869224	0.8032001836217729
eclipse.jdt.core-429763	1.0770163533955495	1.0	1.6931471805599454	0.23104906018664845	0.244160508164477	0.2578756351994516	0.40141019167237263	0.10872555266220217	0.244160508164477	0.2578756351994516	0.40141019167237263	0.10872555266220217	0.3099192915155687	0.3281102975456878	0.9070520547938462	0.2008568911467787	0.3377009870121065	0.6718897024543122	0.8	0.1	0.8	0.1	0.5	0.4	0.0	10.0	0.2	0.8353989726855234	0.9178537668167925	2.0424816558570633	0.6001556421796236
eclipse.jdt.core-399567	1.8811568551569797	1.6931471805599454	2.386294361119891	0.2742459323224506	0.413798235607463	0.4487269835611504	0.6961059679383006	0.18765713367170522	0.413798235607463	0.4487269835611504	0.6961059679383006	0.18765713367170522	0.3243318639157752	0.3436276538633587	0.7914084742563202	0.19404439351432715	0.33672947950898824	0.6563723461366413	0.8	0.3	0.8	0.0	0.0	0.5	0.3	10.0	0.0	1.5087893756553223	1.4078520821948697	4.295805459226752	0.804723914627384
eclipse.jdt.core-180169	1.2970630773828338	1.0	1.6931471805599454	0.37050275260909293	0.5577394215802026	0.5295337222355043	1.0	0.23721114201060645	0.5577394215802026	0.5295337222355043	1.0	0.23721114201060645	0.3404790761304376	0.3469321718987397	0.7914084742563202	0.1844451326399417	0.32146061465085146	0.6530678281012603	0.7	0.3	0.7	0.0	0.2	0.2	0.3	10.0	0.0	1.7958026639850262	1.820259252198316	5.388225777646941	1.3731963396727134
eclipse.jdt.core-65738	1.5662960480135948	1.6931471805599454	2.386294361119891	0.5343902942288967	0.46686356693007586	0.48033394415417285	0.6737488170472423	0.12742693544031264	0.46686356693007586	0.48033394415417285	0.6737488170472423	0.12742693544031264	0.3441967181850558	0.34856867424836924	0.7914084742563202	0.18379675888508099	0.34905408826397794	0.6514313257516308	0.8	0.5	0.8	0.3	0.1	0.8	0.1	10.0	0.0	1.571519919218291	1.7343260424290319	3.5200933296343124	0.8334659027635333
eclipse.jdt.core-403147	1.2079441541679836	1.0	1.6931471805599454	0.33482189780177213	0.724223366669733	0.7215447643494212	1.0	0.1917201481662077	0.724223366669733	0.7215447643494212	1.0	0.1917201481662077	0.3404332887296518	0.34787506047660127	0.7914084742563202	0.1841214496332891	0.4592710724226144	0.6521249395233988	1.0	0.6	1.0	0.1	0.0	0.7	0.3	10.0	0.0	1.6298174255762987	0.0	7.29776828253138	1.8400355027953796
eclipse.jdt.core-176591	1.3178053830347947	1.0	2.09861228866811	0.42665434717999146	0.476081487289155	0.4645731890163971	0.8403640012786583	0.21141896402403362	0.476081487289155	0.4645731890163971	0.8403640012786583	0.21141896402403362	0.3156693629015392	0.3328137470305667	0.8032423003746476	0.1979853221442058	0.38410513404182334	0.6671862529694332	0.9	0.4	0.9	0.1	0.2	0.6	0.2	10.0	0.0	2.282106325752072	2.1999640641538662	4.464554938475164	0.9373153773708283
eclipse.jdt.core-456395	1.0990210257942779	1.0	1.6931471805599454	0.2619850088181714	0.42493098367489174	0.4395969737601341	0.5752203920449158	0.12739240030945587	0.42493098367489174	0.4395969737601341	0.5752203920449158	0.12739240030945587	0.3069247804502063	0.3264297495636763	0.9070520547938462	0.2020222131035786	0.33800933876380035	0.6735702504363237	0.7	0.3	0.7	0.0	0.1	0.5	0.1	10.0	0.0	1.5684271330830566	1.689033955117995	2.4809044614370035	0.5983557971526906
eclipse.jdt.core-427218	1.0693147180559945	1.0	1.6931471805599454	0.21919238442934136	0.3629575776712767	0.28204813193352757	0.775922895311158	0.17636772322661246	0.3629575776712767	0.28204813193352757	0.775922895311158	0.17636772322661246	0.34216053268991803	0.34856867424836924	0.7914084742563202	0.18332104852942646	0.3586085776946276	0.6514313257516308	1.0	0.1	1.0	0.0	0.3	0.7	0.0	10.0	0.1	1.665098860419039	1.6384444575220702	2.758470840693996	0.5260728934561995
eclipse.jdt.core-412882	1.8476371196895982	2.039720770839918	2.791759469228055	0.7838773318174996	0.6028344390799322	0.4538057691968639	1.0	0.27944233358592435	0.6028344390799322	0.4538057691968639	1.0	0.27944233358592435	0.32005702489627436	0.33647936324990946	0.7914084742563202	0.1941693567501649	0.4118790160813599	0.6635206367500905	0.9	0.2	0.9	0.2	0.0	0.5	0.5	10.0	0.1	1.651146156585186	1.9251941453768506	4.833915041941212	1.4620565068959903
eclipse.jdt.core-391376	1.5529429087511424	1.3465735902799727	2.9459101490553135	0.6752704523437091	0.6411604247799773	0.753765024974748	0.9201819031845418	0.2417825929677062	0.6411604247799773	0.753765024974748	0.9201819031845418	0.2417825929677062	0.3400964688379033	0.34787506047660127	0.7914084742563202	0.18374348407178034	0.3540751033969196	0.6521249395233988	0.9	0.3	0.9	0.1	0.0	0.6	0.4	10.0	0.1	0.9892845978769771	0.0	4.407396524635215	1.2502468948150403
eclipse.jdt.core-427216	1.5662960480135948	1.6931471805599454	2.386294361119891	0.5343902942288966	0.6384016319772049	0.5939338386662131	1.0	0.31561273213922475	0.6384016319772049	0.5939338386662131	1.0	0.31561273213922475	0.337748018041488	0.35150834658769353	0.7914084742563202	0.18835141569214517	0.28727528411514297	0.6484916534123064	0.8	0.0	0.8	0.2	0.0	0.7	0.3	10.0	0.1	1.1534316170790033	1.1428017866928197	7.585450354983161	1.4952710699111154
eclipse.jdt.core-412639	2.291583648407701	2.386294361119891	2.791759469228055	0.3970138668688463	0.6398159702263403	0.660941190840643	0.8403640012786583	0.15557021638104798	0.6398159702263403	0.660941190840643	0.8403640012786583	0.15557021638104798	0.34077140377316684	0.3517921287443464	0.7914084742563202	0.1858322350760202	0.4413945395197907	0.6482078712556536	0.7	0.1	0.7	0.1	0.0	0.6	0.2	10.0	0.2	1.7505879968951108	0.9658216916919546	6.119113286189734	2.092007836512966
eclipse.jdt.core-478427	2.376690837612506	2.3540251005511053	3.1972245773362196	0.7042584162382002	0.2176456227025805	0.13499135393719358	0.45263008483199246	0.15773072901264582	0.2176456227025805	0.13499135393719358	0.45263008483199246	0.15773072901264582	0.3201591860850597	0.3382366642473025	0.8032423003746476	0.1960954473593523	0.4040539918775022	0.6617633357526975	0.9	0.1	0.9	0.2	0.0	0.2	0.8	10.0	0.0	0.8999658974617422	0.7402273392857848	2.815493186412591	0.5577738484487437
eclipse.jdt.core-432603	1.4276666119016057	1.3465735902799727	2.09861228866811	0.47449032937408914	0.5197449047444545	0.4781339738493221	0.8734913905634314	0.2626525040682769	0.5197449047444545	0.4781339738493221	0.8734913905634314	0.2626525040682769	0.30856387408341435	0.32661011662737593	0.9070520547938462	0.20123912483251077	0.35095635864640384	0.6733898833726241	0.9	0.1	0.9	0.1	0.2	0.6	0.2	10.0	0.0	1.8357635116309208	1.949445684835743	5.7936908857551055	1.2734183121510438
eclipse.jdt.core-422107	1.6866933284461882	1.6931471805599454	2.791759469228055	0.6224932115484025	0.41572544251327304	0.4047990130920297	0.7138565612886493	0.1831806890992221	0.41572544251327304	0.4047990130920297	0.7138565612886493	0.1831806890992221	0.30561972391912307	0.32404570483622475	0.9070520547938462	0.20274977906826935	0.21556076387783135	0.6759542951637753	0.9	0.3	0.9	0.2	0.0	0.4	0.6	10.0	0.0	1.77330216044038	1.5724796026542152	4.184252973321005	0.7387472563852366
eclipse.jdt.core-413913	1.0	1.0	1.0	0.0	0.6152718083862958	0.6152718083862958	0.660941190840643	0.06458626005214162	0.6152718083862958	0.6152718083862958	0.660941190840643	0.06458626005214162	0.3414483726936133	0.34903926244655653	0.7914084742563202	0.18530852575300344	0.24757459576002497	0.6509607375534434	0.5	0.16666666666666666	0.5	0.0	0.5	0.0	0.0	6.0	0.0	2.0019540462014613	2.0019540462014613	2.0019540462014613	0.0
eclipse.jdt.core-369381	1.0	1.0	1.0	0.0	0.38168487548435037	0.39359724521606293	0.5364775702657973	0.12301276084755913	0.38168487548435037	0.39359724521606293	0.5364775702657973	0.12301276084755913	0.34257254122342584	0.34983330379294225	0.7914084742563202	0.18505821535822	0.4229450614326684	0.6501666962070578	0.6	0.2	0.6	0.2	0.8	0.0	0.0	10.0	0.0	1.7361804955612103	1.8633381198063759	2.591622179203286	0.4818503022338286
eclipse.jdt.core-165346	1.2310490601866484	1.0	1.6931471805599454	0.3465735902799727	0.575759097030965	0.5247581108442547	0.9201819031845418	0.2121857293604563	0.575759097030965	0.5247581108442547	0.9201819031845418	0.2121857293604563	0.3181993036070874	0.33630080747886865	0.8032423003746476	0.19762849857644435	0.4458375682953323	0.6636991925211313	0.7	0.3	0.7	0.2	0.1	0.5	0.3	10.0	0.0	1.779188045454219	1.9057003933706649	6.045005314036012	1.4698774094941043
eclipse.jdt.core-327143	1.8371010681238158	1.8958797346140277	2.6094379124341005	0.534054345060819	0.5167996726881032	0.4932947495014963	0.775922895311158	0.16519268652818905	0.5167996726881032	0.4932947495014963	0.775922895311158	0.16519268652818905	0.31150099609576043	0.3287349126261587	0.9070520547938462	0.20119081801709943	0.3754869797418628	0.6712650873738413	1.0	0.4	1.0	0.0	0.0	0.6	0.4	10.0	0.2	1.932706822498688	1.7889584822226923	4.429463618663894	0.9719062243973187
eclipse.jdt.core-396258	1.4564348191467837	1.3465735902799727	2.386294361119891	0.5256522527028705	0.6077800364993893	0.7142577944580145	1.0	0.3194005523376573	0.6077800364993893	0.7142577944580145	1.0	0.3194005523376573	0.3234522341086516	0.34339617463198285	0.7914084742563202	0.19430584686389554	0.31049493882847023	0.6566038253680171	1.0	0.4	1.0	0.0	0.1	0.4	0.5	10.0	0.2	0.995664406155785	0.9829597117106894	3.3369551129338015	0.9687469058570004
eclipse.jdt.core-126180	1.2484906649788001	1.0	2.09861228866811	0.41504737116956814	0.34344561354101677	0.2863571208867382	0.7138565612886493	0.19124229326939066	0.34344561354101677	0.2863571208867382	0.7138565612886493	0.19124229326939066	0.31950955011314564	0.3366579190209502	0.8032423003746476	0.19671138498792914	0.3066229468624972	0.6633420809790498	0.8	0.4	0.8	0.2	0.3	0.5	0.2	10.0	0.0	1.2642146681825173	1.165069389965999	2.9314900048256374	0.5333443020535948
eclipse.jdt.core-472815	1.0693147180559945	1.0	1.6931471805599454	0.21919238442934133	0.46182893106103473	0.4066741552069953	0.8403640012786583	0.1823669162519153	0.46182893106103473	0.4066741552069953	0.8403640012786583	0.1823669162519153	0.34589505997950043	0.35194666475599806	0.7914084742563202	0.18459398455111994	0.4696269245464864	0.6480533352440019	0.8	0.1	0.8	0.2	0.6	0.3	0.1	10.0	0.1	1.6814661902970043	1.630011630131941	3.934792113689422	0.7798868783712014
eclipse.jdt.core-412650	1.0	1.0	1.0	0.0	0.4009748385063818	0.4046350152801431	0.7046395619678506	0.22366745481783357	0.4009748385063818	0.4046350152801431	0.7046395619678506	0.22366745481783357	0.34633453915093093	0.35194666475599806	0.7914084742563202	0.18456284968795	0.3517821100624579	0.6480533352440019	0.8	0.3	0.8	0.1	0.2	0.7	0.0	10.0	0.1	1.1100754101496262	1.1310669737170995	3.2858999421335175	0.8320069466408091
eclipse.jdt.core-357110	1.8371010681238158	1.6931471805599454	2.6094379124341005	0.4224295290957691	0.49101596675302833	0.4289599415863874	0.8403640012786583	0.18491283180652637	0.49101596675302833	0.4289599415863874	0.8403640012786583	0.18491283180652637	0.34732379950080994	0.35335424238136315	0.7914084742563202	0.18378082856077863	0.42622698143261556	0.6466457576186369	1.0	0.2	1.0	0.0	0.0	0.7	0.3	10.0	0.0	1.9710842096175791	1.892038934592447	4.995183189537334	1.0481517296756335
eclipse.jdt.core-479474	1.5662960480135948	1.6931471805599454	2.09861228866811	0.4228541712455722	0.4899089436282765	0.45733497235319864	0.7936736835661323	0.1811406978976055	0.4899089436282765	0.45733497235319864	0.7936736835661323	0.1811406978976055	0.34782711828898305	0.35371453064446223	0.7914084742563202	0.18311250200834903	0.2929455483370028	0.6462854693555378	0.9	0.3	0.9	0.1	0.0	0.5	0.5	10.0	0.1	1.8455259044297174	1.8510309108650698	4.494407901624845	0.7965661248082746
eclipse.jdt.core-90612	1.0	1.0	1.0	0.0	0.523024301200386	0.4793181642091576	0.8403640012786583	0.19427323321672993	0.523024301200386	0.4793181642091576	0.8403640012786583	0.19427323321672993	0.34785202383770736	0.35335424238136315	0.7914084742563202	0.1827402449210341	0.28480968069394236	0.6466457576186369	0.6	0.2	0.6	0.1	0.1	0.6	0.0	10.0	0.1	1.5070067659978812	1.5210451834734637	3.347005448787303	0.976870230268386
eclipse.jdt.core-423409	1.4382026634673881	1.0	2.6094379124341005	0.6282951124352592	0.4696672375602206	0.45407834118506074	0.6961059679383006	0.1672061147920815	0.4696672375602206	0.45407834118506074	0.6961059679383006	0.1672061147920815	0.34864319672168825	0.35407481890756126	0.7914084742563202	0.1817532483051459	0.32486789311560604	0.6459251810924387	0.9	0.1	0.9	0.1	0.1	0.6	0.3	10.0	0.1	1.5833052784577708	1.635876749584339	3.149356499039003	0.7524736182414549
eclipse.jdt.core-193784	1.6643789733147674	1.6931471805599454	2.386294361119891	0.5331656951125	0.6742113761991879	0.789065476265641	1.0	0.29019075768133595	0.6742113761991879	0.789065476265641	1.0	0.29019075768133595	0.3149552952021143	0.3319949226753265	0.9070520547938462	0.19953032249137387	0.4386892304842454	0.6680050773246735	1.0	0.0	1.0	0.1	0.1	0.9	0.0	10.0	0.0	0.8961253373270447	0.0	6.486838066315051	1.6340743684722394
eclipse.jdt.core-441338	1.138629436111989	1.0	2.386294361119891	0.43838476885868266	0.5067516947976499	0.5518528070404042	0.8403640012786583	0.21665332188700792	0.5067516947976499	0.5518528070404042	0.8403640012786583	0.21665332188700792	0.3068903996025105	0.3259268048602981	0.9070520547938462	0.20095555094873332	0.45342649659700784	0.6740731951397019	0.8	0.4	0.8	0.2	0.2	0.7	0.1	10.0	0.2	2.0887991493236546	1.7788116255346946	4.2773433963870175	1.2627106959291172
eclipse.jdt.core-471034	1.6173786103901937	1.6931471805599454	2.6094379124341005	0.5150987972882871	0.598953682087355	0.6165849156232155	1.0	0.3320398780866783	0.598953682087355	0.6165849156232155	1.0	0.3320398780866783	0.3302179376727804	0.34856867424836924	0.7914084742563202	0.19301913832308726	0.3119580185491125	0.6514313257516308	0.9	0.2	0.9	0.1	0.0	0.6	0.4	10.0	0.1	1.1756292539824136	1.0045338636539984	8.68406264365127	1.4518688135817948
eclipse.jdt.core-341499	1.4158883083359672	1.6931471805599454	1.6931471805599454	0.35793966490390583	0.5336117616652003	0.6009145834439743	0.775922895311158	0.1810626800360695	0.5336117616652003	0.6009145834439743	0.775922895311158	0.1810626800360695	0.3116850960527035	0.32950009224701327	0.9070520547938462	0.20111661294028824	0.4165507440363968	0.6704999077529867	0.8	0.2	0.8	0.2	0.0	0.5	0.5	10.0	0.1	1.7915183382899895	1.7513957674701235	3.693630056872534	0.9516316197947973
eclipse.jdt.core-403705	1.1155245300933243	1.0	1.6931471805599454	0.28297615150344435	0.5003379980955962	0.5696024259319487	0.660941190840643	0.1731216740926456	0.5003379980955962	0.5696024259319487	0.660941190840643	0.1731216740926456	0.34900452336701043	0.3577910702671392	0.7914084742563202	0.18230647803826117	0.3343556314172333	0.6422089297328608	0.6	0.2	0.6	0.0	0.1	0.4	0.1	10.0	0.0	1.4399568264899643	1.299561807497465	2.1272842874932283	0.5224161231220694
