271362
203795
175138
65572
35888
278598
409680
218223
312434
435321
279697
201880
484548
203993
177379
209155
168198
149816
190780
232771
307524
151884
156021
393597
173447
202124
343455
383448
179677
146912
250340
98790
170474
342512
486911
230911
406018
248334
405015
215579
138803
228935
220745
186963
231001
255587
272021
424597
273049
170678
205493
158418
187094
156385
217824
162557
129817
319268
238392
157504
262976
417603
98123
205655
260953
167774
344929
216946
214914
206721
166801
220069
166826
108466
225210
208855
207836
215014
68606
