443410
52257
296998
111653
304174
317497
288847
261198
364628
250961
233559
125013
298066
43103
462948
409707
299127
430195
300157
42110
446604
226444
424083
338089
272567
301242
49352
407759
289992
378068
170192
303313
306392
427227
442614
290034
289028
99585
193798
260362
331028
218437
239940
466252
88397
287049
287078
172388
262511
331115
77193
62863
342410
372128
279981
395691
294322
353731
354766
386518
49619
377318
300536
408072
24082
397842
298520
202273
307756
31300
264770
80455
262732
152142
279124
260694
418384
243284
434791
337514
47729
465521
162434
288385
54922
299667
406171
278201
286406
30412
236251
262877
246501
84724
316155
408330
12044
46875
120615
342858
285523
29531
231263
275308
29553
342926
330640
325523
79793
264112
250806
274364
81856
90057
68562
295901
417765
272366
267241
200685
400374
201718
460799
47097
432125
411641
