56321
47111
51229
49209
36923
54338
50252
57420
49240
56409
54371
51310
53366
56441
56449
50310
56472
57509
48324
57544
51401
57546
45272
56536
54497
47331
52480
51467
57643
46381
51532
56665
49503
52586
52587
49522
48498
49525
50550
53624
49530
51584
55684
48523
49550
51610
51630
51644
52671
49613
47568
52719
50683
51713
59908
42503
50720
50737
50747
51774
57931
33356
44633
52833
53863
58023
39592
54955
57011
43706
55996
42693
51910
49865
56045
47866
58119
58157
46915
58192
55125
50027
47987
55177
53138
56213
55210
58296
52156
52173
50127
56293
53225
54249
48113
49144
48121
