421383	-1
270342	7
144902	37
267776	5
244742	113
303617	38
383491	2
305155	9
35339	31
396808	1
52750	13
321035	2
334864	77
462352	1
28698	264
103450	5
90140	1
329252	35
321574	1
217126	70
329248	129
317474	1
27687	7
162856	22
267829	14
283697	460
11317	3
55349	534
13877	-1
67124	8
296498	185
361535	1
178744	4
284728	1
331320	12
375354	21
52801	659
113731	280
263751	1
26699	31
266831	5
239695	1
108115	2
258135	3
66646	14
267358	1
305255	1
19043	161
274023	55
38499	82
436832	1
357997	44
140392	2
262766	1
64108	105
323690	5
62062	64
341109	28
102512	44
47731	252
28277	58
151668	12
373885	3
211578	-1
65659	3
194175	2
297593	29
22655	12
216707	74
321157	521
313478	32
312966	1
317057	3
53383	2
395919	1
267918	8
492173	524
432781	5
374920	1
437398	177
398995	1
416401	2
285852	7
19097	3
285854	4
310424	13
304792	177
32412	967
309415	11
167590	5
7845	2
330415	23
91306	11
289455	14
252591	69
274091	2
81078	1
81083	16
373950	1
54459	24
63675	8
373944	6
290491	2
460997	1
12996	3
32967	1
365775	4
312014	-1
338638	32
67274	41
244431	-1
24271	365
183507	86
185043	203
99540	1
303314	5
108247	23
316627	8
41688	1
465630	58
308957	4
297183	7
121057	7
42208	41
333541	30
66787	32
235750	3
338656	9
94951	236
450286	1
258792	1
150249	177
162541	3
189682	1
58098	288
388342	299
81140	2
392946	2
263935	54
46332	117
267002	2
99072	28
368390	1
401666	5
318734	33
276744	2
185102	1
318731	36
416022	-1
420116	13
339223	1
81172	15
288529	1
124182	16
249620	2
381714	34
335132	19
185113	5
82204	9
228641	2
334625	3
45349	31
271139	85
331053	3
102696	307
317224	7
9517	140
338731	3
318772	9
443191	1
311603	3
276285	1
153912	343
295230	7
333631	360
264504	208
337209	1
20288	3
368452	3
143171	20
232773	340
179018	3
129354	12
55628	1
457547	6
230222	1
100174	4
239442	2
259408	19
310609	1
259413	9
41302	5
185172	25
165210	1
18780	11
341851	1
300901	31
369510	1
272737	10
246635	4
266092	10
331116	11
419692	20
367465	1
256879	1
294763	20
328554	141
285556	1
342391	2
70005	9
343422	10
186754	3
291716	17
239490	8
418692	2
393602	34
176516	1
224132	31
368015	1
201096	7
430487	9
202129	3
313751	1062
51093	6
82839	279
245140	1
390546	2
61338	5
215448	56
199064	636
299928	32
329626	33
90528	37
262050	29
64419	1
374689	2
17317	36
179109	205
9127	1
265645	2
436141	1
276906	29
275370	1
62896	1
300981	27
125872	2
186291	10
215473	1
393143	1
260528	29
224183	4
55221	2289
187316	2
13243	64
339896	9
432056	1
58817	165
394692	7
59845	15
411585	30
243147	1
329677	39
32714	2
336841	7
403927	3
387536	1
13269	7
233941	10
304083	10
30169	-1
140248	1
139231	16
251356	1
265188	1
251362	13
190438	2
344544	2
188910	1
344552	12
31214	1
411636	212
328694	3
51187	10
153079	26
14837	117
276466	2
314354	35
44535	675
300542	4
329720	30
364539	44
395257	1
60415	1
218437	-1
226444	28
250961	242
251572	9
254759	-1
255743	2
260694	272
262732	72
264770	20
266085	1
267241	165
269524	3
272742	1
285523	13
288385	70
288847	48
288931	17
289028	4
291996	10
292903	11
295901	4
320511	1
320878	1
324719	6
325523	38
330640	6
339614	8
343245	127
353731	51
364628	19
386518	151
395691	67
407759	9
409707	-1
417765	1
418384	-1
424083	95
430574	1
446604	-1
450861	1
170192	3
181193	31
193798	45
200685	88
202273	-1
233559	35
246501	-1
250806	2
251629	9
260362	-1
261797	15
29531	80
299667	-1
300157	-1
300536	49
300780	10
304217	76
314069	1
314585	4
337514	9
362496	3
367629	8
400374	13
406171	74
408330	13
42110	1
52257	95
52460	13
54922	-1
55675	12
62863	93
68562	28
99585	3
172388	812
203132	1
209611	1
221828	1
242801	4
243284	-1
248659	2
251327	2
252415	1
252779	7
253674	8
255449	1
256574	1
256575	1
259093	6
261100	3
261198	434
262511	40
262877	93
264720	1
266443	1
266646	1
266878	1
267554	4
267616	58
272366	53
278201	29
279124	8
283851	1
285024	2
286406	-1
287049	562
288121	2
289280	1
289655	1
289992	86
294322	31
296229	6
296781	1
296784	1
297116	8
297280	1
297663	1
297709	32
298951	1
299127	38
303313	-1
303698	5
303705	1
304927	2
306970	1
308199	1
308978	7
309977	3
316155	18
318388	9
319854	2
321385	2
322812	1
331115	11
333461	2
333654	1
338089	59
338673	1
339000	1
342410	6
342858	13
348758	4
353126	33
356778	2
358823	8
362404	32
369319	1
372973	-1
376381	1
376882	1
377318	63
378068	88
393932	1
394296	3
399087	2
408060	2
408072	223
409717	1
416016	1
416935	6
416998	4
420188	1
425109	1
427227	17
432132	3
433026	6
434791	-1
437847	78
440804	1
443410	255
460799	235
465521	-1
100155	5
111653	270
12044	61
120615	295
125013	-1
133141	10
135219	8
137091	6
150244	10
152142	282
161282	149
162434	-1
164677	1
189931	41
193795	2
195808	5
201718	34
228506	4
231263	252
232333	1
232828	1
234170	1
236251	14
239940	23
24082	15
244514	1
256532	15
262389	164
264112	464
271757	1
27194	5
274364	24
275286	3
275308	250
280333	5
287078	13
290034	83
29553	28
296589	13
298066	179
298520	96
301242	-1
30412	31
304191	1
306392	5
307756	171
310903	1
31300	21
317497	-1
321608	25
331028	20
332421	2
340338	20
342926	341
354766	119
372128	10
397842	612
405780	1
406995	3
411641	367
4121	2
430195	17
43103	112
43228	2
434269	27
435279	3
442614	-1
45356	1
46875	91
47097	221
47729	170
489202	36
491756	28
49352	803
51092	2
62878	31
63250	5
63400	9
67691	4
68586	63
75843	169
76439	2
77193	10
79793	4
80455	7
81109	-1
81856	-1
81983	2
84269	1
84724	71
88397	44
90057	-1
90249	2
96302	3
9852	1
99330	26
249549	29
260865	16
264999	6
273499	2
279981	213
286221	104
304174	51
352785	5
398648	9
432125	47
440930	6
462948	96
256087	11
272567	83
302831	13
466252	68
478780	1
49619	1298
296998	118
