52488	6
48139	92
50189	11
48660	270
51739	1
18462	80
48176	157
57136	1
48692	1
52792	34
49721	6
49991	3
38216	1
58187	2
51276	2
48973	1
49234	369
49757	125
49758	1
51294	1
54624	1
37984	1
50018	244
53090	1
54370	-1
56418	2
43366	3
49000	1
57708	1
54382	30
41327	65
41074	6
42361	1
49536	81
50306	1
49284	7
43142	1
49030	1
46471	3
49543	7
48266	41
48267	776
37515	8
58508	98
50325	22
55958	4
38553	19
49567	5
52387	1
13731	7
52135	36
48296	-1
55469	2
49075	18
28852	39
56248	2
46264	13
49340	124
51136	1
40901	1
56777	99
47820	45
47827	153
48861	357
55267	25
49892	1
48870	134
50929	197
57841	88
19444	1
49909	-1
55798	47
52474	68
