421383	584
270342	1
144902	10
267776	1
244742	170
303617	118
383491	9
305155	17
35339	18
396808	3
52750	10
321035	1
334864	11
462352	2
28698	391
103450	2
90140	64
329252	58
321574	1
217126	30
329248	153
317474	1
27687	5
162856	11
267829	6
283697	30
11317	2
55349	153
13877	1414
67124	14
296498	16
361535	2
178744	11
284728	1
331320	9
375354	3
52801	125
113731	93
263751	2
26699	10
266831	15
239695	9
108115	15
258135	1
66646	1
267358	1
305255	1
19043	62
274023	83
38499	27
436832	3
357997	4
140392	2
262766	1
64108	54
323690	1
62062	44
341109	6
102512	9
47731	361
28277	94
151668	42
373885	3
211578	206
65659	1
194175	1
297593	2
22655	3
216707	19
321157	15
313478	4
312966	2
317057	5
53383	14
395919	1
267918	11
492173	211
432781	5
374920	4
437398	247
398995	2
416401	1
285852	1
19097	3
285854	4
310424	3
304792	27
32412	1202
309415	3
167590	6
7845	1
330415	8
91306	5
289455	3
252591	196
274091	1
81078	2
81083	4
373950	1
54459	43
63675	9
373944	4
290491	1
460997	1
12996	4
32967	1
365775	1
312014	809
338638	8
67274	227
244431	663
24271	328
183507	1
185043	8
99540	2
303314	2
108247	11
316627	1
41688	2
465630	1
308957	1
297183	6
121057	55
42208	50
333541	3
66787	47
235750	1
338656	3
94951	527
450286	1
258792	1
150249	130
162541	6
189682	1
58098	304
388342	30
81140	1
392946	1
263935	32
46332	27
267002	1
99072	28
368390	2
401666	1
318734	17
276744	1
185102	3
318731	98
416022	126
420116	1
339223	1
81172	26
288529	1
124182	2
249620	5
381714	23
335132	3
185113	1
82204	6
228641	12
334625	1
45349	5
271139	99
331053	7
102696	197
317224	1
9517	28
338731	2
318772	6
443191	2
311603	1
276285	2
153912	133
295230	5
333631	184
264504	29
337209	3
20288	3
368452	4
143171	6
232773	60
179018	1
129354	7
55628	13
457547	4
230222	1
100174	2
239442	1
259408	1
310609	2
259413	8
41302	22
185172	27
165210	1
18780	14
341851	3
300901	45
369510	1
272737	8
246635	3
266092	5
331116	2
419692	288
367465	3
256879	1
294763	12
328554	5
285556	4
342391	1
70005	7
343422	2
186754	1
291716	10
239490	3
418692	1
393602	16
176516	1
224132	75
368015	1
201096	10
430487	92
202129	5
313751	461
51093	10
82839	627
245140	1
390546	14
61338	2
215448	25
199064	437
299928	36
329626	11
90528	8
262050	14
64419	2
374689	1
17317	10
179109	8
9127	1
265645	1
436141	5
276906	8
275370	1
62896	1
300981	2
125872	1
186291	5
215473	1
393143	2
260528	14
224183	1
55221	2425
187316	4
13243	30
339896	1
432056	2
58817	20
394692	6
59845	10
411585	7
243147	1
329677	15
32714	1
336841	3
403927	3
387536	1
13269	4
233941	35
304083	3
30169	1360
140248	6
139231	3
251356	24
265188	1
251362	5
190438	1
344544	1
188910	1
344552	21
31214	2
411636	91
328694	1
51187	13
153079	1
14837	83
276466	1
314354	41
44535	46
300542	2
329720	44
364539	64
395257	4
60415	2
218437	1565
226444	36
250961	68
251572	2
254759	14
255743	1
260694	135
262732	-1
264770	58
266085	1
267241	187
269524	1
272742	1
285523	15
288385	-1
288847	-1
288931	7
289028	-1
291996	-1
292903	-1
295901	63
320511	2
320878	1
324719	3
325523	123
330640	24
339614	8
343245	4
353731	-1
364628	-1
386518	61
395691	-1
407759	-1
409707	-1
417765	50
418384	69
424083	68
430574	1
446604	138
450861	1
170192	12
181193	4
193798	23
200685	112
202273	-1
233559	337
246501	-1
250806	11
251629	1
260362	66
261797	17
29531	946
299667	3159
300157	38
300536	14
300780	5
304217	1
314069	2
314585	1
337514	-1
362496	1
367629	1
400374	20
406171	17
408330	14
42110	69
52257	-1
52460	6
54922	523
55675	10
62863	168
68562	15
99585	-1
172388	117
203132	1
209611	3
221828	1
242801	3
243284	3177
248659	1
251327	1
252415	1
252779	4
253674	3
255449	1
256574	1
256575	1
259093	11
261100	1
261198	103
262511	124
262877	21
264720	1
266443	1
266646	1
266878	1
267554	2
267616	12
272366	21
278201	16
279124	64
283851	1
285024	1
286406	31
287049	182
288121	3
289280	1
289655	1
289992	39
294322	40
296229	4
296781	1
296784	1
297116	4
297280	10
297663	1
297709	2
298951	1
299127	32
303313	490
303698	1
303705	1
304927	1
306970	1
308199	1
308978	3
309977	5
316155	23
318388	14
319854	3
321385	2
322812	1
331115	27
333461	1
333654	1
338089	249
338673	1
339000	1
342410	82
342858	28
348758	4
353126	3
356778	3
358823	3
362404	5
369319	1
372973	5
376381	1
376882	1
377318	16
378068	2
393932	2
394296	2
399087	1
408060	1
408072	226
409717	1
416016	1
416935	4
416998	2
420188	2
425109	4
427227	87
432132	3
433026	2
434791	1724
437847	2
440804	3
443410	269
460799	1088
465521	2207
100155	4
111653	174
12044	29
120615	81
125013	-1
133141	5
135219	15
137091	22
150244	6
152142	30
161282	132
162434	1307
164677	1
189931	1
193795	1
195808	5
201718	277
228506	1
231263	1063
232333	1
232828	1
234170	1
236251	19
239940	38
24082	15
244514	1
256532	1
262389	26
264112	983
271757	1
27194	13
274364	8
275286	3
275308	45
280333	2
287078	14
290034	4
29553	20
296589	8
298066	450
298520	129
301242	1101
30412	9
304191	1
306392	47
307756	19
310903	1
31300	97
317497	80
321608	10
331028	78
332421	1
340338	6
342926	133
354766	137
372128	96
397842	13
405780	11
406995	1
411641	323
4121	2
430195	20
43103	45
43228	1
434269	1
435279	2
442614	502
45356	1
46875	17
47097	278
47729	130
489202	1
491756	4
49352	1089
51092	1
62878	4
63250	30
63400	10
67691	1
68586	1
75843	12
76439	2
77193	23
79793	7
80455	22
81109	3
81856	33
81983	1
84269	1
84724	92
88397	28
90057	135
90249	2
96302	3
9852	1
99330	7
249549	8
260865	3
264999	5
273499	1
279981	64
286221	3
304174	31
352785	3
398648	2
432125	8
440930	7
462948	141
256087	8
272567	56
302831	6
466252	158
478780	6
49619	764
296998	39
