149506	4
199169	5
173060	2
182277	85
153093	5
329218	1
205833	2
169480	539
232463	1
296970	5
297483	1
173072	146
394260	28
273943	1
155158	660
211477	36
170516	1
352274	17
276509	1
177177	39
218648	31
441883	196
313381	2
119843	23
222753	262
202272	3
179238	10
206887	1526
230447	51
226349	113
190515	5
172080	38
280630	11
56371	1
280119	6
355890	4
401983	12
163384	6
191545	1
173119	3
177212	8
251970	34
229441	22
118850	1585
129093	4
129094	1
220235	4
322637	1
233034	5
166984	181
151112	34
218697	47
267848	21
229453	2
164438	15
174168	4
321624	9
418392	564
140381	431
203356	40
406119	2
210529	11
308321	5
149604	91
293474	1927
153195	13
232041	1
172137	10
203375	1
183405	199
277611	53
154739	761
227963	1
183417	1
196735	1
216703	3
96384	5
266880	1
203914	1
152200	1
164495	1
263306	1
214156	1
166546	6
209554	11
173712	34
179345	4
155796	476
238235	5
201369	291
315039	8
295577	3
297115	2
94366	478
221852	57
147619	1
324773	7
268966	8
209056	75
229024	56
134311	14
178855	2
128683	124
311979	11
172721	9
211127	1
116919	1609
165045	1
89782	2
264383	13
168126	2
224447	23
215743	56
228031	1
95935	1
96962	9
436418	118
476867	2
180420	7
475855	14
179401	8
269007	9
113870	148
182483	48
270549	77
274646	243
174800	7
229584	404
309469	1
264413	1
280286	1
289502	2
199896	11
173791	14
180960	3
158945	2
291559	1
154853	7
430305	1
461549	1
184041	4
443114	21
201966	21
128236	4
371944	1
272107	27
209138	6
94448	4
274678	2
298742	57
153329	3
171767	15
204021	3
226037	34
323827	3
118008	19
229626	7
496382	22
229624	24
274687	13
172793	1
156414	1
416507	2
185597	55
196866	1
232706	51
61185	5
206081	43
247553	31
262918	17
213255	5
272641	21
170756	8
184068	506
400129	1
196874	1
216329	4
332047	2
188168	119
212745	2
231688	48
196878	1
212755	1
196882	1
197906	2
215314	16
206610	561
160017	2
134426	6
461083	9
183070	2
354586	7
139037	614
132893	14
274724	9
150305	400
183073	19
125221	1
208164	236
159020	15
266548	25
107312	3
198961	39
198965	2
95542	12
182075	2
171838	234
131391	2
131394	2
173378	8
181058	4
312646	2
184646	10
97605	22
184644	301
281923	2
235336	33
252751	108
326472	6
126796	8
186701	134
313175	1
172374	28
302928	7
141655	2
217941	1
201044	12
344914	2
221019	4
163161	353
459100	1
241503	10
187228	10
261474	17
185696	9
50018	211
201572	2
287599	1
247663	651
113004	152
370536	243
130414	10
138093	154
269685	1
372087	6
34165	65
130424	63
405375	1
188280	2
195454	4
264057	10
82302	5
154493	279
225148	6
150916	23
166795	3
311183	2
138127	1056
149900	243
167313	10
190869	2
164762	1
220569	4
108954	1302
121245	1
308633	4
183708	8
228765	21
172451	1
183715	1
198050	1
344996	319
266144	100
326561	1
154030	3
264106	39
176045	47
76211	3
250801	5
240053	1
381875	251
231860	1
179125	5
163258	72
171962	10
309693	1
256954	9
155070	3
380857	840
143293	9
283588	93
197056	8
286656	4
238539	4
307149	99
109003	8
443338	715
143823	5
248268	1
151501	12
308693	7
213457	2
201681	68
266711	1
231382	2
197077	49
125913	2
223194	1
149976	1
199129	41
183260	2
168417	6
154593	29
115173	1
117732	3
137700	22
176613	3
228840	107
136172	1
151538	2
219123	1
231409	71
252913	32
465909	3
164337	22
226800	143
152054	52
266737	2
152059	1
218618	2
264696	28
335353	2
136314	5
151884	14
153460	4
156021	20
156385	432
157504	114
158326	2
162557	11
166826	575
168337	3
173715	2
175138	117
175356	2
175566	9
176509	2
177379	626
179677	65
181063	2
187094	287
190780	144
191973	6
195267	1
195394	2
199134	4
202124	272
203795	-1
205655	272
205767	4
208855	18
209155	-1
214914	-1
215014	24
217824	291
219250	13
220745	801
225210	14
229382	2
230911	-1
231001	331
237764	2
238934	1
280070	1
290138	1
296917	-1
311927	4
312434	12
334523	-1
343455	92
94956	1
97109	5
98123	59
124815	2
125179	1
138803	18
167774	288
168198	12
186963	452
206721	16
207466	8
211931	3
212771	8
226352	15
228935	93
231652	5
238392	61
248334	-1
255587	243
262976	111
268751	2
269001	1
271362	-1
275296	-1
278598	-1
279697	12
288343	7
290756	3
304426	4
313952	8
344929	-1
355873	6
357654	2
393597	80
406018	-1
409680	24
424597	31
458995	1
486911	-1
65572	508
108466	12
146912	930
149816	1602
150081	2
151324	1
152199	3
158418	22
166680	2
168669	6
169852	1
170474	1642
170678	3
172675	6
173447	85
173741	4
178491	11
181343	2
181476	2
183245	1
183250	8
185955	4
187390	1
191231	1
197410	1
197817	2
198881	4
203993	332
205493	12
207836	580
210026	1
215579	152
216937	1
216946	140
220069	37
226788	1
228044	6
231977	1
232771	223
234376	1
238487	1
256859	9
307524	436
312466	2
313187	1
321891	7
120938	50
129817	1068
144967	3
160043	1
172398	2
201304	1
201306	5
201308	1
201880	11
210018	7
218223	103
220179	1
248519	1
250340	9
257852	8
258129	3
258881	1
260953	12
272021	8
272309	3
272985	1
273049	29
273421	1
274765	3
292938	6
296113	1
304041	1
305232	1
308547	6
319268	117
330278	2
334843	2
342512	1116
356209	4
35888	552
367980	12
383448	163
391828	1
409969	1
417603	85
435321	67
466783	2
477658	9
482554	1
484548	153
488805	2
489924	1
63287	1
65204	20
68606	131
98790	11
166801	24
183587	3
405015	50
409352	2
