eclipse.jdt.core-470535	1.566866230277026	1.3465735902799727	2.6094379124341005	0.6855170939575617	0.4848485675996197	0.4002021048316574	1.0	0.2199752092216932	0.4848485675996197	0.4002021048316574	1.0	0.2199752092216932	0.2797886164825579	0.2796241502585344	0.6838014947650576	0.17082160775954813	0.37698376465416533	0.7203758497414656	0.6	0.2	0.6	0.0	0.0	0.5	0.1	10.0	0.3	1.4525865051130813	1.5611110990116464	3.832032379731653	1.008071508681433
eclipse.jdt.core-337415	1.0693147180559945	1.0	1.6931471805599454	0.21919238442934133	0.826862923982142	0.8041710645809215	1.0	0.09870175690023893	0.826862923982142	0.8041710645809215	1.0	0.09870175690023893	0.1618958462686578	0.16478562018686171	0.29736155187708546	0.09515515836055811	0.3691126439499477	0.8352143798131383	0.8	0.3	0.8	0.2	0.0	1.0	0.0	10.0	0.0	0.0	0.0	0.0	0.0
eclipse.jdt.core-42243	1.2761007388653334	1.0	2.09861228866811	0.4303734463566407	0.5088462724627603	0.46462528219666194	0.9201819031845418	0.17779181276519132	0.5088462724627603	0.46462528219666194	0.9201819031845418	0.17779181276519132	0.2859416933265031	0.2897336512676938	0.6838014947650576	0.16969612168666548	0.2825728694139561	0.7102663487323062	0.7	0.2	0.7	0.2	0.0	0.6	0.3	10.0	0.0	2.2065074788291303	2.114877955141878	4.899873009733009	0.9266313726234351
eclipse.jdt.core-46084	1.0	1.0	1.0	0.0	0.8948802397701006	0.8968366468739866	1.0	0.05103581225797447	0.8948802397701006	0.8968366468739866	1.0	0.05103581225797447	0.2969575406782143	0.29784345268292867	0.6838014947650576	0.16451598369431955	0.3523143435868517	0.7021565473170713	0.1	0.0	0.1	0.0	0.0	0.1	0.0	10.0	0.0	1.619108884214609	0.0	7.9909154630913255	3.0677763280578856
eclipse.jdt.core-268802	1.3465735902799727	1.0	2.386294361119891	0.6931471805599454	0.4890570417048877	0.41277105555571286	1.0	0.2606630593173014	0.4890570417048877	0.41277105555571286	1.0	0.2606630593173014	0.27649841512695966	0.27601156214579736	0.6838014947650576	0.17108089598433096	0.2842009660059115	0.7239884378542026	0.4	0.4	0.4	0.0	0.0	0.3	0.1	10.0	0.2	1.9365672237994758	1.7429934856391998	6.486838066315051	1.2427708361938652
eclipse.jdt.core-403457	1.0	1.0	1.0	0.0	0.5454563645941747	0.5198100592751632	0.8403640012786583	0.16043344674931745	0.5454563645941747	0.5198100592751632	0.8403640012786583	0.16043344674931745	0.27345569913470064	0.27437447215384125	0.6838014947650576	0.1694586288357293	0.23565065872829452	0.7256255278461587	0.4	0.3	0.4	0.0	0.0	0.4	0.0	10.0	0.0	1.696297508997688	1.9432580064068414	4.08894279351668	1.1246486194897014
eclipse.jdt.core-385293	1.0866433975699932	1.0	1.6931471805599454	0.2450645358671368	0.4680037850663323	0.433709272207478	0.6550347857476941	0.11668447770631679	0.4680037850663323	0.433709272207478	0.6550347857476941	0.11668447770631679	0.29489388836297864	0.29736155187708546	0.5485503882432059	0.13128121987008817	0.27849822449191786	0.7026384481229145	0.6	0.4	0.6	0.2	0.1	0.6	0.1	10.0	0.0	1.780004165750467	1.6674529597570513	3.695900205407073	0.642959573572923
eclipse.jdt.core-424718	1.0990210257942779	1.0	1.6931471805599454	0.2619850088181714	0.8114098858089229	0.8041710645809215	0.9201819031845418	0.08407611285735665	0.8114098858089229	0.8041710645809215	0.9201819031845418	0.08407611285735665	0.2704424312316663	0.2708336673822232	0.6838014947650576	0.16976339479947214	0.29748411915233225	0.7291663326177769	0.6	0.3	0.6	0.1	0.0	0.7	0.0	10.0	0.0	0.6785342391584224	0.0	6.19915599386327	1.763844792070101
eclipse.jdt.core-70665	1.4540076900497065	1.6931471805599454	2.09861228866811	0.4482274579193943	0.3034477911578635	0.2902057789718525	0.5324370733810675	0.09829878257388848	0.3034477911578635	0.2902057789718525	0.5324370733810675	0.09829878257388848	0.273817914216354	0.27479161328271745	0.6838014947650576	0.17091921111972744	0.24627303712294357	0.7252083867172825	0.7	0.2	0.7	0.0	0.0	0.3	0.4	10.0	0.2	1.3850329191457522	1.365523095083369	2.1964543871775577	0.3426732253496421
eclipse.jdt.core-488461	1.138629436111989	1.0	1.6931471805599454	0.30998484282887173	0.6269313140546134	0.6188430184589093	0.8146684455957106	0.09891224534531505	0.6269313140546134	0.6188430184589093	0.8146684455957106	0.09891224534531505	0.280207429693205	0.28136392739328153	0.6838014947650576	0.16976501887389278	0.3763904741875748	0.7186360726067185	0.3	0.2	0.3	0.2	0.0	0.4	0.1	10.0	0.2	2.6051916352083895	2.566846891237728	6.158333999343014	1.7735927652748682
eclipse.jdt.core-471062	1.0	1.0	1.0	0.0	0.664639072229595	0.6390505361470861	0.8734913905634314	0.11843883881480304	0.664639072229595	0.6390505361470861	0.8734913905634314	0.11843883881480304	0.3134423985428645	0.30726621092345074	0.6667341836295159	0.14676012820318443	0.507353458730104	0.6927337890765493	0.8	0.5	0.8	0.1	0.1	0.8	0.0	10.0	0.0	1.8335514763995504	2.3073356957526436	6.19915599386327	1.8504648487587982
eclipse.jdt.core-425493	1.0	1.0	1.0	0.0	0.6437320703468716	0.6054764409850693	1.0	0.17944200007910402	0.6437320703468716	0.6054764409850693	1.0	0.17944200007910402	0.2789889076005602	0.2782273109891002	0.6838014947650576	0.16935775136773046	0.3136388761825635	0.7217726890108997	0.3	0.2	0.3	0.2	0.0	0.5	0.0	10.0	0.0	2.009109561944265	1.825497608859905	6.8923031744232155	1.856653419117089
eclipse.jdt.core-28951	1.3465735902799727	1.0	2.386294361119891	0.5890618332444972	0.6549801952231955	0.662722988805827	0.9201819031845418	0.1500398936480744	0.6549801952231955	0.662722988805827	0.9201819031845418	0.1500398936480744	0.3172648348025657	0.3173573611145242	0.6667341836295159	0.14803500964347766	0.399987622391257	0.6826426388854758	0.7	0.3	0.7	0.3	0.0	0.8	0.2	10.0	0.0	1.8534605797023564	2.0331369736381495	4.58971808142917	1.5867541552270388
eclipse.jdt.core-363293	1.0866433975699932	1.0	1.6931471805599454	0.24506453586713683	0.527587539061147	0.47937941967079556	0.775922895311158	0.158305713889554	0.527587539061147	0.47937941967079556	0.775922895311158	0.158305713889554	0.3234257845989634	0.3176092290642202	0.6667341836295159	0.14820761143611266	0.45189192066578626	0.6823907709357798	0.8	0.4	0.8	0.0	0.1	0.6	0.1	10.0	0.1	1.6941617243027285	1.8184085861423152	4.582600613660306	1.1495557987960479
eclipse.jdt.core-480029	1.198042051588556	1.0	1.6931471805599454	0.3382211920362604	0.6648363442645181	0.6341406548901314	0.9201819031845418	0.0914848418673499	0.6648363442645181	0.6341406548901314	0.9201819031845418	0.0914848418673499	0.3203397906978202	0.3173573611145242	0.6667341836295159	0.14389622231073737	0.382683046001463	0.6826426388854758	0.6	0.3	0.6	0.1	0.0	0.7	0.0	10.0	0.0	0.9647603455755474	0.0	4.184252973321006	1.3687680080566649
eclipse.jdt.core-69658	1.138629436111989	1.0	1.6931471805599454	0.30998484282887173	0.5048561993478666	0.4689203844391324	0.8403640012786583	0.18945662751457906	0.5048561993478666	0.4689203844391324	0.8403640012786583	0.18945662751457906	0.2713045656785172	0.27304037555425065	0.6838014947650576	0.16964031139496924	0.30989234287495016	0.7269596244457494	0.4	0.1	0.4	0.1	0.1	0.4	0.0	10.0	0.3	1.3404364074250845	1.4542238655000201	3.554163928728197	0.9626244072237685
eclipse.jdt.core-418843	1.0	1.0	1.0	0.0	0.827843331157544	0.8275162234371845	0.9201819031845418	0.053052655949936744	0.827843331157544	0.8275162234371845	0.9201819031845418	0.053052655949936744	0.3134232481585248	0.31711800743548657	0.6838014947650576	0.15754439116958827	0.3452535460646088	0.6828819925645134	0.2	0.1	0.2	0.0	0.0	0.2	0.0	10.0	0.0	0.6196058813356881	0.0	6.19915599386327	1.7852359605909216
eclipse.jdt.core-31261	1.2239699336535068	1.0	2.791759469228055	0.6334826354731833	0.3786038087456067	0.33873927345184884	0.6550347857476941	0.1286645258598073	0.3786038087456067	0.33873927345184884	0.6550347857476941	0.1286645258598073	0.2855037077610587	0.28913485492298174	0.6838014947650576	0.1698630615408772	0.34543381109865595	0.7108651450770183	0.5	0.2	0.5	0.3	0.2	0.5	0.1	10.0	0.0	1.7144292477210097	1.6200779843039332	2.8405182266199107	0.3804629465247292
eclipse.jdt.core-388634	1.0	1.0	1.0	0.0	0.6974580792324474	0.7010089783522961	1.0	0.18779712801837636	0.6974580792324474	0.7010089783522961	1.0	0.18779712801837636	0.2763847828735305	0.2787877868514434	0.6838014947650576	0.17175920732613936	0.3453844197900426	0.7212122131485565	0.7	0.4	0.7	0.0	0.0	0.7	0.0	10.0	0.0	1.091202989788852	0.0	5.97601244254906	1.5227290852854196
eclipse.jdt.core-25377	1.0	1.0	1.0	0.0	0.41902443766346775	0.41338654878564984	0.556651172163195	0.08122924379677875	0.41902443766346775	0.41338654878564984	0.556651172163195	0.08122924379677875	0.28460993454639416	0.2883736827673621	0.6838014947650576	0.1696177560378127	0.3573238280838332	0.7116263172326379	0.7	0.2	0.7	0.2	0.2	0.7	0.0	10.0	0.0	1.6396716425780993	1.5274960666063457	3.282887891663526	0.512139171803264
eclipse.jdt.core-410402	1.0	1.0	1.0	0.0	0.4719947392053767	0.5696024259319487	0.649416624743956	0.24150264138982971	0.4719947392053767	0.5696024259319487	0.649416624743956	0.24150264138982971	0.3280002422786445	0.32334888611247475	0.6667341836295159	0.14359235861772446	0.2905126033949528	0.6766511138875253	0.3333333333333333	0.0	0.3333333333333333	0.0	0.3333333333333333	0.0	0.0	3.0	0.0	0.867937645456404	1.1064733138411	1.4973396225281117	0.7766472398180253
eclipse.jdt.core-448800	1.0	1.0	1.0	0.0	0.6893938626849098	0.6515444133602979	0.9201819031845418	0.12822235924938027	0.6893938626849098	0.6515444133602979	0.9201819031845418	0.12822235924938027	0.2782169209219548	0.2782273109891002	0.6838014947650576	0.16959531062728714	0.4595097472087436	0.7217726890108997	0.2	0.1	0.2	0.2	0.0	0.4	0.0	10.0	0.1	2.537003035697169	2.7013866025763678	6.19915599386327	2.0317662763709365
eclipse.jdt.core-448043	1.8958797346140277	1.8958797346140277	2.09861228866811	0.2867071274778198	0.8268937010908062	0.8275162234371845	1.0	0.12345251746740724	0.8268937010908062	0.8275162234371845	1.0	0.12345251746740724	0.30107947326644324	0.3047237765853693	0.6838014947650576	0.16347912430862419	0.2565021818636357	0.6952762234146307	0.2	0.0	0.2	0.1	0.0	0.2	0.0	10.0	0.0	0.9108127429888795	0.0	7.29776828253138	2.189085658609703
eclipse.jdt.core-483895	1.2599301927099795	1.0	1.6931471805599454	0.35873774764475586	0.41347880159105604	0.4210762674293844	0.556651172163195	0.09554951877430909	0.41347880159105604	0.4210762674293844	0.556651172163195	0.09554951877430909	0.3309868913476492	0.3319949226753265	0.6667341836295159	0.14064141376934863	0.24940774456670628	0.6680050773246735	0.7	0.4	0.7	0.1	0.2	0.3	0.3	10.0	0.2	1.5992031533819897	1.6265335964987462	2.6739571344309874	0.5498666853179606
eclipse.jdt.core-145202	1.3106133312235002	1.0	2.09861228866811	0.44657583844482795	0.44775448286260505	0.4204222165799372	0.775922895311158	0.2310464233099651	0.44775448286260505	0.4204222165799372	0.775922895311158	0.2310464233099651	0.276362015879633	0.27479161328271745	0.6838014947650576	0.17237823845400338	0.3578454550483534	0.7252083867172825	0.6	0.3	0.6	0.2	0.1	0.4	0.3	10.0	0.1	1.345461915948859	1.2262869156589151	3.9247417778359206	0.8938620733932974
eclipse.jdt.core-104245	1.2310490601866484	1.0	1.6931471805599454	0.3465735902799727	0.6835787636817476	0.7060187111820607	1.0	0.16559177940693262	0.6835787636817476	0.7060187111820607	1.0	0.16559177940693262	0.2734205936065257	0.27437447215384125	0.6838014947650576	0.17060561410334865	0.3829562509302802	0.7256255278461587	0.8	0.2	0.8	0.1	0.0	0.9	0.0	10.0	0.0	1.3023271476465108	0.0	4.899873009733009	1.471092237563796
eclipse.jdt.core-30516	1.0	1.0	1.0	0.0	0.4321124234196056	0.3899192374369834	0.8403640012786583	0.20392508844825852	0.4321124234196056	0.3899192374369834	0.8403640012786583	0.20392508844825852	0.2784773856381124	0.2779514234443524	0.6838014947650576	0.1713956872570107	0.34541101334285407	0.7220485765556476	0.3333333333333333	0.0	0.3333333333333333	0.0	0.2222222222222222	0.1111111111111111	0.0	9.0	0.4444444444444444	1.7788823244900898	1.389108736550484	4.4355674016019115	1.1964204949472663
eclipse.jdt.core-341296	1.0	1.0	1.0	0.0	0.7726497379045515	0.7077904425661725	1.0	0.18238301943671884	0.7726497379045515	0.7077904425661725	1.0	0.18238301943671884	0.32979426557280783	0.32559924464787104	0.6667341836295159	0.1457536897675333	0.32140510886620927	0.674400755352129	0.7	0.5	0.7	0.2	0.1	0.8	0.0	10.0	0.0	0.976040543987831	0.0	5.593020190292955	1.6994412650785717
eclipse.jdt.core-149562	1.1788264347149	1.0	2.6094379124341005	0.5364793041447002	0.5082258759158139	0.4834924516310753	0.7348511284126118	0.1640755714497616	0.5082258759158139	0.4834924516310753	0.7348511284126118	0.1640755714497616	0.2789198354313833	0.2763175979073029	0.6838014947650576	0.17280490338035162	0.2497170610887684	0.7236824020926971	0.9	0.4	0.9	0.0	0.2	0.7	0.0	10.0	0.0	1.3931440074428676	1.5253930164095673	3.5482642066010084	0.9612290204883763
eclipse.jdt.core-208186	1.0866433975699932	1.0	1.6931471805599454	0.24506453586713683	0.6111009263416197	0.556521093815247	0.9201819031845418	0.1659918139780385	0.6111009263416197	0.556521093815247	0.9201819031845418	0.1659918139780385	0.2771103779040566	0.27612753051031413	0.6838014947650576	0.17138482380563755	0.4057494752925718	0.7238724694896859	0.7	0.2	0.7	0.1	0.0	0.8	0.0	10.0	0.2	1.3380754241596229	1.4862531080722967	4.327353816961678	1.2978368319119578
eclipse.jdt.core-405051	1.0990210257942779	1.0	1.6931471805599454	0.2619850088181714	0.8554772678527822	0.8569276959210448	1.0	0.10093870918687106	0.8554772678527822	0.8569276959210448	1.0	0.10093870918687106	0.271409893819047	0.27080335534243155	0.6838014947650576	0.1695576799135833	0.3632767303874963	0.7291966446575684	0.5	0.1	0.5	0.2	0.0	0.7	0.0	10.0	0.0	0.6979732592708551	0.0	7.9909154630913255	2.0459274879717166
eclipse.jdt.core-190268	0.0	0.0	0.0	0.0	0.8306691774626945	0.8275162234371845	1.0	0.1014067043798698	0.0	0.0	0.0	0.0	0.3258815500963242	0.33000762287780017	0.6838014947650576	0.1547103054402001	0.3882047811009515	0.6699923771221998	0.0	0.0	0.0	0.0	0.0	0.0	0.0	10.0	0.1	0.7866331899121596	0.0	7.07462473121717	2.0499507130094714
eclipse.jdt.core-416313	1.0	1.0	1.0	0.0	0.6667190494814033	0.627437709646673	0.9201819031845418	0.17634428441277422	0.6667190494814033	0.627437709646673	0.9201819031845418	0.17634428441277422	0.2700775282746903	0.2701789931573333	0.6838014947650576	0.17028834569573573	0.3619261915683819	0.7298210068426667	0.3	0.2	0.3	0.2	0.1	0.4	0.0	10.0	0.1	1.6908543248159515	1.6023540575456954	7.179985246874996	1.8052689807570477
eclipse.jdt.core-158274	1.2310490601866484	1.0	1.6931471805599454	0.35793966490390583	0.8443579002161002	0.8802729522316001	1.0	0.14776839209285336	0.8443579002161002	0.8802729522316001	1.0	0.14776839209285336	0.2781288619774535	0.2761290850580504	0.6838014947650576	0.17331555737875998	0.37602549129350077	0.7238709149419496	0.4	0.3	0.4	0.2	0.0	0.6	0.0	10.0	0.1	0.5890575007877836	0.0	6.604621101971435	1.6216028309319768
eclipse.jdt.core-301894	1.2310490601866484	1.0	1.6931471805599454	0.3465735902799727	0.6879864495673438	0.6288813259942105	1.0	0.18135102023260918	0.6879864495673438	0.6288813259942105	1.0	0.18135102023260918	0.27722303054708114	0.2764736355263937	0.6838014947650576	0.17097336195380064	0.41552594566026774	0.7235263644736063	0.8	0.4	0.8	0.1	0.0	0.8	0.1	10.0	0.0	0.9516914859117448	0.0	3.8477807366997925	1.2604093740421576
eclipse.jdt.core-401989	1.0	1.0	1.0	0.0	0.7430593225795304	0.7642624059893721	0.9201819031845418	0.10204736960397127	0.7430593225795304	0.7642624059893721	0.9201819031845418	0.10204736960397127	0.2722301486133897	0.2708336673822232	0.6838014947650576	0.16969565680668663	0.33575880774573047	0.7291663326177769	0.7	0.5	0.7	0.0	0.1	0.6	0.0	10.0	0.0	0.7716850269984982	0.0	5.218326740851544	1.5969167560375046
eclipse.jdt.core-11076	1.3850817669777475	1.6931471805599454	1.6931471805599454	0.36532064071556886	0.6967302752596081	0.6527767803608495	1.0	0.1824054619873805	0.6967302752596081	0.6527767803608495	1.0	0.1824054619873805	0.3299500276571719	0.33000762287780017	0.6667341836295159	0.14522365059453324	0.47382379300949373	0.6699923771221998	0.7	0.1	0.7	0.2	0.2	0.6	0.1	10.0	0.0	1.4069186059331862	0.0	6.604621101971435	1.9118203696814258
eclipse.jdt.core-421711	1.1732867951399863	1.0	1.6931471805599454	0.3208647959315358	0.5482668540145366	0.5385713052864927	0.8403640012786583	0.1710967992420115	0.5482668540145366	0.5385713052864927	0.8403640012786583	0.1710967992420115	0.33638576248770197	0.3364810653236361	0.6838014947650576	0.14673176941657295	0.3274798058840013	0.6635189346763639	0.8	0.3	0.8	0.0	0.1	0.5	0.2	10.0	0.1	2.7376653118348937	2.637478797322209	5.059721710674905	1.102612054998666
eclipse.jdt.core-451660	1.0770163533955495	1.0	1.6931471805599454	0.23104906018664842	0.5792457377418774	0.46748247904807455	1.0	0.23000339937344758	0.5792457377418774	0.46748247904807455	1.0	0.23000339937344758	0.2780470475963173	0.2779514234443524	0.6838014947650576	0.16970128156057362	0.3531633242483042	0.7220485765556476	0.6	0.1	0.6	0.3	0.0	0.8	0.1	10.0	0.0	1.2683256126583784	1.5228898861914486	3.469126886042285	1.0194778385835235
eclipse.jdt.core-29516	1.138629436111989	1.0	1.6931471805599454	0.30998484282887173	0.4827363672925049	0.5247581108442547	0.8403640012786583	0.21220272688103703	0.4827363672925049	0.5247581108442547	0.8403640012786583	0.21220272688103703	0.27739143011738454	0.276441160296232	0.6838014947650576	0.17111060356681723	0.3945195892504268	0.723558839703768	0.4444444444444444	0.1111111111111111	0.4444444444444444	0.1111111111111111	0.0	0.4444444444444444	0.1111111111111111	9.0	0.0	1.7785211523299138	1.6248102443924402	4.0396717445098975	1.09205702683834
eclipse.jdt.core-228691	1.0	1.0	1.0	0.0	0.7709607166178098	0.7553870118618848	0.9201819031845418	0.08034601045410511	0.7709607166178098	0.7553870118618848	0.9201819031845418	0.08034601045410511	0.2758736878437132	0.2753502892810313	0.6838014947650576	0.1707517726239919	0.29755028456013244	0.7246497107189687	0.5	0.1	0.5	0.1	0.0	0.6	0.0	10.0	0.0	0.8548638987586668	0.0	6.738152494595957	1.926031909773418
eclipse.jdt.core-41554	1.3960841031771116	1.0	2.386294361119891	0.6764423840725209	0.5189288245576427	0.5076410106022295	0.8146684455957106	0.11283256895602431	0.5189288245576427	0.5076410106022295	0.8146684455957106	0.11283256895602431	0.27913499733283365	0.2779514234443524	0.6838014947650576	0.16989403653851237	0.33218448558889785	0.7220485765556476	0.6	0.3	0.6	0.1	0.0	0.6	0.1	10.0	0.1	1.6349221124430144	1.8408458858067047	2.869932111826204	0.8423059190117339
eclipse.jdt.core-234074	1.0	1.0	1.0	0.0	0.572407016175405	0.5286777044481544	1.0	0.19925247016112654	0.572407016175405	0.5286777044481544	1.0	0.19925247016112654	0.3334327188844674	0.33602707514770447	0.6838014947650576	0.14819247003580877	0.2946605596539479	0.6639729248522955	0.8	0.4	0.8	0.0	0.2	0.6	0.0	10.0	0.1	1.5771814747315445	2.0427760407217166	3.9588896652684826	1.0918092656405047
eclipse.jdt.core-170843	1.0	1.0	1.0	0.0	0.744540958697293	0.7304200610245954	0.9201819031845418	0.1157452944021586	0.744540958697293	0.7304200610245954	0.9201819031845418	0.1157452944021586	0.27852431628464647	0.2765061107565554	0.6838014947650576	0.1723578025734438	0.4197231759184452	0.7234938892434446	0.6	0.5	0.6	0.1	0.0	0.7	0.0	10.0	0.1	2.283942802923963	2.6438079323738566	6.8923031744232155	2.2509934573720995
eclipse.jdt.core-403036	1.3106133312235002	1.0	2.09861228866811	0.44657583844482795	0.6133745586491665	0.5248930739313692	0.9201819031845418	0.16204098590011373	0.6133745586491665	0.5248930739313692	0.9201819031845418	0.16204098590011373	0.285380328844524	0.2889283459433492	0.6838014947650576	0.1696923590722468	0.3617319060433226	0.7110716540566508	0.5	0.4	0.5	0.3	0.0	0.8	0.0	10.0	0.0	1.4809130951080587	1.979444061177008	4.658710952916121	1.1809561611259263
eclipse.jdt.core-421469	0.0	0.0	0.0	0.0	0.7028293706670563	0.7092480616282499	0.8734913905634314	0.09076388561481281	0.0	0.0	0.0	0.0	0.33703569686790896	0.3382366642473025	0.6838014947650576	0.14863129873971598	0.34562487068550607	0.6617633357526975	0.0	0.0	0.0	0.0	0.0	0.0	0.0	10.0	0.0	2.07388093426766	2.9314900048256374	5.388225777646941	2.026484664123775
eclipse.jdt.core-186457	1.3583518938456112	1.0	2.09861228866811	0.511204845345069	0.8266814007965543	0.8275162234371845	1.0	0.06939907979607533	0.8266814007965543	0.8275162234371845	1.0	0.06939907979607533	0.27791678555343646	0.27612753051031413	0.6838014947650576	0.171609529788532	0.2912684206419839	0.7238724694896859	0.4	0.3	0.4	0.1	0.1	0.4	0.0	10.0	0.0	2.161343368720901	0.0	7.29776828253138	3.1290079619426274
eclipse.jdt.core-451677	1.507149799051982	1.6931471805599454	2.09861228866811	0.40224460255816363	0.4780121721188463	0.45532763183165437	1.0	0.19640406924159334	0.4780121721188463	0.45532763183165437	1.0	0.19640406924159334	0.27865769969061593	0.27875288088599837	0.6838014947650576	0.17013622767711087	0.35342000584302147	0.7212471191140016	0.9	0.4	0.9	0.0	0.1	0.8	0.0	10.0	0.0	2.1916753012450014	2.1429443013366134	4.289613488978832	0.9303569639355964
eclipse.jdt.core-438875	1.2239699336535068	1.0	2.09861228866811	0.4286359969692456	0.469334128062553	0.436074079436675	0.8403640012786583	0.1793965861121953	0.469334128062553	0.436074079436675	0.8403640012786583	0.1793965861121953	0.3352558657150062	0.33981200532620137	0.6838014947650576	0.14905978834091718	0.3862351935441414	0.6601879946737986	0.7	0.2	0.7	0.1	0.2	0.4	0.2	10.0	0.0	1.6735077945913752	1.7422888387031357	3.533665407179856	0.7756372513999782
eclipse.jdt.core-431963	1.0	1.0	1.0	0.0	0.5160016600279388	0.4803337493038031	0.8734913905634314	0.14238417495123662	0.5160016600279388	0.4803337493038031	0.8734913905634314	0.14238417495123662	0.2802164641617869	0.28050019961327344	0.6838014947650576	0.16997324711860645	0.32138678336636106	0.7194998003867266	0.5	0.2	0.5	0.0	0.1	0.4	0.0	10.0	0.0	1.6813573077618933	1.7997807208547754	3.768999858846678	1.0266468957090005
eclipse.jdt.core-83297	1.6452001684846487	1.6931471805599454	2.09861228866811	0.35526369699412724	0.39570316229031505	0.3514997338149064	0.5905960185822635	0.10599347273677477	0.39570316229031505	0.3514997338149064	0.5905960185822635	0.10599347273677477	0.28323113361564034	0.28624552258667124	0.6838014947650576	0.17037045642661364	0.25118744097386453	0.7137544774133288	0.6	0.4	0.6	0.0	0.1	0.1	0.4	10.0	0.2	1.6748220276524828	1.5440698056051494	3.732469890188798	0.6131782079770963
eclipse.jdt.core-418919	1.0	1.0	1.0	0.0	0.7674370358346465	0.7142577944580145	1.0	0.13225243866007688	0.7674370358346465	0.7142577944580145	1.0	0.13225243866007688	0.27208216187149364	0.27437447215384125	0.6838014947650576	0.17027981854083973	0.3820918901396994	0.7256255278461587	0.5	0.2	0.5	0.0	0.1	0.4	0.0	10.0	0.0	0.936456169414128	0.0	6.486838066315051	1.8428110968249272
eclipse.jdt.core-92005	0.0	0.0	0.0	0.0	0.9840363806369083	1.0	1.0	0.03365426459155736	0.0	0.0	0.0	0.0	0.2759586084280473	0.2787877868514434	0.6838014947650576	0.17312853637254683	0.2514587567283306	0.7212122131485565	0.0	0.0	0.0	0.0	0.0	0.0	0.0	10.0	0.0	0.7565134087565586	0.0	8.68406264365127	2.451064229628214
eclipse.jdt.core-24934	1.2599301927099795	1.0	1.6931471805599454	0.35873774764475586	0.3888002414352356	0.37785375463699444	0.6248238040019658	0.11969280794662597	0.3888002414352356	0.37785375463699444	0.6248238040019658	0.11969280794662597	0.3405920648301337	0.34553819931728585	0.6838014947650576	0.1496360424631557	0.3109798673511906	0.6544618006827141	0.6	0.2	0.6	0.2	0.3	0.2	0.3	10.0	0.0	1.765748847250146	1.7481193645613675	3.0280708328314176	0.4354120864678394
eclipse.jdt.core-385132	1.0	1.0	1.0	0.0	0.6290676506108932	0.6207948613879415	1.0	0.14573558118434862	0.6290676506108932	0.6207948613879415	1.0	0.14573558118434862	0.3396394520936505	0.34339617463198285	0.6838014947650576	0.14892210484294865	0.4516111376778226	0.6566038253680171	0.6	0.1	0.6	0.1	0.0	0.7	0.0	10.0	0.0	1.5793287549616712	1.4762027722187951	4.223473686474287	1.3919417228890165
eclipse.jdt.core-417388	1.0	1.0	1.0	0.0	0.4845636159850501	0.4050547609268059	1.0	0.21827273970648464	0.4845636159850501	0.4050547609268059	1.0	0.21827273970648464	0.2721009011974331	0.27323816384010113	0.6838014947650576	0.17090306410130693	0.3936214951923788	0.7267618361598989	0.2	0.1	0.2	0.1	0.0	0.3	0.0	10.0	0.0	1.3620764667741774	1.4192449957891364	2.8390212203523175	0.9144872704884769
eclipse.jdt.core-148328	1.3106133312235002	1.0	2.09861228866811	0.4465758384448279	0.4578649192876795	0.35192244329226574	0.9201819031845418	0.23868106361761895	0.4578649192876795	0.35192244329226574	0.9201819031845418	0.23868106361761895	0.2772287827499487	0.2753502892810313	0.6838014947650576	0.1727125983343305	0.33242750111024355	0.7246497107189687	0.5	0.2	0.5	0.4	0.0	0.5	0.3	10.0	0.2	0.9770050305155409	1.0142756518240492	3.880041598918014	1.0031546130776776
eclipse.jdt.core-396139	1.0	1.0	1.0	0.0	0.8397510087410514	0.8403640012786583	1.0	0.07437277071273801	0.8397510087410514	0.8403640012786583	1.0	0.07437277071273801	0.2739788559547431	0.27589714832901685	0.6838014947650576	0.1716344057957068	0.3563711202404315	0.7241028516709831	0.6	0.3	0.6	0.3	0.0	0.9	0.0	10.0	0.0	0.24876309296445795	0.0	5.68833037009728	1.1666628496834759
eclipse.jdt.core-483690	1.1732867951399863	1.0	1.6931471805599454	0.3465735902799727	0.7001091151690234	0.6849273924927715	0.8734913905634314	0.12434854959813418	0.7001091151690234	0.6849273924927715	0.8734913905634314	0.12434854959813418	0.2796412942861455	0.27991137871573174	0.6838014947650576	0.1703322079796656	0.4022508852550238	0.7200886212842683	0.4	0.2	0.4	0.0	0.0	0.3	0.1	10.0	0.2	1.8524593226870787	1.5451956437057466	6.486838066315051	2.036778278871319
eclipse.jdt.core-430451	1.3138892253337457	1.0	2.09861228866811	0.5360679063266818	0.6584732259009871	0.6441789624254326	0.8146684455957106	0.117360821229606	0.6584732259009871	0.6441789624254326	0.8146684455957106	0.117360821229606	0.27165853660461026	0.2734868530610811	0.6838014947650576	0.16907066964786893	0.3852940440774049	0.7265131469389189	0.7	0.2	0.7	0.0	0.0	0.7	0.0	10.0	0.1	1.4399089344261276	0.0	5.46518681878307	1.5836721090939727
eclipse.jdt.core-423280	2.386294361119891	2.386294361119891	2.386294361119891	0.0	0.9155129103953031	0.9201819031845418	1.0	0.06682272331729658	0.9155129103953031	0.9201819031845418	1.0	0.06682272331729658	0.31030525612947285	0.3163952268012398	0.6838014947650576	0.15962978745969503	0.3870347224749844	0.6836047731987602	0.1	0.0	0.1	0.0	0.0	0.1	0.0	10.0	0.1	2.1300403761315483	0.0	8.68406264365127	3.3979438967039233
eclipse.jdt.core-401790	1.3465735902799727	1.3465735902799727	1.6931471805599454	0.37050275260909293	0.5466114994746779	0.5229738668596424	0.7469835607605417	0.12329831828774547	0.5466114994746779	0.5229738668596424	0.7469835607605417	0.12329831828774547	0.33814572527318176	0.34003073232874004	0.6838014947650576	0.14846399050940304	0.36138284863551023	0.65996926767126	0.7	0.3	0.7	0.1	0.1	0.3	0.4	10.0	0.3	2.053324022762528	2.2314880650232305	3.2287415282935688	0.8276794450301895
eclipse.jdt.core-23162	1.154032706791099	1.0	1.6931471805599454	0.30564917695453336	0.5488048120495364	0.5091628535693502	0.9201819031845418	0.1620357741287308	0.5488048120495364	0.5091628535693502	0.9201819031845418	0.1620357741287308	0.3384257933576688	0.34030257459604374	0.6838014947650576	0.14828037396983024	0.3353835704850555	0.6596974254039563	0.8	0.5	0.8	0.1	0.1	0.7	0.1	10.0	0.0	1.437006968248992	1.6599119579913455	2.9802801689950695	0.8879893589683052
eclipse.jdt.core-55930	1.462098120373297	1.6931471805599454	1.6931471805599454	0.4001887112843146	0.49808619807523036	0.446746846588586	0.8734913905634314	0.16399115268882275	0.49808619807523036	0.446746846588586	0.8734913905634314	0.16399115268882275	0.2813204893584072	0.28246918216811745	0.6838014947650576	0.17001211250388654	0.3801196266960014	0.7175308178318826	0.3	0.3	0.3	0.1	0.0	0.1	0.2	10.0	0.1	2.666822092508331	2.3924935040929505	5.282865261989115	0.8356920923063577
eclipse.jdt.core-406396	1.0	1.0	1.0	0.0	0.6849722118526635	0.6687890100799495	0.8403640012786583	0.08809037158722281	0.6849722118526635	0.6687890100799495	0.8403640012786583	0.08809037158722281	0.28390969736862065	0.28739969995027137	0.6838014947650576	0.16983191819286447	0.49084929454802817	0.7126003000497286	0.8	0.4	0.8	0.1	0.2	0.7	0.0	10.0	0.0	1.6931797086521398	2.037672128803541	5.506008813303325	1.7648776310771952
eclipse.jdt.core-17531	1.2559656384611508	1.0	2.09861228866811	0.4525433898572623	0.645053421680916	0.61286919372297	0.8734913905634314	0.14685680285883482	0.645053421680916	0.61286919372297	0.8734913905634314	0.14685680285883482	0.27868788546523815	0.27769098628558436	0.6838014947650576	0.17190083441077875	0.36934929782399273	0.7223090137144157	0.6	0.4	0.6	0.1	0.1	0.6	0.0	10.0	0.0	1.3109143729839596	0.7293393091533622	5.425966105629788	1.539782141852735
eclipse.jdt.core-429949	1.1732867951399863	1.0	1.6931471805599454	0.3465735902799727	0.5827332968868753	0.5263848855106537	1.0	0.23462741605909698	0.5827332968868753	0.5263848855106537	1.0	0.23462741605909698	0.28050117155940313	0.2801986071729291	0.6838014947650576	0.1698474237008315	0.30739957147005414	0.7198013928270709	0.2	0.0	0.2	0.2	0.0	0.4	0.0	10.0	0.2	1.443884621934998	1.5234108552055756	4.225846870619843	1.320733886981297
eclipse.jdt.core-150655	1.3465735902799727	1.0	2.386294361119891	0.5799285384793035	0.49199765476501855	0.49306593914710717	0.660941190840643	0.12829931024668495	0.49199765476501855	0.49306593914710717	0.660941190840643	0.12829931024668495	0.28000588448003433	0.2779514234443524	0.6838014947650576	0.1729137972317675	0.37724290361200946	0.7220485765556476	0.4	0.4	0.4	0.2	0.2	0.3	0.1	10.0	0.0	1.881886425762498	1.9366717541110456	3.195124917494584	0.722288870760753
eclipse.jdt.core-439431	1.0	1.0	1.0	0.0	0.885304854959667	0.8569276959210448	1.0	0.10301052415970248	0.885304854959667	0.8569276959210448	1.0	0.10301052415970248	0.3041221613024277	0.31173722075345467	0.6838014947650576	0.16248669410433728	0.2889904295226957	0.6882627792465453	0.1	0.1	0.1	0.0	0.0	0.1	0.0	10.0	0.0	2.1456853674047363	0.0	8.68406264365127	3.4699509428046444
eclipse.jdt.core-277382	1.0	1.0	1.0	0.0	0.7018616312662086	0.6926846593437919	0.9201819031845418	0.11516640878126515	0.7018616312662086	0.6926846593437919	0.9201819031845418	0.11516640878126515	0.32408466990324425	0.32559924464787104	0.6838014947650576	0.1543957523839342	0.41113783028880296	0.674400755352129	0.6	0.1	0.6	0.1	0.1	0.6	0.0	10.0	0.0	1.1192897717126107	0.0	6.8923031744232155	1.7244116379032022
eclipse.jdt.core-222080	1.1220680320742344	1.0	2.09861228866811	0.36620409622270333	0.5674355478748354	0.5193309918698206	0.8403640012786583	0.10861765101879454	0.5674355478748354	0.5193309918698206	0.8403640012786583	0.10861765101879454	0.26083091928120083	0.2816784519191796	0.48354338236664196	0.13800033403365378	0.27422728733759383	0.7183215480808204	0.9	0.4	0.9	0.0	0.2	0.6	0.1	10.0	0.0	1.609286130837438	1.9449627306992734	4.36657453011496	1.2869984412458748
eclipse.jdt.core-442245	1.138629436111989	1.0	1.6931471805599454	0.2922565125724551	0.6634788232818768	0.6525005350122854	0.8403640012786583	0.0982769526469132	0.6634788232818768	0.6525005350122854	0.8403640012786583	0.0982769526469132	0.25948956956211316	0.2801986071729291	0.48354338236664196	0.1222960863072701	0.2901386792987837	0.7198013928270709	0.9	0.6	0.9	0.1	0.1	0.7	0.2	10.0	0.0	2.126913860736324	2.648581211126514	5.911473921411489	1.5964196109783027
eclipse.jdt.core-417669	1.0	1.0	1.0	0.0	0.5955296043227255	0.5682477143590795	1.0	0.1583154170932231	0.5955296043227255	0.5682477143590795	1.0	0.1583154170932231	0.2730491554779028	0.2747975217578816	0.6838014947650576	0.17065908225184417	0.2511620684254353	0.7252024782421185	0.4	0.2	0.4	0.0	0.1	0.3	0.0	10.0	0.0	1.8616785412873826	1.8877178908202326	5.073144731007046	1.4744086312121367
eclipse.jdt.core-405125	1.138629436111989	1.0	1.6931471805599454	0.2922565125724551	0.4987831759185365	0.4336244155576289	0.7469835607605417	0.18817672578987807	0.4987831759185365	0.4336244155576289	0.7469835607605417	0.18817672578987807	0.2839631691649864	0.28712120643861355	0.6838014947650576	0.17029331055174196	0.3119485672795598	0.7128787935613865	1.0	0.4	1.0	0.0	0.5	0.3	0.2	10.0	0.0	1.9371497157790143	1.9294585441633083	4.471935045772787	0.9722013680285811
eclipse.jdt.core-455042	1.0	1.0	1.0	0.0	0.6857258124414696	0.6704579201206048	0.8734913905634314	0.14213508262420155	0.6857258124414696	0.6704579201206048	0.8734913905634314	0.14213508262420155	0.2620595438141518	0.28109139445364045	0.48354338236664196	0.12043394581099529	0.3972108679666014	0.7189086055463596	0.9	0.2	0.9	0.1	0.2	0.8	0.0	10.0	0.0	1.3985270690524223	0.0	4.752237010926945	1.6880757737501262
eclipse.jdt.core-405889	1.0	1.0	1.0	0.0	0.5545066488081043	0.4643851163775407	0.9201819031845418	0.22295507634223713	0.5545066488081043	0.4643851163775407	0.9201819031845418	0.22295507634223713	0.27187893806502206	0.2708185113623274	0.6838014947650576	0.16953555132319859	0.2999560405493686	0.7291814886376726	0.4	0.1	0.4	0.0	0.2	0.2	0.0	10.0	0.0	1.7754708262905265	1.899831850954631	4.449956139054011	1.0636009464159175
eclipse.jdt.core-424591	1.1373265360835139	1.0	2.09861228866811	0.3884180996060467	0.7855719486842123	0.753765024974748	1.0	0.1114321265738034	0.7855719486842123	0.753765024974748	1.0	0.1114321265738034	0.2791307364170148	0.28195098485882064	0.5485503882432059	0.13178854862211656	0.3291466522355045	0.7180490151411794	0.5	0.2	0.5	0.3	0.0	0.8	0.0	10.0	0.0	1.2078431500048077	0.0	6.604621101971435	2.1281418902280405
eclipse.jdt.core-85384	1.577622650466621	1.6931471805599454	1.6931471805599454	0.2829761515034443	0.391126210987828	0.3503696725293088	0.649416624743956	0.19134473301649443	0.391126210987828	0.3503696725293088	0.649416624743956	0.19134473301649443	0.3004842248002443	0.28627702155602197	0.6667341836295159	0.14595258393388372	0.27705425647954346	0.713722978443978	0.8571428571428571	0.42857142857142855	0.8571428571428571	0.0	0.0	0.14285714285714285	0.7142857142857143	7.0	0.0	1.4755681080629142	1.2252220666174425	3.5600986642480112	0.6705309328881247
eclipse.jdt.core-168331	1.0	1.0	1.0	0.0	0.642175182409858	0.6011399329553391	1.0	0.18436914748312921	0.642175182409858	0.6011399329553391	1.0	0.18436914748312921	0.27923133031701663	0.2782273109891002	0.6838014947650576	0.17293090840200365	0.4153975791313323	0.7217726890108997	0.4	0.4	0.4	0.0	0.0	0.4	0.0	10.0	0.0	1.289877560310562	1.0648292274244646	7.29776828253138	1.6057720171868635
eclipse.jdt.core-393356	1.9678002527269727	2.039720770839918	2.791759469228055	0.7886946490765272	0.8413804640509177	0.8275162234371845	1.0	0.08431525278125433	0.8413804640509177	0.8275162234371845	1.0	0.08431525278125433	0.3208405452878355	0.32334888611247475	0.6838014947650576	0.15523556280088263	0.41645540696847777	0.6766511138875253	0.3	0.0	0.3	0.1	0.0	0.4	0.0	10.0	0.1	1.3065750175648356	0.0	7.9909154630913255	2.6929926180531423
eclipse.jdt.core-483467	1.0	1.0	1.0	0.0	0.9188256493237805	0.9201819031845418	1.0	0.06341765821330479	0.9188256493237805	0.9201819031845418	1.0	0.06341765821330479	0.28296083920989945	0.2828779749380107	0.6838014947650576	0.16975276487779495	0.4399999610859842	0.7171220250619893	0.1	0.0	0.1	0.0	0.1	0.0	0.0	10.0	0.0	0.5019211561812017	0.0	7.9909154630913255	1.901153690605402
eclipse.jdt.core-474762	1.7742402021815782	1.6931471805599454	2.791759469228055	0.8086141867090499	0.8549713667804936	0.8403640012786583	1.0	0.07212835974875773	0.8549713667804936	0.8403640012786583	1.0	0.07212835974875773	0.2858362467231858	0.2862140236173205	0.6838014947650576	0.16886400416814898	0.44648328113687163	0.7137859763826795	0.5	0.2	0.5	0.0	0.0	0.5	0.0	10.0	0.1	1.2267576095534019	0.0	7.9909154630913255	2.688549177740966
eclipse.jdt.core-424075	1.0990210257942779	1.0	1.6931471805599454	0.2619850088181714	0.649416075495071	0.6224872313139511	1.0	0.15904774806590646	0.649416075495071	0.6224872313139511	1.0	0.15904774806590646	0.278844050930234	0.27769098628558436	0.6838014947650576	0.16935046800085995	0.2995615316768017	0.7223090137144157	0.5	0.2	0.5	0.2	0.0	0.7	0.0	10.0	0.0	2.275131266796033	2.374144365424754	5.73962366448483	1.802027502159212
eclipse.jdt.core-430987	1.0	1.0	1.0	0.0	0.7119451633087421	0.6174775959340253	1.0	0.21606280666698477	0.7119451633087421	0.6174775959340253	1.0	0.21606280666698477	0.27967337940435666	0.2796241502585344	0.6838014947650576	0.1701581876233395	0.3420147938464014	0.7203758497414656	0.7	0.5	0.7	0.0	0.1	0.6	0.0	10.0	0.0	2.5548671691810894	2.4333154986132057	8.68406264365127	2.5459719070125852
eclipse.jdt.core-252556	1.2761007388653334	1.0	2.09861228866811	0.4303734463566407	0.39161618288328265	0.4284519514410195	0.5542269942784451	0.1319469626158701	0.39161618288328265	0.4284519514410195	0.5542269942784451	0.1319469626158701	0.3197629459424449	0.3175438522592323	0.6667341836295159	0.15034366994971474	0.35959184924266707	0.6824561477407677	0.9	0.3	0.9	0.1	0.3	0.3	0.3	10.0	0.1	1.6507845116460822	1.4899595152304892	3.5850376125952637	0.6747868287078999
eclipse.jdt.core-409236	1.154032706791099	1.0	1.6931471805599454	0.30564917695453336	0.5513563608139402	0.5396106031272571	0.9201819031845418	0.24715134217955242	0.5513563608139402	0.5396106031272571	0.9201819031845418	0.24715134217955242	0.3194275731945328	0.3175438522592323	0.6667341836295159	0.15034027987285362	0.3016745274412804	0.6824561477407677	0.9	0.3	0.9	0.0	0.2	0.6	0.1	10.0	0.1	1.6987727681848062	1.8215139575072128	4.87740015388095	1.1464252706902016
eclipse.jdt.core-181393	1.2746530721670275	1.0	2.09861228866811	0.549306144334055	0.5642650303931002	0.47054529228638886	0.8403640012786583	0.22636126248722682	0.5642650303931002	0.47054529228638886	0.8403640012786583	0.22636126248722682	0.27892004552054855	0.2774305491268163	0.6838014947650576	0.17186481538789264	0.45309207980459804	0.7225694508731837	0.4	0.2	0.4	0.0	0.0	0.3	0.1	10.0	0.2	2.1490888873335616	1.7876344322632503	7.07462473121717	1.688029679914516
eclipse.jdt.core-409245	1.2310490601866484	1.0	1.6931471805599454	0.3465735902799727	0.7085467069753519	0.7258115613641962	0.9201819031845418	0.14215509177975916	0.7085467069753519	0.7258115613641962	0.9201819031845418	0.14215509177975916	0.3160590304435225	0.3162215042572998	0.6667341836295159	0.14385503896684795	0.29870909447568655	0.6837784957427002	0.9	0.5	0.9	0.0	0.0	0.6	0.3	10.0	0.0	1.0746589437235503	0.0	5.282865261989115	1.6355861883040177
eclipse.jdt.core-380313	1.0866433975699932	1.0	1.6931471805599454	0.2450645358671368	0.546184769307486	0.5347065209523832	0.6807297567197331	0.101934383475429	0.546184769307486	0.5347065209523832	0.6807297567197331	0.101934383475429	0.3201788114936162	0.3175438522592323	0.6667341836295159	0.14226873382415142	0.3048628213369127	0.6824561477407677	0.7	0.1	0.7	0.1	0.0	0.8	0.0	10.0	0.0	1.7656480970074782	1.8673267630563017	2.7759797054823396	0.7950920311547984
eclipse.jdt.core-413083	1.0	1.0	1.0	0.0	0.3958415060172884	0.3753423110352508	0.6737488170472423	0.1685122110415511	0.3958415060172884	0.3753423110352508	0.6737488170472423	0.1685122110415511	0.32826645047229996	0.32266015966427375	0.6667341836295159	0.14519884956690174	0.31199752616899784	0.6773398403357263	0.6666666666666666	0.2222222222222222	0.6666666666666666	0.2222222222222222	0.7777777777777778	0.1111111111111111	0.0	9.0	0.1111111111111111	1.5396674128109906	1.5308316061192895	2.3604207842049565	0.4535932548529616
eclipse.jdt.core-399769	1.0	1.0	1.0	0.0	0.6036151614028956	0.5755816681652953	0.9201819031845418	0.15322963178210988	0.6036151614028956	0.5755816681652953	0.9201819031845418	0.15322963178210988	0.3276646707911696	0.3230045228883742	0.6667341836295159	0.1443918709376483	0.3571579464317066	0.6769954771116258	0.6	0.2	0.6	0.2	0.2	0.6	0.0	10.0	0.0	1.427488205252482	1.578276514169999	4.58971808142917	1.3198350949659552
eclipse.jdt.core-415911	1.0	1.0	1.0	0.0	0.463287539259495	0.42241897387003924	0.7469835607605417	0.15350172908399787	0.463287539259495	0.42241897387003924	0.7469835607605417	0.15350172908399787	0.2695679762203908	0.26956862364093165	0.6838014947650576	0.17058090171475024	0.2608940159052092	0.7304313763590684	0.3	0.2	0.3	0.1	0.2	0.2	0.0	10.0	0.0	1.8212528345183048	1.7186344633175439	3.4529540267966836	0.6127488542944027
eclipse.jdt.core-420004	1.198042051588556	1.0	1.6931471805599454	0.33822119203626044	0.5967166259588212	0.5416407716265681	0.9201819031845418	0.15390245065953986	0.5967166259588212	0.5416407716265681	0.9201819031845418	0.15390245065953986	0.3283223686091212	0.32989083130935654	0.6667341836295159	0.1444380451985515	0.28643880180839487	0.6701091686906435	0.5	0.4	0.5	0.2	0.1	0.4	0.2	10.0	0.0	1.1594578468474661	1.0612589201560871	4.030102293493747	1.2035402728913547
eclipse.jdt.core-421796	1.0	1.0	1.0	0.0	0.6806329650384387	0.7409173445865768	0.8146684455957106	0.12733076455232378	0.6806329650384387	0.7409173445865768	0.8146684455957106	0.12733076455232378	0.27894205452613563	0.2774305491268163	0.6838014947650576	0.16949460948844275	0.34217694377210606	0.7225694508731837	0.8	0.3	0.8	0.0	0.1	0.7	0.0	10.0	0.0	1.9943108619090995	2.5165461527629294	5.282865261989115	1.707931504195166
eclipse.jdt.core-467618	1.154032706791099	1.0	2.386294361119891	0.46209812037329695	0.6202207978966968	0.6106963266196617	0.7138565612886493	0.05955302503308254	0.6202207978966968	0.6106963266196617	0.7138565612886493	0.05955302503308254	0.32805969348722613	0.32559924464787104	0.6667341836295159	0.14003983550989232	0.3869368609749111	0.674400755352129	0.9	0.6	0.9	0.0	0.2	0.6	0.1	10.0	0.0	1.2469613367033348	1.6629786793621302	3.941306794710616	1.2983720103566103
eclipse.jdt.core-217002	1.0	1.0	1.0	0.0	0.6846477481329231	0.670835473780188	0.9201819031845418	0.11898002089153022	0.6846477481329231	0.670835473780188	0.9201819031845418	0.11898002089153022	0.27697932276347403	0.2762851226771412	0.6838014947650576	0.17098731810848733	0.4036101120472781	0.7237148773228588	0.4	0.2	0.4	0.0	0.0	0.4	0.0	10.0	0.2	1.6583450499712387	0.0	4.7720396382231245	1.8214497744610183
eclipse.jdt.core-431275	1.0	1.0	1.0	0.0	0.9441273322291793	0.9201819031845418	1.0	0.038555803737220916	0.9441273322291793	0.9201819031845418	1.0	0.038555803737220916	0.33027815253112824	0.333839543606263	0.6838014947650576	0.1533035977165484	0.3573783155548377	0.666160456393737	0.2	0.1	0.2	0.0	0.0	0.2	0.0	10.0	0.0	2.57121886362245	0.0	7.9909154630913255	3.6826824797977777
eclipse.jdt.core-426678	1.154032706791099	1.0	1.6931471805599454	0.30564917695453336	0.5430382780732144	0.5315539706778692	0.9201819031845418	0.20299006790059373	0.5430382780732144	0.5315539706778692	0.9201819031845418	0.20299006790059373	0.33174270264336064	0.32989083130935654	0.6667341836295159	0.13996025027584616	0.3270553605622772	0.6701091686906435	0.8	0.2	0.8	0.1	0.1	0.6	0.2	10.0	0.1	1.3912953742536915	1.6208432620450617	3.4349355212940056	1.1070125394403918
eclipse.jdt.core-485302	1.0	1.0	1.0	0.0	0.306885751686818	0.24741160236847812	0.5472464443845282	0.14015123852582884	0.306885751686818	0.24741160236847812	0.5472464443845282	0.14015123852582884	0.33608652294831154	0.3348653401819593	0.6667341836295159	0.14225312869004092	0.2757904690424537	0.6651346598180408	0.4	0.0	0.4	0.0	0.4	0.0	0.0	5.0	0.0	1.4060974853833041	1.3645254046731858	2.2067057393225094	0.38500067615172623
eclipse.jdt.core-88757	1.1732867951399863	1.0	1.6931471805599454	0.3208647959315357	0.5809201831954329	0.543146202383782	1.0	0.16854722829744814	0.5809201831954329	0.543146202383782	1.0	0.16854722829744814	0.2835113870826191	0.28682179423509135	0.6838014947650576	0.17021194210159232	0.38182685549225487	0.7131782057649086	0.7	0.4	0.7	0.1	0.0	0.8	0.0	10.0	0.1	1.4483638603802507	1.4423382582660391	4.605030803452498	1.2347811155392192
eclipse.jdt.core-29621	1.462098120373297	1.3465735902799727	2.386294361119891	0.5659523030068886	0.530626396797782	0.5299921758190493	0.8146684455957106	0.14503234306705773	0.530626396797782	0.5299921758190493	0.8146684455957106	0.14503234306705773	0.33254388404147406	0.33558307383041397	0.6667341836295159	0.1448258254904968	0.4465207543715711	0.664416926169586	0.5	0.1	0.5	0.1	0.0	0.6	0.0	10.0	0.1	2.1265522399645316	2.254929847940489	3.816528193195688	0.8161117371224441
eclipse.jdt.core-162740	1.138629436111989	1.0	1.6931471805599454	0.2922565125724551	0.5721671616174505	0.5438356032946692	0.8734913905634314	0.2062571217274246	0.5721671616174505	0.5438356032946692	0.8734913905634314	0.2062571217274246	0.3326617681009574	0.33343013142864286	0.6667341836295159	0.1453521780363787	0.36454750792235047	0.6665698685713571	0.9	0.2	0.9	0.1	0.1	0.9	0.0	10.0	0.0	1.4281153900606371	1.63365106426761	4.078892457663179	1.0960396894768214
eclipse.jdt.core-460465	1.198042051588556	1.0	1.6931471805599454	0.33822119203626044	0.576852447622914	0.5499892514445852	0.775922895311158	0.14960535984642534	0.576852447622914	0.5499892514445852	0.775922895311158	0.14960535984642534	0.2787798948156211	0.27875288088599837	0.6838014947650576	0.17007870838345115	0.32060997046867973	0.7212471191140016	0.6	0.2	0.6	0.1	0.2	0.4	0.1	10.0	0.0	1.7225583859060896	1.8713509133560273	4.4355674016019115	1.213756261461505
eclipse.jdt.core-476859	1.2310490601866484	1.0	1.6931471805599454	0.3465735902799727	0.6021260977054823	0.5362215905380919	0.9201819031845418	0.15745893407779432	0.6021260977054823	0.5362215905380919	0.9201819031845418	0.15745893407779432	0.33199488040126524	0.33343013142864286	0.6667341836295159	0.14555716319093367	0.3146120913569538	0.6665698685713571	0.9	0.2	0.9	0.0	0.1	0.7	0.1	10.0	0.0	1.7699149490799446	1.938238231815354	4.995183189537334	1.3436419696438107
eclipse.jdt.core-15036	1.3583518938456112	1.0	2.09861228866811	0.511204845345069	0.6522262558872213	0.6530541616504382	0.7469835607605417	0.08314775339090037	0.6522262558872213	0.6530541616504382	0.7469835607605417	0.08314775339090037	0.2767893532764187	0.27991137871573174	0.6838014947650576	0.1719177538533825	0.393013303464636	0.7200886212842683	0.2	0.0	0.2	0.3	0.0	0.5	0.0	10.0	0.0	1.1271340355898734	0.0	5.7936908857551055	1.493990125416743
eclipse.jdt.core-464570	3.4337672252277915	3.4337672252277915	3.5649493574615367	0.18551955054598354	0.9540656074874836	1.0	1.0	0.06081349375940379	0.9540656074874836	1.0	1.0	0.06081349375940379	0.29196725223363157	0.2902340127310957	0.6838014947650576	0.16687107540829754	0.42455557055311477	0.7097659872689043	0.2	0.1	0.2	0.0	0.0	0.2	0.0	10.0	0.0	2.138461858459704	0.0	8.68406264365127	3.6050965125059418
eclipse.jdt.core-401848	1.0990210257942779	1.0	1.6931471805599454	0.2619850088181714	0.492956871338411	0.4959885614009102	0.649416624743956	0.09374551403985305	0.492956871338411	0.4959885614009102	0.649416624743956	0.09374551403985305	0.33455009060353535	0.3364810653236361	0.6667341836295159	0.14546595398444828	0.3265838989937295	0.6635189346763639	0.6	0.4	0.6	0.1	0.1	0.5	0.1	10.0	0.0	1.2605322695906869	1.3788744282582333	3.9942093704331403	0.9322490109913514
eclipse.jdt.core-488888	2.386294361119891	2.386294361119891	2.386294361119891	0.0	0.9920181903184542	1.0	1.0	0.025240698443668018	0.9920181903184542	1.0	1.0	0.025240698443668018	0.2779245936333143	0.28050019961327344	0.6838014947650576	0.1722201515775482	0.3888740530974665	0.7194998003867266	0.1	0.0	0.1	0.0	0.0	0.1	0.0	10.0	0.0	2.1227708684480877	0.0	8.68406264365127	3.7742108048947878
eclipse.jdt.core-434630	1.3080654135821979	1.0	1.6931471805599454	0.36532064071556886	0.5022118008971154	0.4936384569042809	0.7348511284126118	0.10201919139432392	0.5022118008971154	0.4936384569042809	0.7348511284126118	0.10201919139432392	0.3357724915365768	0.3366613231684035	0.6667341836295159	0.14495375834046623	0.2779001656656891	0.6633386768315965	0.9	0.2	0.9	0.0	0.1	0.7	0.1	10.0	0.1	1.7116662010191304	2.0652346565293462	3.5680668338971886	1.0475770289346569
eclipse.jdt.core-79809	1.2310490601866484	1.0	1.6931471805599454	0.3465735902799727	0.6574266284860688	0.6270819068376596	1.0	0.13526061686980465	0.6574266284860688	0.6270819068376596	1.0	0.13526061686980465	0.28114719615177747	0.28246918216811745	0.6838014947650576	0.16967459107280758	0.40980704889557756	0.7175308178318826	0.9	0.4	0.9	0.0	0.0	0.9	0.0	10.0	0.1	1.4586460946625919	1.5964889380932974	4.623619633104851	1.4719363933391352
eclipse.jdt.core-176320	1.154032706791099	1.0	1.6931471805599454	0.30564917695453336	0.7441871525456919	0.7605464891889542	0.8403640012786583	0.065110214450704	0.7441871525456919	0.7605464891889542	0.8403640012786583	0.065110214450704	0.3322750642726583	0.32989083130935654	0.6667341836295159	0.14419003341718395	0.2872850287956808	0.6701091686906435	0.8	0.5	0.8	0.2	0.0	0.8	0.1	10.0	0.0	0.9270261515097526	0.0	4.9345585677209	1.672944221707331
eclipse.jdt.core-124099	1.138629436111989	1.0	1.6931471805599454	0.30998484282887173	0.7672727936820436	0.7293635776803951	1.0	0.13446892162849974	0.7672727936820436	0.7293635776803951	1.0	0.13446892162849974	0.2721792262927811	0.27304037555425065	0.6838014947650576	0.17067460611983848	0.5070423783653942	0.7269596244457494	0.5	0.3	0.5	0.0	0.0	0.5	0.0	10.0	0.2	0.8414361886394482	0.0	8.68406264365127	1.9833327707403139
eclipse.jdt.core-126914	1.199084385469784	1.0	2.09861228866811	0.4078435119457356	0.5297610185870708	0.4391382900677987	0.8403640012786583	0.20569812880360516	0.5297610185870708	0.4391382900677987	0.8403640012786583	0.20569812880360516	0.27496384860999823	0.2745398035744521	0.6838014947650576	0.1718092718500552	0.328497572842684	0.7254601964255478	0.7	0.4	0.7	0.2	0.1	0.6	0.2	10.0	0.1	2.0640620025641065	1.9870283959847859	5.351858133476067	1.221622574699203
eclipse.jdt.core-435397	1.635610766069589	1.0	3.0794415416798357	0.9368859130596618	0.8959481518492693	0.9201820006393291	1.0	0.12215823357043189	0.8959481518492693	0.9201820006393291	1.0	0.12215823357043189	0.27839989933553766	0.2782273109891002	0.6838014947650576	0.1703362812848188	0.33499764174329905	0.7217726890108997	0.3	0.0	0.3	0.2	0.0	0.5	0.0	10.0	0.0	3.528097704316486	0.0	8.68406264365127	3.7434723946869326
eclipse.jdt.core-373953	1.4346692228253497	1.0	2.6094379124341005	0.7036154669308311	0.37572226060717845	0.39265525094720993	0.6248238040019658	0.1763650915850323	0.37572226060717845	0.39265525094720993	0.6248238040019658	0.1763650915850323	0.3356376125041671	0.33558307383041397	0.6838014947650576	0.14794131508570285	0.32804973109109886	0.664416926169586	0.8	0.3	0.8	0.1	0.1	0.5	0.3	10.0	0.0	1.3199527921012804	1.2585793018504003	3.2013425541054548	0.6463158617823651
eclipse.jdt.core-426434	1.3106133312235002	1.0	2.386294361119891	0.5802605183653424	0.5557055052859555	0.4864637451658015	0.7936736835661323	0.12838094546601878	0.5557055052859555	0.4864637451658015	0.7936736835661323	0.12838094546601878	0.27150733301930985	0.27323816384010113	0.6838014947650576	0.16943187425391673	0.39981334380597844	0.7267618361598989	0.7	0.3	0.7	0.1	0.2	0.5	0.1	10.0	0.1	2.072137027678565	2.2983062890332495	3.896570900869224	1.063594291829318
eclipse.jdt.core-429763	1.0	1.0	1.0	0.0	0.32814875727797177	0.2851223419156802	0.4884297358106707	0.0997353344216336	0.32814875727797177	0.2851223419156802	0.4884297358106707	0.0997353344216336	0.2801567841198519	0.2796241502585344	0.6838014947650576	0.1697494247886524	0.34014746869820767	0.7203758497414656	0.5	0.1	0.5	0.1	0.3	0.3	0.0	10.0	0.1	1.4844269910847274	1.3365567785944186	2.969779934361203	0.5088891405347818
eclipse.jdt.core-399567	1.3465735902799727	1.3465735902799727	1.6931471805599454	0.3796523464637884	0.7198039598828969	0.7099909974432395	0.9201819031845418	0.14572635646003154	0.7198039598828969	0.7099909974432395	0.9201819031845418	0.14572635646003154	0.27277559003906293	0.2733625084505911	0.6838014947650576	0.17060296883654352	0.36433054261172915	0.7266374915494089	0.4	0.1	0.4	0.2	0.0	0.6	0.0	10.0	0.2	2.7115511592334807	2.868440687239534	7.585450354983161	2.368558970840689
eclipse.jdt.core-180169	1.2079441541679836	1.0	1.6931471805599454	0.3348218978017722	0.5159488257669121	0.46729159256691916	0.8734913905634314	0.16443471282277125	0.5159488257669121	0.46729159256691916	0.8734913905634314	0.16443471282277125	0.33803193678496973	0.34003073232874004	0.6838014947650576	0.14679024304449548	0.42257564441614603	0.65996926767126	1.0	0.5	1.0	0.0	0.2	0.5	0.3	10.0	0.0	2.3648164367124203	1.9987125522772908	5.388225777646941	0.9987327820152468
eclipse.jdt.core-65738	1.3080654135821979	1.0	2.386294361119891	0.5035597521768237	0.5320981733256549	0.5036757900551558	0.6737488170472423	0.07943168691983335	0.5320981733256549	0.5036757900551558	0.6737488170472423	0.07943168691983335	0.3410824698142941	0.34207810354650503	0.6838014947650576	0.1460599268790797	0.37561051112932886	0.657921896453495	0.7	0.5	0.7	0.3	0.1	0.7	0.1	10.0	0.0	1.8513251656478784	2.143032644461367	3.5200933296343124	0.995268218819369
eclipse.jdt.core-403147	1.0	1.0	1.0	0.0	0.7687542937104428	0.7215447643494212	1.0	0.13675611644545257	0.7687542937104428	0.7215447643494212	1.0	0.13675611644545257	0.33641445836922307	0.3366613231684035	0.6838014947650576	0.14762861996033952	0.404468654502866	0.6633386768315965	1.0	0.5	1.0	0.0	0.1	0.9	0.0	10.0	0.0	1.3894383881482355	0.0	7.29776828253138	2.002321374446548
eclipse.jdt.core-176591	1.138629436111989	1.0	1.6931471805599454	0.30998484282887173	0.5869998492541897	0.5749342975868389	0.8403640012786583	0.13310341178530763	0.5869998492541897	0.5749342975868389	0.8403640012786583	0.13310341178530763	0.2788952614220302	0.27769098628558436	0.6838014947650576	0.17174158707952905	0.38208614559092685	0.7223090137144157	0.4	0.3	0.4	0.1	0.2	0.2	0.1	10.0	0.0	2.2267269801980567	2.410842642761147	4.946393025367902	1.3873892634373404
eclipse.jdt.core-456395	1.0990210257942779	1.0	1.6931471805599454	0.2619850088181714	0.37424391647141525	0.3856527544484034	0.5752203920449158	0.13911347011297917	0.37424391647141525	0.3856527544484034	0.5752203920449158	0.13911347011297917	0.2862094873808244	0.2897336512676938	0.6838014947650576	0.16979156716174523	0.372822949366239	0.7102663487323062	0.7	0.3	0.7	0.0	0.1	0.5	0.1	10.0	0.0	1.4189295921621479	1.3766708037921132	2.4809044614370035	0.5228945833218938
eclipse.jdt.core-427218	1.0770163533955495	1.0	1.6931471805599454	0.23104906018664842	0.38169134397359983	0.335428177500462	0.775922895311158	0.16644744367105493	0.38169134397359983	0.335428177500462	0.775922895311158	0.16644744367105493	0.33817020125238045	0.3402494593312787	0.6838014947650576	0.14749661029720934	0.3252736381886994	0.6597505406687213	0.9	0.1	0.9	0.0	0.3	0.6	0.0	10.0	0.1	1.7489884854728914	1.7997807208547754	3.1828044331065435	0.5615066121296065
eclipse.jdt.core-412882	1.0	1.0	1.0	0.0	0.9234947395677074	0.9201819031845418	1.0	0.07754574995753251	0.9234947395677074	0.9201819031845418	1.0	0.07754574995753251	0.2686594083716066	0.2690716579769221	0.6838014947650576	0.17028843493726759	0.44293859085297227	0.7309283420230779	0.3	0.0	0.3	0.0	0.0	0.3	0.0	10.0	0.0	1.7478575705647228	0.0	7.9909154630913255	3.121723240942181
eclipse.jdt.core-391376	1.0693147180559945	1.0	1.6931471805599454	0.21919238442934133	0.7660890705543573	0.753765024974748	0.9201819031845418	0.08187875683427116	0.7660890705543573	0.753765024974748	0.9201819031845418	0.08187875683427116	0.33360789143789255	0.33575334281654023	0.6838014947650576	0.14789123289711614	0.4754113200201368	0.6642466571834598	0.9	0.4	0.9	0.1	0.0	1.0	0.0	10.0	0.0	0.8149870649403773	0.0	4.407396524635215	1.556214413498447
eclipse.jdt.core-427216	1.198042051588556	1.0	2.386294361119891	0.5239700176363429	0.8677523405833912	0.8440799180795711	1.0	0.09985313862845094	0.8677523405833912	0.8440799180795711	1.0	0.09985313862845094	0.3070654937067659	0.31561296810804407	0.6838014947650576	0.1609658313305988	0.27562809585104436	0.6843870318919559	0.4	0.0	0.4	0.3	0.0	0.7	0.0	10.0	0.0	0.6480710779015121	0.0	7.585450354983161	1.8890635302895542
eclipse.jdt.core-412639	2.242453324894	2.242453324894	3.4849066497880004	1.7570943426806402	0.9108438396422347	0.9201819031845418	1.0	0.05673688367097201	0.9108438396422347	0.9201819031845418	1.0	0.05673688367097201	0.3169259935263484	0.32126218330042444	0.6838014947650576	0.15732337312606232	0.347783417207654	0.6787378166995756	0.2	0.0	0.2	0.0	0.0	0.2	0.0	10.0	0.0	1.5095390026946145	0.0	8.68406264365127	3.0612588718965577
eclipse.jdt.core-478427	1.0	1.0	1.0	0.0	0.8829726206593995	0.8734913905634314	1.0	0.07095834168899982	0.8829726206593995	0.8734913905634314	1.0	0.07095834168899982	0.26934669918588233	0.2704301712000217	0.6838014947650576	0.16912656673118964	0.3696939495739673	0.7295698287999783	0.1	0.1	0.1	0.1	0.1	0.1	0.0	10.0	0.0	4.389974157229286	6.486838066315051	8.68406264365127	3.499658498293742
eclipse.jdt.core-432603	1.0866433975699932	1.0	1.6931471805599454	0.2450645358671368	0.6779272314511312	0.6275271991010767	1.0	0.18242125650366886	0.6779272314511312	0.6275271991010767	1.0	0.18242125650366886	0.27994469537330363	0.2801986071729291	0.6838014947650576	0.16986672165930744	0.3716187815108627	0.7198013928270709	0.6	0.2	0.6	0.2	0.1	0.6	0.1	10.0	0.0	2.0148051254834676	2.032490770061543	6.8923031744232155	1.9842616933584867
eclipse.jdt.core-422107	1.328940727570578	1.0	2.6094379124341005	0.6209306714005743	0.558230908747236	0.5923617776405584	0.7138565612886493	0.11214782264150555	0.558230908747236	0.5923617776405584	0.7138565612886493	0.11214782264150555	0.2838720141097615	0.28780580165505565	0.6838014947650576	0.16958899225322402	0.2757867507896818	0.7121941983449444	0.7	0.1	0.7	0.0	0.0	0.6	0.1	10.0	0.0	2.3177679129021325	2.3561258599220753	4.184252973321005	0.9412790022946885
eclipse.jdt.core-413913	1.0	1.0	1.0	0.0	0.4719947392053767	0.5696024259319487	0.649416624743956	0.24150264138982971	0.4719947392053767	0.5696024259319487	0.649416624743956	0.24150264138982971	0.3352558657150062	0.33981200532620137	0.6838014947650576	0.14905978834091718	0.2905126033949528	0.6601879946737986	0.3333333333333333	0.0	0.3333333333333333	0.0	0.3333333333333333	0.0	0.0	3.0	0.0	0.867937645456404	1.1064733138411	1.4973396225281117	0.7766472398180253
eclipse.jdt.core-369381	1.0	1.0	1.0	0.0	0.3852763167215551	0.41957478207392973	0.5364775702657973	0.14163038154015448	0.3852763167215551	0.41957478207392973	0.5364775702657973	0.14163038154015448	0.3375412378245657	0.3405313035285355	0.6838014947650576	0.1495625221181376	0.37346972372852116	0.6594686964714644	0.5	0.125	0.5	0.25	0.75	0.0	0.0	8.0	0.0	1.635806359620001	1.658975441544988	2.591622179203286	0.5255614797105331
eclipse.jdt.core-165346	1.0	1.0	1.0	0.0	0.5945652104258662	0.5514468705096316	0.9201819031845418	0.1570196575987826	0.5945652104258662	0.5514468705096316	0.9201819031845418	0.1570196575987826	0.27913028344763285	0.27769098628558436	0.6838014947650576	0.1731159846778422	0.43545661092917465	0.7223090137144157	0.4	0.3	0.4	0.2	0.1	0.5	0.0	10.0	0.0	2.211097172749781	2.416862095109908	6.045005314036012	1.4684274059132978
eclipse.jdt.core-327143	1.4858853402374508	1.0	2.6094379124341005	0.6614504795910494	0.6751761990340922	0.6704579201206048	0.775922895311158	0.07019219251053549	0.6751761990340922	0.6704579201206048	0.775922895311158	0.07019219251053549	0.2784472980507751	0.27696832994168585	0.6838014947650576	0.17060283292883466	0.35644640869651584	0.7230316700583141	0.7	0.4	0.7	0.0	0.0	0.6	0.1	10.0	0.0	2.3758159229444407	3.2315945972759756	6.604621101971435	2.070297885845691
eclipse.jdt.core-396258	1.1373265360835139	1.0	2.09861228866811	0.3884180996060467	0.6747178403312747	0.7142577944580145	1.0	0.2162592084897059	0.6747178403312747	0.7142577944580145	1.0	0.2162592084897059	0.27375259260432694	0.27479161328271745	0.6838014947650576	0.17101761425942852	0.4698832040066689	0.7252083867172825	0.6	0.4	0.6	0.2	0.1	0.6	0.1	10.0	0.1	1.5251279678121825	1.9198890931471575	4.899873009733009	1.422048828506479
eclipse.jdt.core-126180	1.1373265360835139	1.0	2.09861228866811	0.3884180996060467	0.38394768281979175	0.29269052424389586	0.7138565612886493	0.1604009557222973	0.38394768281979175	0.29269052424389586	0.7138565612886493	0.1604009557222973	0.27431168690878527	0.27437447215384125	0.6838014947650576	0.17165166053792416	0.3111974600727458	0.7256255278461587	0.6	0.4	0.6	0.2	0.3	0.5	0.0	10.0	0.0	1.5144387613986647	1.434801436169747	2.9314900048256374	0.5021638825820586
eclipse.jdt.core-472815	1.0	1.0	1.0	0.0	0.5232874728424916	0.44657365539704375	0.8403640012786583	0.19757183007285178	0.5232874728424916	0.44657365539704375	0.8403640012786583	0.19757183007285178	0.3408728015870024	0.34718004715768475	0.6838014947650576	0.14908039046639787	0.47012267709823286	0.6528199528423153	0.7	0.1	0.7	0.1	0.6	0.2	0.0	10.0	0.1	1.8232464240056276	1.8515982223910359	4.658710952916121	1.0628066412530235
eclipse.jdt.core-412650	1.0	1.0	1.0	0.0	0.5047338275613735	0.4568931742985374	1.0	0.2370304726857462	0.5047338275613735	0.4568931742985374	1.0	0.2370304726857462	0.3397822038595922	0.3437702006839074	0.6838014947650576	0.14968794617318348	0.28990080379837585	0.6562297993160926	0.6	0.3	0.6	0.1	0.1	0.6	0.0	10.0	0.1	1.5366072347506188	1.5119384219492642	4.658710952916121	0.9429662364883411
eclipse.jdt.core-357110	1.198042051588556	1.0	1.6931471805599454	0.3382211920362604	0.7590152126218521	0.7642624059893721	1.0	0.11514361174138449	0.7590152126218521	0.7642624059893721	1.0	0.11514361174138449	0.3375087107303926	0.3402760169636612	0.6838014947650576	0.14923111708475345	0.3219877258529636	0.6597239830363388	0.7	0.2	0.7	0.0	0.0	0.7	0.0	10.0	0.0	0.8970100505661632	0.0	5.506008813303325	1.6681390880635079
eclipse.jdt.core-479474	1.1791759469228056	1.0	2.09861228866811	0.38963826174969923	0.5902755864465503	0.5501052558523252	0.7936736835661323	0.11782660238477587	0.5902755864465503	0.5501052558523252	0.7936736835661323	0.11782660238477587	0.3373489559618406	0.3402494593312787	0.6838014947650576	0.14871354468871695	0.3384979665647645	0.6597505406687213	0.9	0.4	0.9	0.1	0.0	0.9	0.1	10.0	0.1	1.9004777248743612	2.027519757339523	4.494407901624845	1.219972135576991
eclipse.jdt.core-90612	1.0	1.0	1.0	0.0	0.4316414581904799	0.401414968368704	0.8403640012786583	0.23822109958849544	0.4316414581904799	0.401414968368704	0.8403640012786583	0.23822109958849544	0.33842097772393565	0.3402760169636612	0.6838014947650576	0.14969407884799196	0.24124678583245052	0.6597239830363388	0.8	0.3	0.8	0.1	0.1	0.8	0.0	10.0	0.1	1.2797984251454981	1.2252220666174425	3.347005448787303	0.8110155663696109
eclipse.jdt.core-423409	1.0	1.0	1.0	0.0	0.6859955006786953	0.7003727649530755	0.775922895311158	0.06869414742963285	0.6859955006786953	0.7003727649530755	0.775922895311158	0.06869414742963285	0.33654913484386045	0.33665962109467684	0.6838014947650576	0.14893884830809678	0.4017517966602234	0.6633403789053232	0.4	0.1	0.4	0.0	0.0	0.4	0.0	10.0	0.0	1.2841179983136315	0.0	4.732818925069843	1.7128028401511366
eclipse.jdt.core-193784	1.4839001263634866	1.3465735902799727	2.386294361119891	0.5626966178228608	0.8070845872608564	0.8734913905634314	1.0	0.14010111071314588	0.8070845872608564	0.8734913905634314	1.0	0.14010111071314588	0.2769712298771735	0.27589714832901685	0.6838014947650576	0.17169439467140207	0.452038112753451	0.7241028516709831	0.7	0.0	0.7	0.2	0.1	0.7	0.0	10.0	0.1	0.7019362912047966	0.0	6.486838066315051	1.757429248676252
eclipse.jdt.core-441338	1.0	1.0	1.0	0.0	0.6340161146430853	0.5782872477124501	0.9201819031845418	0.1370530331201948	0.6340161146430853	0.5782872477124501	0.9201819031845418	0.1370530331201948	0.278565417707818	0.2790025632381487	0.6838014947650576	0.16994955755382216	0.32913384417893343	0.7209974367618512	0.6	0.4	0.6	0.2	0.2	0.6	0.0	10.0	0.0	2.790810953081952	3.0315734633826197	5.046476483924884	1.3701770464096015
eclipse.jdt.core-471034	1.4605170185988092	1.0	2.6094379124341005	0.7089364897158907	0.9427710588774605	0.9600909515922709	1.0	0.06453495930227919	0.9427710588774605	0.9600909515922709	1.0	0.06453495930227919	0.287179824786305	0.2873776020416367	0.6838014947650576	0.1689334576220663	0.27378856553520187	0.7126223979583632	0.4	0.2	0.4	0.1	0.0	0.5	0.0	10.0	0.0	2.233786602659234	0.0	8.68406264365127	3.5493298416181105
eclipse.jdt.core-341499	1.2310490601866484	1.0	1.6931471805599454	0.35793966490390583	0.669188892199156	0.6687890100799495	0.7936736835661323	0.08912631360460627	0.669188892199156	0.6687890100799495	0.7936736835661323	0.08912631360460627	0.2784360681729711	0.2765061107565554	0.6838014947650576	0.17006111100932889	0.4583819695324528	0.7234938892434446	0.5	0.2	0.5	0.1	0.0	0.5	0.1	10.0	0.1	1.8477203928146428	1.6193036158594687	6.304516509521097	2.0120971442934734
eclipse.jdt.core-403705	1.1732867951399863	1.0	1.6931471805599454	0.3465735902799727	0.43775454537029057	0.48443615866432654	0.649416624743956	0.1625694435412101	0.43775454537029057	0.48443615866432654	0.649416624743956	0.1625694435412101	0.3393933914544858	0.34076003246102726	0.6838014947650576	0.14865563259806477	0.28292577475449066	0.6592399675389727	0.4444444444444444	0.0	0.4444444444444444	0.0	0.0	0.3333333333333333	0.1111111111111111	9.0	0.0	1.6154866119549514	1.6337527244868304	3.5680668338971886	0.7046945727101043
