ecf-209410	1.138629436111989	1.0	1.6931471805599454	0.2922565125724551	0.7466611065195279	0.7561668347131552	1.0	0.17855107133099563	0.7466611065195279	0.7561668347131552	1.0	0.17855107133099563	0.2195289912348094	0.19407496729954465	0.4402325753648333	0.16029297101318704	0.28172290632601626	0.8059250327004553	1.0	0.3	1.0	0.0	0.3	0.6	0.1	10.0	0.0	0.24881235837036592	0.0	4.0292503311508066	0.7829360168082603
ecf-259072	1.0	1.0	1.0	0.0	0.673747414957337	0.7901150385692978	0.8616033789950089	0.21170698076900285	0.673747414957337	0.7901150385692978	0.8616033789950089	0.21170698076900285	0.2449802653593285	0.21796259486358918	0.9363682263085936	0.18981644885331736	0.3846986922479735	0.7820374051364108	0.4	0.1	0.4	0.2	0.1	0.5	0.0	10.0	0.2	1.3039242665309074	0.0	6.848359069025481	2.1118426624202087
ecf-426497	1.577622650466621	1.6931471805599454	1.6931471805599454	0.28297615150344435	0.4237718219661404	0.33547554728782947	0.9126813362866741	0.2728369080750984	0.4237718219661404	0.33547554728782947	0.9126813362866741	0.2728369080750984	0.23912397302144164	0.20002845843768496	0.9363682263085936	0.18970685331162357	0.3189548472503239	0.799971541562315	0.6	0.1	0.6	0.0	0.0	0.1	0.5	10.0	0.4	0.9051090925421563	0.7450550401619632	5.46206470790559	1.006245548919493
ecf-303125	1.0	1.0	1.0	0.0	0.6400120957620574	0.6433118897663566	0.8616033789950089	0.09870940448811395	0.6400120957620574	0.6433118897663566	0.8616033789950089	0.09870940448811395	0.28181827184177993	0.26188726451539146	0.9363682263085936	0.19382942987927906	0.43168218735815156	0.7381127354846085	0.3	0.2	0.3	0.1	0.2	0.2	0.0	10.0	0.2	2.446319832202419	2.7764873626554385	5.46206470790559	2.022327124776497
ecf-198161	1.2599301927099795	1.0	1.6931471805599454	0.35873774764475586	0.6890564490014004	0.6268546942352602	1.0	0.16465559993847112	0.6890564490014004	0.6268546942352602	1.0	0.16465559993847112	0.35519537314002875	0.37388449307717303	0.9363682263085936	0.20990870447939186	0.3386027494461559	0.626115506922827	0.7	0.3	0.7	0.1	0.0	0.5	0.3	10.0	0.0	0.4965509795956046	0.0	4.6147668475183865	1.0377340136816535
ecf-266262	1.0	1.0	1.0	0.0	0.800372867329888	0.8253631221551779	1.0	0.14913843396610138	0.800372867329888	0.8253631221551779	1.0	0.14913843396610138	0.28091359013339856	0.2516269326069761	0.9363682263085936	0.19540972857652317	0.3694953224763725	0.7483730673930239	0.1	0.0	0.1	0.1	0.2	0.0	0.0	10.0	0.0	1.8763808288070485	0.0	6.848359069025481	2.5035430427567844
ecf-476180	1.3465735902799727	1.3465735902799727	1.6931471805599454	0.3796523464637884	0.6020858364127507	0.5562743967042738	0.8616033789950089	0.13366978578766076	0.6020858364127507	0.5562743967042738	0.8616033789950089	0.13366978578766076	0.24336474937209046	0.2149698310501426	0.9363682263085936	0.1897796569860067	0.3070819557729485	0.7850301689498573	0.4	0.2	0.4	0.2	0.0	0.5	0.1	10.0	0.1	0.8731782639187625	0.0	3.7128648530963306	1.0981412997785065
ecf-202772	1.138629436111989	1.0	1.6931471805599454	0.30998484282887173	0.5343747377574566	0.5204760375493837	0.9126813362866741	0.19752828296923014	0.5343747377574566	0.5204760375493837	0.9126813362866741	0.19752828296923014	0.2311696262505186	0.1871877673883784	0.9363682263085936	0.18896953065783265	0.32198433759963857	0.8128122326116216	0.5555555555555556	0.2222222222222222	0.5555555555555556	0.0	0.1111111111111111	0.3333333333333333	0.1111111111111111	9.0	0.0	0.31667478826242457	0.0	3.469634543215384	0.9530221484302525
ecf-329247	2.039720770839918	2.039720770839918	2.386294361119891	0.49012907173427367	0.6612423787932686	0.6332296454012336	0.9126813362866741	0.14519374271963092	0.6612423787932686	0.6332296454012336	0.9126813362866741	0.14519374271963092	0.23777937994881154	0.19639059193669517	0.9363682263085936	0.19054023062117117	0.32076838009910724	0.8036094080633048	0.2	0.0	0.2	0.0	0.0	0.0	0.2	10.0	0.1	3.702043393888276	3.8865283471471708	6.33753344525949	1.0484977854999937
ecf-280601	1.3465735902799727	1.3465735902799727	1.6931471805599454	0.4001887112843146	0.7886373705585148	0.8294282374700518	0.9126813362866741	0.10837827968483692	0.7886373705585148	0.8294282374700518	0.9126813362866741	0.10837827968483692	0.23757350436795155	0.2018521759776133	0.9363682263085936	0.18923002901476063	0.286505998322988	0.7981478240223867	0.4	0.2	0.4	0.0	0.0	0.3	0.1	10.0	0.2	1.5947304965060678	0.0	6.33753344525949	2.338169894699612
ecf-229921	1.0770163533955495	1.0	1.6931471805599454	0.23104906018664842	0.480438769842881	0.44677448724585395	1.0	0.30245546570060355	0.480438769842881	0.44677448724585395	1.0	0.30245546570060355	0.34527181916318894	0.34755077590026473	0.9363682263085936	0.1978268053511026	0.3094454183587329	0.6524492240997353	0.9	0.2	0.9	0.0	0.4	0.5	0.0	10.0	0.0	0.8945769090250233	0.20935507483568594	4.034948352265444	1.2301602510888705
ecf-420897	1.0	1.0	1.0	0.0	0.8958742240121741	0.8871423576408415	1.0	0.04452782826259735	0.8958742240121741	0.8871423576408415	1.0	0.04452782826259735	0.24584202894472376	0.2039258183301068	0.9363682263085936	0.19517156842200256	0.3257334535028382	0.7960741816698932	0.2	0.1	0.2	0.1	0.1	0.2	0.0	10.0	0.0	0.8515014598202912	0.0	6.848359069025481	2.197549380123636
ecf-204329	1.1569446126668728	1.0	2.09861228866811	0.41523641472790324	0.6432461411669242	0.6469119263402519	0.7742856144405287	0.0830681355943256	0.6432461411669242	0.6469119263402519	0.7742856144405287	0.0830681355943256	0.23855534106163012	0.2018521759776133	0.9363682263085936	0.18938354965522344	0.24742503855306702	0.7981478240223867	0.7	0.4	0.7	0.0	0.1	0.5	0.1	10.0	0.0	0.6502284619947178	0.0	4.199149367946204	1.1843482275076054
ecf-282667	1.0	1.0	1.0	0.0	0.8551831066128462	0.8434832505750934	1.0	0.11644592607605665	0.8551831066128462	0.8434832505750934	1.0	0.11644592607605665	0.23544882639647935	0.19382160991801428	0.9363682263085936	0.19102070605983446	0.32026604290461025	0.8061783900819857	0.4	0.2	0.4	0.1	0.0	0.5	0.0	10.0	0.2	0.24537583225483467	0.0	6.5606769965737	1.1717754147805846
ecf-265269	1.3583518938456112	1.0	2.09861228866811	0.511204845345069	0.8334250507689722	0.8434832505750934	1.0	0.12312663739120452	0.8334250507689722	0.8434832505750934	1.0	0.12312663739120452	0.23391747155248738	0.19119015235550868	0.9363682263085936	0.19058371795517767	0.2657388707627813	0.8088098476444914	0.4	0.1	0.4	0.1	0.0	0.4	0.1	10.0	0.1	0.38199653624701	0.0	5.749746780357371	1.288765950370173
ecf-332852	1.0	1.0	1.0	0.0	0.5597605697165303	0.5634799111516278	0.7972530959450946	0.145200299724886	0.5597605697165303	0.5634799111516278	0.7972530959450946	0.145200299724886	0.23897722255290368	0.19716403039355768	0.9363682263085936	0.1907821868461458	0.3224254669160093	0.8028359696064423	0.1	0.0	0.1	0.1	0.1	0.1	0.0	10.0	0.0	0.9482993857907219	0.0	4.481235454893864	1.6552500151760168
ecf-198193	1.138629436111989	1.0	1.6931471805599454	0.2922565125724551	0.5840697162253068	0.5513644741814503	0.9126813362866741	0.14304545393269147	0.5840697162253068	0.5513644741814503	0.9126813362866741	0.14304545393269147	0.3256092152622894	0.3192908354153312	0.9363682263085936	0.19356013882347936	0.3241178358282387	0.6807091645846688	0.9	0.2	0.9	0.1	0.1	0.7	0.2	10.0	0.0	0.5468665459648595	0.0	3.6294832441572797	0.8409519233573759
ecf-397877	1.0	1.0	1.0	0.0	0.7497172621245539	0.7475915451390192	1.0	0.16261395978758228	0.7497172621245539	0.7475915451390192	1.0	0.16261395978758228	0.23806359477168942	0.19692498938324984	0.9363682263085936	0.18966467590423192	0.31363213034699994	0.8030750106167501	0.4	0.2	0.4	0.2	0.1	0.5	0.0	10.0	0.2	1.2779546249029032	0.0	5.644386264699545	1.9478302601658475
ecf-406064	1.198042051588556	1.0	1.6931471805599454	0.33822119203626044	0.6493624766815879	0.6358934891014116	0.9126813362866741	0.21804737468959592	0.6493624766815879	0.6358934891014116	0.9126813362866741	0.21804737468959592	0.2378784865056395	0.19692498938324984	0.9363682263085936	0.1894224578670939	0.30985587177148116	0.8030750106167501	0.6	0.1	0.6	0.1	0.2	0.3	0.2	10.0	0.0	0.7580189078058681	0.0	5.056599599797425	1.5048104084794076
ecf-264242	1.3465735902799727	1.3465735902799727	1.6931471805599454	0.3796523464637884	0.28649951826240433	0.30099528102165335	0.6588600714984729	0.19520495914177144	0.28649951826240433	0.30099528102165335	0.6588600714984729	0.19520495914177144	0.24635187298276862	0.21994141148811594	0.9363682263085936	0.19156200900988232	0.2640460738779691	0.780058588511884	0.6	0.2	0.6	0.0	0.0	0.3	0.3	10.0	0.1	0.3712485682061118	0.2534572897428579	2.504553647171797	0.4987155855497073
ecf-419902	1.3465735902799727	1.3465735902799727	1.6931471805599454	0.4001887112843146	0.6458256936953147	0.643312339299253	1.0	0.24929016040381388	0.6458256936953147	0.643312339299253	1.0	0.24929016040381388	0.23829333711804712	0.19716403039355768	0.9363682263085936	0.1893644744006592	0.35234742090837196	0.8028359696064423	0.3	0.1	0.3	0.3	0.0	0.2	0.2	10.0	0.2	2.484309268729754	2.004171982566889	7.946971357693591	2.1520598789489966
ecf-192574	1.0	1.0	1.0	0.0	0.6105610598229274	0.5795989221745643	0.9126813362866741	0.1395708087278862	0.6105610598229274	0.5795989221745643	0.9126813362866741	0.1395708087278862	0.32190032643001665	0.3192908354153312	0.9363682263085936	0.192393689360054	0.4080237895263431	0.6807091645846688	0.5	0.1	0.5	0.0	0.2	0.3	0.0	10.0	0.1	1.1396743827137608	0.5481850822736422	4.021703125515423	1.2946669510938245
ecf-371768	1.138629436111989	1.0	1.6931471805599454	0.30998484282887173	0.5608573738168542	0.6251937842641302	0.8253631221551779	0.23938643679722363	0.5608573738168542	0.6251937842641302	0.8253631221551779	0.23938643679722363	0.3184277873080186	0.31045357981756005	0.9363682263085936	0.19177387240975952	0.3206578649717815	0.68954642018244	0.5	0.25	0.5	0.125	0.0	0.5	0.125	8.0	0.125	1.007673553275958	0.3632158848968264	5.133560640933554	1.524796549030688
ecf-192573	1.0	1.0	1.0	0.0	0.6313400228938634	0.6297846454940865	0.7972530959450946	0.09441149320711653	0.6313400228938634	0.6297846454940865	0.7972530959450946	0.09441149320711653	0.31811037398696634	0.3084945088442158	0.9363682263085936	0.19073830891865404	0.27988948984773143	0.6915054911557842	0.6	0.2	0.6	0.2	0.2	0.6	0.0	10.0	0.0	0.4610800051113768	0.0	3.382623166225754	0.9476924351243041
ecf-327749	1.0	1.0	1.0	0.0	0.8655967281036177	0.869022229220926	1.0	0.07629410351757072	0.8655967281036177	0.869022229220926	1.0	0.07629410351757072	0.2648978521544863	0.23982518720785673	0.9363682263085936	0.19629287054744488	0.30492212194244994	0.7601748127921433	0.3	0.3	0.3	0.1	0.0	0.4	0.0	10.0	0.2	0.39710338296200687	0.0	7.253824177133645	1.5215853611635413
ecf-328772	1.138629436111989	1.0	1.6931471805599454	0.30998484282887173	0.6249673276811748	0.6924495964605802	0.8616033789950089	0.20619389063217608	0.6249673276811748	0.6924495964605802	0.8616033789950089	0.20619389063217608	0.23531437318108142	0.19502096787825846	0.9363682263085936	0.19082168682985123	0.3215371045911251	0.8049790321217416	0.4	0.4	0.4	0.1	0.0	0.4	0.1	10.0	0.2	1.094985530703329	0.6892636805335476	5.23892115659138	1.3797830048682138
ecf-256580	1.0	1.0	1.0	0.0	0.49055786412797453	0.462942918148766	1.0	0.2581692005028732	0.49055786412797453	0.462942918148766	1.0	0.2581692005028732	0.23301807998222449	0.18935368154112964	0.9363682263085936	0.19006682648052495	0.2884372552704566	0.8106463184588704	0.4	0.2	0.4	0.1	0.3	0.2	0.0	10.0	0.3	0.31292298833296117	0.0	2.3103976327308393	0.7676968884366293
ecf-198731	1.0866433975699932	1.0	1.6931471805599454	0.2450645358671368	0.7371812299703379	0.7380458071729002	1.0	0.12299326922094596	0.7371812299703379	0.7380458071729002	1.0	0.12299326922094596	0.3186037136345697	0.3084945088442158	0.9363682263085936	0.19010365553772576	0.36627747158942714	0.6915054911557842	0.7	0.2	0.7	0.1	0.2	0.6	0.0	10.0	0.0	0.5683389677980258	0.0	4.768917527345645	1.369116936259328
ecf-472661	1.0990210257942779	1.0	1.6931471805599454	0.26198500881817144	0.6920949916703393	0.6324881587895349	1.0	0.2349105781196302	0.6920949916703393	0.6324881587895349	1.0	0.2349105781196302	0.23796101243743278	0.1974030714038655	0.9363682263085936	0.18983965508100809	0.25902951328356427	0.8025969285961345	0.7	0.3	0.7	0.0	0.3	0.3	0.1	10.0	0.0	0.7866088487007294	0.0	5.056599599797425	1.339261496977441
ecf-339024	0.0	0.0	0.0	0.0	0.8398598542931568	0.8871423576408415	1.0	0.10992255173501153	0.0	0.0	0.0	0.0	0.23387970510433118	0.18935368154112964	0.9363682263085936	0.1933724242602024	0.2887848669877427	0.8106463184588704	0.0	0.0	0.0	0.0	0.0	0.0	0.0	10.0	0.0	0.7905505853004698	0.0	6.155211888465535	1.8853890677972795
ecf-420433	1.0	1.0	1.0	0.0	0.5922736692656654	0.5910819886094542	0.8253631221551779	0.17729578976516172	0.5922736692656654	0.5910819886094542	0.8253631221551779	0.17729578976516172	0.23882447410805765	0.20002845843768496	0.9363682263085936	0.18923732983957545	0.34880151102167634	0.799971541562315	0.4	0.3	0.4	0.0	0.2	0.2	0.0	10.0	0.2	1.505446040129076	1.2749384122325231	4.768917527345645	1.2927380072130736
ecf-227939	1.0	1.0	1.0	0.0	0.7895062824515612	0.8113081090501363	0.9126813362866741	0.0966202327232887	0.7895062824515612	0.8113081090501363	0.9126813362866741	0.0966202327232887	0.31158328457001994	0.30145305864595595	0.9363682263085936	0.1869305238180304	0.3578403591075883	0.698546941354044	0.7	0.4	0.7	0.0	0.0	0.7	0.0	10.0	0.0	0.4785751546612391	0.0	4.9512390841395995	1.275267622275685
ecf-252002	1.154032706791099	1.0	1.6931471805599454	0.30564917695453336	0.6110372528895704	0.5309035253477596	1.0	0.1914675197919252	0.6110372528895704	0.5309035253477596	1.0	0.1914675197919252	0.31162164541316745	0.30197601846587674	0.9363682263085936	0.18697558566994976	0.3362050582993126	0.6980239815341233	0.9	0.2	0.9	0.0	0.1	0.8	0.0	10.0	0.0	1.03241787059529	0.8305772136001253	4.283409711563944	1.197563992291329
ecf-331878	1.0	1.0	1.0	0.0	0.9599647387855031	1.0	1.0	0.053747403449956786	0.9599647387855031	1.0	1.0	0.053747403449956786	0.259785601542349	0.2323174623668774	0.9363682263085936	0.1966665000359952	0.2891488892696722	0.7676825376331227	0.1	0.0	0.1	0.1	0.0	0.2	0.0	10.0	0.0	1.7659936350430199	0.0	7.946971357693591	3.3412046318535467
ecf-292972	1.138629436111989	1.0	1.6931471805599454	0.2922565125724551	0.5815198496578624	0.5610052128323872	0.9126813362866741	0.16655563879804797	0.5815198496578624	0.5610052128323872	0.9126813362866741	0.16655563879804797	0.3105371330273701	0.30361684033734176	0.9363682263085936	0.1870323528005888	0.39349296413609247	0.6963831596626582	0.9	0.1	0.9	0.1	0.3	0.6	0.1	10.0	0.0	0.5762247403338348	0.0	3.087158953331918	0.8882286866112235
ecf-222824	1.2559656384611508	1.0	2.09861228866811	0.4525433898572623	0.5813427576110661	0.5103566046840892	0.9126813362866741	0.24229479614965946	0.5813427576110661	0.5103566046840892	0.9126813362866741	0.24229479614965946	0.3109894254126328	0.30361684033734176	0.9363682263085936	0.18817194475894145	0.2479170452326871	0.6963831596626582	0.7	0.2	0.7	0.0	0.2	0.4	0.1	10.0	0.0	1.020454824825869	0.39253177256184874	5.46206470790559	1.2878008437381712
ecf-485482	1.0	1.0	1.0	0.0	0.5541415001453549	0.49343578653680653	0.9126813362866741	0.16373738545215924	0.5541415001453549	0.49343578653680653	0.9126813362866741	0.16373738545215924	0.24474782329751893	0.21651436549997377	0.9363682263085936	0.19044491835281738	0.2534218007892911	0.7834856345000263	0.6	0.3	0.6	0.1	0.0	0.7	0.0	10.0	0.0	0.560330444015091	0.0	3.6162380174072593	0.8972127822296242
ecf-490090	1.0	1.0	1.0	0.0	0.7160572840863302	0.6722186343073113	0.9126813362866741	0.11097038398621265	0.7160572840863302	0.6722186343073113	0.9126813362866741	0.11097038398621265	0.24495295833408368	0.2187384710445691	0.9363682263085936	0.18997940935521818	0.30378486881590955	0.7812615289554309	0.2	0.0	0.2	0.1	0.0	0.3	0.0	10.0	0.1	1.1080317081734108	0.0	5.056599599797425	1.878223545580219
ecf-318070	1.8047189562170503	1.8047189562170503	2.6094379124341005	1.1380444617808734	0.900524148630765	0.9126813362866741	1.0	0.09906671143078095	0.900524148630765	0.9126813362866741	1.0	0.09906671143078095	0.2779779369552559	0.25071049971310627	0.9363682263085936	0.1944933529395033	0.2953101153310672	0.7492895002868938	0.2	0.1	0.2	0.0	0.0	0.2	0.0	10.0	0.1	0.6518395144407596	0.0	7.253824177133645	1.8855894803996232
ecf-318074	1.7675283643313486	1.6931471805599454	2.6094379124341005	0.8072930192126556	0.8644514317786933	0.869022229220926	1.0	0.12808029546330268	0.8644514317786933	0.869022229220926	1.0	0.12808029546330268	0.27712632648302526	0.2494906794176222	0.9363682263085936	0.194511728493299	0.308047207514711	0.7505093205823778	0.3	0.1	0.3	0.0	0.0	0.3	0.0	10.0	0.1	0.2477557908227541	0.0	6.33753344525949	1.1731117373021298
ecf-318075	1.0	1.0	1.0	0.0	0.4694637603126289	0.3750771468789217	1.0	0.27450418878989447	0.4694637603126289	0.3750771468789217	1.0	0.27450418878989447	0.23485955823707785	0.19213096721040784	0.9363682263085936	0.19175352786648284	0.27874134376891774	0.8078690327895921	0.3333333333333333	0.16666666666666666	0.3333333333333333	0.0	0.3333333333333333	0.0	0.0	6.0	0.16666666666666666	0.6208178095453735	0.3691584213765401	3.087158953331918	0.965320287773505
ecf-408185	1.1155245300933243	1.0	1.6931471805599454	0.2829761515034443	0.6665268798844852	0.65172223889514	1.0	0.15418556222386015	0.6665268798844852	0.65172223889514	1.0	0.15418556222386015	0.23841714022484625	0.20252217354174526	0.9363682263085936	0.1891806896547708	0.3197355928625351	0.7974778264582547	0.4	0.2	0.4	0.2	0.1	0.4	0.1	10.0	0.0	1.0113726851204927	0.0	6.5606769965737	1.5761490044136914
ecf-211585	1.198042051588556	1.0	1.6931471805599454	0.33822119203626044	0.4284776256735203	0.4986892966421239	0.5233066027156972	0.11922373248428776	0.4284776256735203	0.4986892966421239	0.5233066027156972	0.11922373248428776	0.3652176076712429	0.4051328657625545	0.728531446560539	0.19994425177783753	0.2969065273705549	0.5948671342374455	0.7	0.3	0.7	0.0	0.3	0.2	0.2	10.0	0.0	0.4843325627564839	0.2624019965789372	3.7967191635331936	0.9609839468679013
ecf-318086	1.1732867951399863	1.0	1.6931471805599454	0.3208647959315357	0.5728332950359543	0.558339518468449	0.9126813362866741	0.23907420548739283	0.5728332950359543	0.558339518468449	0.9126813362866741	0.23907420548739283	0.35642081708570617	0.38702391929765995	0.728531446560539	0.20342954492435233	0.30652866734656087	0.6129760807023401	0.8	0.2	0.8	0.0	0.2	0.4	0.2	10.0	0.1	0.2711290184979668	0.0	3.8198369726484986	0.9426894323516671
ecf-482434	1.3465735902799727	1.0	2.386294361119891	0.5239700176363429	0.4631784451461542	0.47223808485699337	1.0	0.3015207463605207	0.4631784451461542	0.47223808485699337	1.0	0.3015207463605207	0.37461526395838335	0.3889585496449321	0.7611084055488654	0.19662501764265292	0.2829901545125951	0.6110414503550678	0.7777777777777778	0.3333333333333333	0.7777777777777778	0.1111111111111111	0.1111111111111111	0.4444444444444444	0.3333333333333333	9.0	0.1111111111111111	0.29757033810704797	0.0238583409834099	1.3594213428687942	0.49997907326089813
ecf-125572	1.2772588722239782	1.0	1.6931471805599454	0.3796523464637884	0.664644907467295	0.6054954558200254	1.0	0.17282104316551386	0.664644907467295	0.6054954558200254	1.0	0.17282104316551386	0.2324315604844054	0.18862917777195365	0.9363682263085936	0.1918759698945366	0.28808997724091073	0.8113708222280464	0.5	0.4	0.5	0.0	0.0	0.5	0.0	10.0	0.1	0.6310211509496071	0.0	3.382623166225754	1.0105208613537457
ecf-414337	1.0	1.0	1.0	0.0	0.46818931562926036	0.42033365350190816	0.7380458071729002	0.1825393025293722	0.46818931562926036	0.42033365350190816	0.7380458071729002	0.1825393025293722	0.23990881139353654	0.2039258183301068	0.9363682263085936	0.1897329923459955	0.33917488473170165	0.7960741816698932	0.4	0.2	0.4	0.0	0.0	0.4	0.0	10.0	0.1	0.9584742497836596	0.6801440101729994	3.772584087797953	0.9973805074294796
ecf-323208	1.0	1.0	1.0	0.0	0.9075736754320565	0.9126813362866741	1.0	0.0731020096869325	0.9075736754320565	0.9126813362866741	1.0	0.0731020096869325	0.2702491740148307	0.24454100487232022	0.9363682263085936	0.19572586681528842	0.2741185579613791	0.7554589951276798	0.4	0.1	0.4	0.0	0.1	0.3	0.0	10.0	0.0	0.2761823736130545	0.0	6.5606769965737	1.2971817102851666
ecf-199309	1.2559656384611508	1.0	2.09861228866811	0.4525433898572623	0.7120980518954951	0.6843981510143398	0.9126813362866741	0.10763188574745011	0.7120980518954951	0.6843981510143398	0.9126813362866741	0.10763188574745011	0.37545721196596404	0.38302993124999185	0.9363682263085936	0.21729197155711139	0.3300138925203011	0.6169700687500081	0.7	0.2	0.7	0.1	0.2	0.5	0.0	10.0	0.0	0.3228187039406196	0.0	4.258091903579654	1.053795832831967
ecf-222865	1.1155245300933243	1.0	1.6931471805599454	0.28297615150344435	0.6359143744697772	0.5805603561847399	0.9126813362866741	0.1634730334832888	0.6359143744697772	0.5805603561847399	0.9126813362866741	0.1634730334832888	0.3554925416471286	0.3753999769017339	0.9363682263085936	0.2056466451895437	0.36914099757359103	0.6246000230982661	0.6	0.1	0.6	0.0	0.2	0.4	0.0	10.0	0.0	0.9088523885729467	0.0	4.768917527345645	1.2610304885757362
ecf-222864	1.0	1.0	1.0	0.0	0.864340530360298	0.869022229220926	1.0	0.13376681720866687	0.864340530360298	0.869022229220926	1.0	0.13376681720866687	0.24002103055204752	0.19819068606123502	0.9363682263085936	0.19483728193010028	0.36119714789453006	0.801809313938765	0.1	0.1	0.1	0.0	0.1	0.0	0.0	10.0	0.1	2.828400823433103	0.0	7.946971357693591	3.0764843879062314
ecf-222868	1.138629436111989	1.0	1.6931471805599454	0.30998484282887173	0.6631214384360397	0.5805603561847399	1.0	0.1710536389147975	0.6631214384360397	0.5805603561847399	1.0	0.1710536389147975	0.3352815308647663	0.33545179297850125	0.9363682263085936	0.20218117329505225	0.340895354149005	0.6645482070214987	0.5	0.2	0.5	0.0	0.3	0.1	0.1	10.0	0.1	0.7074962626519635	0.0	4.9512390841395995	1.2660381584822782
ecf-447633	1.2079441541679836	1.0	1.6931471805599454	0.33482189780177213	0.8046166589079606	0.7857693551928117	1.0	0.09139332942947266	0.8046166589079606	0.7857693551928117	1.0	0.09139332942947266	0.3216913869031847	0.30077380210178506	0.9363682263085936	0.19977683637143143	0.29836173517228903	0.6992261978982149	0.8	0.1	0.8	0.2	0.1	0.9	0.0	10.0	0.0	0.1735692023689068	0.0	4.14030886792327	0.815442099922905
ecf-342686	3.028924908970769	3.995732273553991	4.091042453358316	1.7577466319908326	0.9738044008860023	1.0	1.0	0.0421789217614542	0.9738044008860023	1.0	1.0	0.0421789217614542	0.25709643316666275	0.23020854268230617	0.9363682263085936	0.1971759466833274	0.2745510562186396	0.7697914573176938	0.3	0.0	0.3	0.0	0.0	0.3	0.0	10.0	0.0	0.16119609282519198	0.0	7.253824177133645	1.0813362637934871
ecf-237726	1.138629436111989	1.0	1.6931471805599454	0.30998484282887173	0.9635888094276692	1.0	1.0	0.0602532161012849	0.9635888094276692	1.0	1.0	0.0602532161012849	0.29395641706921916	0.2774862911575545	0.9363682263085936	0.1942231768784856	0.3065711957516341	0.7225137088424455	0.2	0.0	0.2	0.3	0.0	0.4	0.1	10.0	0.2	0.4809708776832122	0.0	7.946971357693591	1.824980780120078
ecf-222878	1.9729550745276567	1.9729550745276567	2.9459101490553135	1.3759662619767377	0.8627299265722729	0.8616033789950089	1.0	0.11442044277611156	0.8627299265722729	0.8616033789950089	1.0	0.11442044277611156	0.22801958127493438	0.185614902163533	0.9363682263085936	0.18763850125937787	0.3578073091015243	0.8143850978364671	0.2	0.0	0.2	0.0	0.0	0.2	0.0	10.0	0.1	3.5886308716065387	4.545773976031435	7.946971357693591	2.9567007640964595
ecf-259233	1.519860385419959	1.6931471805599454	1.6931471805599454	0.3465735902799727	0.46622825491160563	0.3878433869646472	0.7380458071729002	0.1844352821760539	0.46622825491160563	0.3878433869646472	0.7380458071729002	0.1844352821760539	0.3466761189467541	0.34755077590026473	0.9363682263085936	0.19825864339869242	0.2675687321735862	0.6524492240997353	0.5714285714285714	0.14285714285714285	0.5714285714285714	0.0	0.0	0.14285714285714285	0.42857142857142855	7.0	0.0	0.7371730730892172	0.3691584213765401	2.273648090522098	0.8084785254187691
ecf-339616	1.0	1.0	1.0	0.0	0.5432813304380945	0.5125936818975063	0.7232085562948732	0.11805444404763953	0.5432813304380945	0.5125936818975063	0.7232085562948732	0.11805444404763953	0.23765258352648172	0.20252217354174526	0.9363682263085936	0.18894281114272155	0.2918953339532395	0.7974778264582547	0.8	0.3	0.8	0.0	0.2	0.6	0.0	10.0	0.1	0.8063433002841643	0.20848323519894474	5.46206470790559	1.284427069063027
ecf-463008	1.1155245300933243	1.0	1.6931471805599454	0.28297615150344435	0.7279954857204836	0.7602308261199839	1.0	0.16695184258375786	0.7279954857204836	0.7602308261199839	1.0	0.16695184258375786	0.24185607229433856	0.21140476099855948	0.9363682263085936	0.1893523692964215	0.3234732560914538	0.7885952390014406	0.5	0.1	0.5	0.1	0.1	0.4	0.1	10.0	0.1	0.9388951797277961	0.0	5.749746780357371	1.6973662566496999
ecf-274604	1.0	1.0	1.0	0.0	0.8568091976912028	0.8871423576408415	1.0	0.11256650086619632	0.8568091976912028	0.8871423576408415	1.0	0.11256650086619632	0.23615480070675823	0.20002845843768496	0.9363682263085936	0.1883536278935263	0.3578649518790782	0.799971541562315	0.4	0.3	0.4	0.1	0.2	0.3	0.0	10.0	0.2	0.7750121403495709	0.0	7.253824177133645	2.0204474488855007
ecf-308908	1.244136064148469	1.0	2.09861228866811	0.48444248384922045	0.693843308521591	0.6650313804187096	1.0	0.17274761871957908	0.693843308521591	0.6650313804187096	1.0	0.17274761871957908	0.2371538038280199	0.20118217841348135	0.9363682263085936	0.18900050161797255	0.3126780040396928	0.7988178215865187	0.9	0.5	0.9	0.0	0.1	0.6	0.2	10.0	0.1	0.7177087460623793	0.0	5.644386264699545	1.4808589171730324
ecf-207530	1.0693147180559945	1.0	1.6931471805599454	0.21919238442934133	0.8683515271969003	0.8616033789950089	1.0	0.059625863778775115	0.8683515271969003	0.8616033789950089	1.0	0.059625863778775115	0.33360042632181347	0.33097556767244074	0.9363682263085936	0.19730845710145942	0.424304531285167	0.6690244323275593	0.9	0.3	0.9	0.1	0.0	1.0	0.0	10.0	0.1	0.13182374082558498	0.0	5.932068337151326	0.8843005366029673
ecf-471213	1.1155245300933243	1.0	1.6931471805599454	0.28297615150344435	0.272980996819919	0.32135847346457197	0.497512152051349	0.18723897540614878	0.272980996819919	0.32135847346457197	0.497512152051349	0.18723897540614878	0.2426057861514662	0.21296274855050304	0.9363682263085936	0.18979938235770727	0.28526729943803053	0.787037251449497	0.6	0.0	0.6	0.0	0.1	0.4	0.1	10.0	0.1	0.34499905846781026	0.20935507483568594	3.7880882743339184	0.6274328376163799
ecf-199336	1.1569446126668728	1.0	2.09861228866811	0.41523641472790324	0.7192919537256522	0.6547951809648871	0.9126813362866741	0.11779403319906213	0.7192919537256522	0.6547951809648871	0.9126813362866741	0.11779403319906213	0.3309481918097969	0.33005554552164007	0.9363682263085936	0.19639209903734464	0.3386820907058161	0.6699444544783599	0.4	0.3	0.4	0.3	0.0	0.6	0.1	10.0	0.0	0.3938509884764024	0.0	4.833456048483216	1.0980050371927843
ecf-270516	1.1155245300933243	1.0	1.6931471805599454	0.2829761515034443	0.6653936505316036	0.6602760283757622	0.9126813362866741	0.13825800797494972	0.6653936505316036	0.6602760283757622	0.9126813362866741	0.13825800797494972	0.2366891732219257	0.20089135627481552	0.9363682263085936	0.18858348338976894	0.29789041851264636	0.7991086437251844	0.4	0.1	0.4	0.2	0.2	0.4	0.0	10.0	0.1	1.4312898982691884	0.8856369907831526	5.393071836418638	1.665555000605661
ecf-274613	1.0	1.0	1.0	0.0	0.8488901745579749	0.8294282374700518	1.0	0.097833434839413	0.8488901745579749	0.8294282374700518	1.0	0.097833434839413	0.32412479551418405	0.3192908354153312	0.9363682263085936	0.195449986950441	0.3076165064798293	0.6807091645846688	1.0	0.7	1.0	0.0	0.0	1.0	0.0	10.0	0.0	0.7914368400442623	0.0	6.33753344525949	1.8866088115304736
ecf-277176	1.468213122712422	1.3465735902799727	2.09861228866811	0.515268821692239	0.6825452626445575	0.6887436096095375	1.0	0.19169104442284057	0.6825452626445575	0.6887436096095375	1.0	0.19169104442284057	0.3189799170783601	0.3185080999200963	0.9363682263085936	0.19246564801267715	0.35524951757635964	0.6814919000799037	1.0	0.4	1.0	0.0	0.1	0.7	0.2	10.0	0.0	0.7048288053919437	0.0	4.9512390841395995	1.235438577164415
ecf-146622	1.0	1.0	1.0	0.0	0.8953601044156899	0.8616033789950089	1.0	0.07955192894080239	0.8953601044156899	0.8616033789950089	1.0	0.07955192894080239	0.3078846396045342	0.301169120281481	0.9363682263085936	0.19019844975260186	0.277521671635002	0.698830879718519	0.1	0.1	0.1	0.0	0.0	0.1	0.0	10.0	0.0	1.577582321831182	0.0	6.848359069025481	2.667685383343709
ecf-198334	1.462098120373297	1.6931471805599454	1.6931471805599454	0.35793966490390583	0.644578617564844	0.6037212695615439	0.9126813362866741	0.19954932494382094	0.644578617564844	0.6037212695615439	0.9126813362866741	0.19954932494382094	0.22980844835712788	0.1857410923383983	0.9363682263085936	0.18842006165539507	0.37964585248228294	0.8142589076616017	0.6	0.4	0.6	0.0	0.0	0.2	0.4	10.0	0.1	0.792977935731037	0.0	5.056599599797425	1.299963525707676
ecf-338107	1.7945134575869863	1.6931471805599454	2.791759469228055	0.9322387952475653	0.9286613439423389	0.9126813362866741	1.0	0.05326866505791394	0.9286613439423389	0.9126813362866741	1.0	0.05326866505791394	0.2360882375677122	0.20089135627481552	0.9363682263085936	0.1886926491988702	0.27007523725553206	0.7991086437251844	0.4	0.1	0.4	0.0	0.0	0.4	0.0	10.0	0.1	0.0	0.0	0.0	0.0
ecf-265412	1.3465735902799727	1.3465735902799727	1.6931471805599454	0.3796523464637884	0.6124498013780141	0.6014312395436764	0.9126813362866741	0.19513099341625692	0.6124498013780141	0.6014312395436764	0.9126813362866741	0.19513099341625692	0.234106588110035	0.19141491740927716	0.9363682263085936	0.19047892016362222	0.2833635320656214	0.8085850825907228	0.3	0.0	0.3	0.3	0.1	0.2	0.3	10.0	0.2	0.8556227183745767	0.0	4.6147668475183865	1.25937700014919
ecf-265413	1.3549866642554287	1.0	2.09861228866811	0.46291580696972867	0.6350413623680681	0.6341699458695023	0.9126813362866741	0.17226673132080578	0.6350413623680681	0.6341699458695023	0.9126813362866741	0.17226673132080578	0.2348493507509989	0.19262225195777008	0.9363682263085936	0.19074522543604036	0.2955334347910291	0.80737774804223	0.6	0.2	0.6	0.1	0.2	0.4	0.1	10.0	0.2	1.3158567650226767	0.16249812195712154	5.867529816013755	1.6692161560322567
ecf-313029	1.0	1.0	1.0	0.0	0.8131176869744718	0.7760600254642561	1.0	0.12432235430701973	0.8131176869744718	0.7760600254642561	1.0	0.12432235430701973	0.23693953870627282	0.2018521759776133	0.9363682263085936	0.1889174636486683	0.2944176409860219	0.7981478240223867	0.2	0.0	0.2	0.3	0.0	0.5	0.0	10.0	0.1	0.6190920395235363	0.0	7.253824177133645	1.8076372573444928
ecf-199366	1.154032706791099	1.0	1.6931471805599454	0.30564917695453336	0.5676237898291868	0.5402214129213078	0.9126813362866741	0.19759701692062048	0.5676237898291868	0.5402214129213078	0.9126813362866741	0.19759701692062048	0.3174741883125359	0.30765933419596336	0.9363682263085936	0.189512382889313	0.3067525776189063	0.6923406658040366	0.9	0.1	0.9	0.0	0.2	0.7	0.0	10.0	0.1	0.7659960960632202	0.0	4.258091903579654	1.236391751205911
ecf-183492	1.0	1.0	1.0	0.0	0.36240166952869723	0.3615106572000165	0.7232085562948732	0.2338844845272688	0.36240166952869723	0.3615106572000165	0.7232085562948732	0.2338844845272688	0.32014909408106257	0.31045357981756005	0.9363682263085936	0.19068924488375458	0.3382851355216961	0.68954642018244	0.3333333333333333	0.0	0.3333333333333333	0.0	0.3333333333333333	0.0	0.0	6.0	0.0	0.5575697828994574	0.45644195563287854	2.6739717991298435	0.7820166801304556
ecf-196298	1.4787491742782046	1.3465735902799727	2.6094379124341005	0.5721878749178256	0.8268333051719984	0.8294282374700518	1.0	0.11266651257252658	0.8268333051719984	0.8294282374700518	1.0	0.11266651257252658	0.31306296502725806	0.30145305864595595	0.9363682263085936	0.19035948066390485	0.27869900481067605	0.698546941354044	0.8	0.2	0.8	0.2	0.1	0.8	0.1	10.0	0.0	1.3039847101764146	0.0	6.848359069025481	2.37165217550181
ecf-195275	1.0	1.0	1.0	0.0	0.9199295225291892	0.9126813362866741	1.0	0.06253058897786924	0.9199295225291892	0.9126813362866741	1.0	0.06253058897786924	0.30200018958256614	0.28713718061137006	0.9363682263085936	0.19160431737223613	0.30093556897384427	0.7128628193886299	0.1	0.0	0.1	0.0	0.0	0.1	0.0	10.0	0.0	1.2644663198436907	0.0	7.253824177133645	2.5724418856502074
ecf-259273	1.5941261547656675	1.6931471805599454	1.6931471805599454	0.26198500881817144	0.6511954551518955	0.5439916914900883	0.9126813362866741	0.1871187461112656	0.6511954551518955	0.5439916914900883	0.9126813362866741	0.1871187461112656	0.3120174300010294	0.301169120281481	0.9363682263085936	0.19048002150918278	0.328545642635313	0.698830879718519	0.6	0.1	0.6	0.1	0.0	0.1	0.6	10.0	0.0	1.4404968973169046	0.0	7.253824177133645	1.8632195933353997
ecf-278222	1.3465735902799727	1.3465735902799727	1.6931471805599454	0.3796523464637884	0.4226179071057251	0.3503574143241501	0.9126813362866741	0.27442025652909485	0.4226179071057251	0.3503574143241501	0.9126813362866741	0.27442025652909485	0.23748689721958013	0.20118217841348135	0.9363682263085936	0.18958637488547417	0.3218778633995185	0.7988178215865187	0.4	0.1	0.4	0.2	0.1	0.2	0.3	10.0	0.1	0.509972933484401	0.13647385766852488	2.6692732783482893	0.805330631961698
ecf-202958	1.0866433975699932	1.0	1.6931471805599454	0.2450645358671368	0.7356855332204371	0.717987900752922	1.0	0.1681214697915217	0.7356855332204371	0.717987900752922	1.0	0.1681214697915217	0.3120652178365536	0.30197601846587674	0.9363682263085936	0.18951801536491528	0.34769139621062145	0.6980239815341233	0.7	0.2	0.7	0.1	0.2	0.5	0.1	10.0	0.0	0.6603686622343501	0.0	4.258091903579654	1.3768881555346666
ecf-286934	1.0	1.0	1.0	0.0	0.675647110924733	0.6547951809648871	0.9126813362866741	0.1622348898694823	0.675647110924733	0.6547951809648871	0.9126813362866741	0.1622348898694823	0.30885703986807167	0.30077380210178506	0.9363682263085936	0.18703639411515158	0.31791538061503893	0.6992261978982149	0.7	0.3	0.7	0.1	0.0	0.8	0.0	10.0	0.0	0.2829177683031441	0.0	3.0794369072380077	0.687512532208825
ecf-497876	1.1155245300933243	1.0	1.6931471805599454	0.2829761515034443	0.5610037097437465	0.5684758831441772	0.7742856144405287	0.14268555458215196	0.5610037097437465	0.5684758831441772	0.7742856144405287	0.14268555458215196	0.24520055092025303	0.21994141148811594	0.9363682263085936	0.1898625297952988	0.3143247676590143	0.780058588511884	0.6	0.2	0.6	0.0	0.2	0.4	0.0	10.0	0.0	1.3697456134094579	0.9899498374085353	4.9512390841395995	1.4266364885108238
ecf-255191	1.199084385469784	1.0	2.09861228866811	0.40784351194573554	0.7917806450660504	0.8113081090501363	0.9126813362866741	0.10127834550038584	0.7917806450660504	0.8113081090501363	0.9126813362866741	0.10127834550038584	0.22972945517688248	0.1857410923383983	0.9363682263085936	0.1883711522829497	0.3327295089768922	0.8142589076616017	0.9	0.4	0.9	0.0	0.0	0.9	0.0	10.0	0.1	0.5281043373494783	0.0	5.46206470790559	1.5216704160377887
ecf-254687	1.0	1.0	1.0	0.0	0.9650725345146697	1.0	1.0	0.045091164049972925	0.9650725345146697	1.0	1.0	0.045091164049972925	0.28832607906819563	0.27092576831337994	0.9363682263085936	0.1960415874233934	0.2605250721368287	0.7290742316866201	0.1	0.1	0.1	0.0	0.0	0.1	0.0	10.0	0.0	0.16119609282519204	0.0	7.253824177133645	1.0813362637934867
ecf-267481	1.219722457733622	1.0	2.09861228866811	0.4913143516757032	0.5991765962651017	0.5251551982245934	1.0	0.20233847525076704	0.5991765962651017	0.5251551982245934	1.0	0.20233847525076704	0.23589704534798442	0.19502096787825846	0.9363682263085936	0.19073592843751988	0.3195220578613989	0.8049790321217416	0.4	0.1	0.4	0.1	0.0	0.5	0.0	10.0	0.1	0.4743898152002521	0.0	5.46206470790559	0.9905422893953836
ecf-337624	1.5545177444479563	1.0	3.0794415416798357	0.903753353333166	0.852570448726904	0.8253631221551779	1.0	0.11261227462028597	0.852570448726904	0.8253631221551779	1.0	0.11261227462028597	0.23820992436462324	0.19674169960644272	0.9363682263085936	0.1903686122609945	0.2910523722735247	0.8032583003935573	0.5	0.2	0.5	0.0	0.0	0.5	0.0	10.0	0.0	0.12777215067460831	0.0	5.749746780357371	0.8571216436193089
ecf-343780	1.7489330683884978	1.3465735902799727	3.302585092994046	1.0860859635549662	0.7696416400116791	0.8113081090501363	1.0	0.14923400962500588	0.7696416400116791	0.8113081090501363	1.0	0.14923400962500588	0.2565454724550983	0.23011641039148106	0.9363682263085936	0.19635192358988957	0.3098884894188831	0.769883589608519	0.3	0.2	0.3	0.1	0.1	0.3	0.0	10.0	0.1	1.043068245768087	0.0	6.5606769965737	1.9612237901356542
ecf-273135	1.0	1.0	1.0	0.0	0.5567571630990723	0.5261684226096393	0.9126813362866741	0.2197601436834053	0.5567571630990723	0.5261684226096393	0.9126813362866741	0.2197601436834053	0.23660902213351345	0.19568642361121072	0.9363682263085936	0.19125549092466423	0.2916389424623167	0.8043135763887893	0.7	0.4	0.7	0.0	0.3	0.4	0.0	10.0	0.1	0.4997971981478858	0.0	3.7573166156671647	0.860683538300696
ecf-337643	1.1831020481113517	1.0	2.09861228866811	0.44850658873134785	0.8004388845457899	0.8113087834084403	1.0	0.18377000355195225	0.8004388845457899	0.8113087834084403	1.0	0.18377000355195225	0.23656669906788072	0.20252217354174523	0.9363682263085936	0.1887062221099307	0.2850160740294994	0.7974778264582547	0.5	0.0	0.5	0.1	0.1	0.5	0.0	10.0	0.0	2.4513072104383213	2.5763333295659274	7.946971357693591	2.514966996057982
ecf-195824	1.0	1.0	1.0	0.0	0.7586618376872858	0.7676494515589974	0.9126813362866741	0.10613086031848323	0.7586618376872858	0.7676494515589974	0.9126813362866741	0.10613086031848323	0.23015195089420934	0.18586728251326362	0.9363682263085936	0.18869200041920148	0.32361482393598234	0.8141327174867363	0.5	0.2	0.5	0.0	0.0	0.5	0.0	10.0	0.2	0.6743526316298948	0.0	5.867529816013755	1.6382519541130371
ecf-478452	1.0	1.0	1.0	0.0	0.5655953455298378	0.529166055747774	0.9126813362866741	0.2692098535615498	0.5655953455298378	0.529166055747774	0.9126813362866741	0.2692098535615498	0.24417127173224498	0.21540849440417917	0.9363682263085936	0.19065212127177733	0.3397037720200584	0.7845915055958208	0.5555555555555556	0.0	0.5555555555555556	0.0	0.1111111111111111	0.4444444444444444	0.0	9.0	0.3333333333333333	0.8115880199448225	0.1500421110532374	5.867529816013755	1.573294144330126
ecf-192756	1.2484906649788001	1.0	2.09861228866811	0.41504737116956814	0.6334463318348472	0.599437826758392	0.9126813362866741	0.17325580015778233	0.6334463318348472	0.599437826758392	0.9126813362866741	0.17325580015778233	0.3110552002055957	0.30361684033734176	0.9363682263085936	0.18756994086204876	0.3285431737264099	0.6963831596626582	0.8	0.3	0.8	0.2	0.1	0.6	0.3	10.0	0.0	1.082917251313547	0.1301513919290377	4.258091903579654	1.3107492543319057
ecf-273138	1.549306144334055	1.549306144334055	2.09861228866811	0.7768361992120935	0.9163054518870232	0.9126813362866741	1.0	0.053073517320283446	0.9163054518870232	0.9126813362866741	1.0	0.053073517320283446	0.23527499789555165	0.18935368154112964	0.9363682263085936	0.19394537760565853	0.3150083080263914	0.8106463184588704	0.2	0.2	0.2	0.0	0.1	0.1	0.0	10.0	0.0	1.4526934198760937	0.0	7.946971357693591	2.7607138194286702
ecf-414448	1.2310490601866484	1.0	1.6931471805599454	0.35793966490390583	0.47412215473847136	0.4717198916199195	0.6869691985882167	0.09440482197630098	0.47412215473847136	0.4717198916199195	0.6869691985882167	0.09440482197630098	0.24126371422245016	0.20810933309682775	0.9363682263085936	0.18993776151927627	0.3335277415466333	0.7918906669031722	0.5	0.4	0.5	0.1	0.0	0.4	0.2	10.0	0.2	1.3691076951007557	1.2231389168723816	3.6294832441572797	0.9355639556364678
ecf-342782	1.2970630773828338	1.0	2.386294361119891	0.5453652852266224	0.5195967124230835	0.45415971225701546	1.0	0.3047484392166242	0.5195967124230835	0.45415971225701546	1.0	0.3047484392166242	0.31149743933762125	0.30361684033734176	0.9363682263085936	0.189717157367092	0.32551585172679776	0.6963831596626582	0.5	0.1	0.5	0.2	0.2	0.4	0.1	10.0	0.0	0.7773774461949545	0.549884318026602	3.1159945029718057	0.9452037174967666
ecf-256767	1.0	1.0	1.0	0.0	0.8039103584666988	0.7998243682978533	1.0	0.1521799398458345	0.8039103584666988	0.7998243682978533	1.0	0.1521799398458345	0.2378061269972235	0.20089135627481552	0.9363682263085936	0.18897548039155126	0.29714128429306397	0.7991086437251844	0.1	0.1	0.1	0.4	0.2	0.3	0.0	10.0	0.0	0.9862094001074259	0.0	7.253824177133645	2.3520821114011214
ecf-242950	1.2310490601866484	1.0	1.6931471805599454	0.4001887112843146	0.8294129749608481	0.8253631221551779	1.0	0.09235647285082488	0.8294129749608481	0.8253631221551779	1.0	0.09235647285082488	0.22841297249240713	0.1843238535738147	0.9363682263085936	0.1883621515338182	0.3140649743913472	0.8156761464261852	0.3	0.3	0.3	0.0	0.0	0.2	0.1	10.0	0.2	1.5028796760999117	0.0	7.253824177133645	2.5988392106708846
ecf-264963	1.5364793041447002	1.0	2.6094379124341005	0.9292094119878173	0.8969001679040022	0.9126813362866741	1.0	0.10470043584155607	0.8969001679040022	0.9126813362866741	1.0	0.10470043584155607	0.23949509030185198	0.19665779065997252	0.9363682263085936	0.19477998784790138	0.28270401860873207	0.8033422093400275	0.2	0.1	0.2	0.1	0.1	0.2	0.0	10.0	0.0	0.5399288408275441	0.0	7.253824177133645	1.7627090509832644
ecf-275722	1.199084385469784	1.0	2.09861228866811	0.40784351194573565	0.43541673517904883	0.4812732355865145	0.9126813362866741	0.3250174916507357	0.43541673517904883	0.4812732355865145	0.9126813362866741	0.3250174916507357	0.393352838362738	0.39131252745709677	0.9363682263085936	0.22467616254827	0.30493511226238984	0.6086874725429032	0.7	0.2	0.7	0.2	0.0	0.8	0.1	10.0	0.0	0.04154493884787855	0.0	2.93300827350466	0.6675752857489107
ecf-236812	1.462098120373297	1.6931471805599454	1.6931471805599454	0.4001887112843146	0.4693450485631554	0.4200097304909167	0.8253631221551779	0.18407717297466913	0.4693450485631554	0.4200097304909167	0.8253631221551779	0.18407717297466913	0.22921554109424402	0.1857410923383983	0.9363682263085936	0.18887522987859648	0.2494198938789766	0.8142589076616017	0.3	0.1	0.3	0.0	0.0	0.1	0.2	10.0	0.2	1.1105676324622669	0.910383206868485	5.867529816013755	1.377719657946334
ecf-486675	1.1155245300933243	1.0	1.6931471805599454	0.2829761515034443	0.5422032665527212	0.5192747049037909	0.9126813362866741	0.16228679367398438	0.5422032665527212	0.5192747049037909	0.9126813362866741	0.16228679367398438	0.24716443009791894	0.21994141148811594	0.9363682263085936	0.1918743548923063	0.299132787990446	0.780058588511884	0.5	0.1	0.5	0.1	0.1	0.4	0.1	10.0	0.0	0.6495671395963173	0.05539131671992851	3.5532486832565175	1.1671130674186807
ecf-19733	1.2162122387839238	1.0	2.9459101490553135	0.6486367163517712	0.796980872110459	0.7857693551928117	0.9126813362866741	0.06890890758386868	0.796980872110459	0.7857693551928117	0.9126813362866741	0.06890890758386868	0.3395460900676515	0.3387845347567935	0.9363682263085936	0.20239343260092532	0.3097547362277182	0.6612154652432065	0.7	0.5	0.7	0.2	0.0	0.8	0.1	10.0	0.0	0.3135951090597649	0.0	5.644386264699545	1.202010790944692
ecf-208667	1.462098120373297	1.6931471805599454	1.6931471805599454	0.4001887112843146	0.664623531004409	0.6599899210874783	0.8616033789950089	0.12720445931738936	0.664623531004409	0.6599899210874783	0.8616033789950089	0.12720445931738936	0.2297145771438383	0.18586728251326362	0.9363682263085936	0.18839510915382054	0.3060843888277217	0.8141327174867363	0.1	0.0	0.1	0.2	0.0	0.2	0.1	10.0	0.1	1.7478235558223238	1.288960311822842	5.46206470790559	1.900335339590422
ecf-411935	1.0	1.0	1.0	0.0	0.7858259183779785	0.7464563810781589	1.0	0.09084192044510217	0.7858259183779785	0.7464563810781589	1.0	0.09084192044510217	0.2503729381292613	0.21668554463388418	0.9363682263085936	0.19553341065968854	0.3688970399760933	0.7833144553661158	0.1	0.0	0.1	0.1	0.0	0.2	0.0	10.0	0.3	1.1166958743405977	0.0	6.001061208638277	2.0430623199629165
ecf-320799	1.2239699336535068	1.0	2.09861228866811	0.42863599696924565	0.6959467837034732	0.6638082851785279	0.9126813362866741	0.11279938452141544	0.6959467837034732	0.6638082851785279	0.9126813362866741	0.11279938452141544	0.2348376574535619	0.19502096787825846	0.9363682263085936	0.191146394802641	0.41062286839897266	0.8049790321217416	0.5	0.2	0.5	0.4	0.1	0.6	0.1	10.0	0.2	1.8312685539481506	1.6931425461181173	5.174382635453809	1.8229986980425454
ecf-240926	1.1220680320742344	1.0	2.09861228866811	0.3662040962227034	0.6800024142715038	0.65172223889514	0.8253631221551779	0.09709024738374979	0.6800024142715038	0.65172223889514	0.8253631221551779	0.09709024738374979	0.3303435362338813	0.33097556767244074	0.9363682263085936	0.19275584693694114	0.35175668108034935	0.6690244323275593	0.6	0.2	0.6	0.3	0.3	0.5	0.1	10.0	0.1	0.5496346722623898	0.0	3.6162380174072593	1.2067488820608192
ecf-310554	1.0	1.0	1.0	0.0	0.5930847078852963	0.47910468404245765	1.0	0.23831270044572003	0.5930847078852963	0.47910468404245765	1.0	0.23831270044572003	0.23739688938024392	0.2018521759776133	0.9363682263085936	0.18929028951450347	0.28253326111166804	0.7981478240223867	0.4	0.2	0.4	0.2	0.1	0.5	0.0	10.0	0.2	0.8897703844399114	0.11495717718812136	5.749746780357371	1.4287983829842714
ecf-236828	1.462098120373297	1.6931471805599454	1.6931471805599454	0.3465735902799727	0.3609629900835672	0.33390167828354683	0.7380458071729002	0.175749799988235	0.3609629900835672	0.33390167828354683	0.7380458071729002	0.175749799988235	0.34287490563630196	0.3387845347567935	0.9363682263085936	0.1990148779590701	0.29002148366588587	0.6612154652432065	0.7	0.1	0.7	0.2	0.1	0.4	0.4	10.0	0.3	0.7543874852047506	0.6545463485779117	2.2299436562873685	0.597817698120835
ecf-319259	2.133732460554052	2.09861228866811	3.302585092994046	1.1516942291574501	0.9825362672573348	1.0	1.0	0.036816781276854095	0.9825362672573348	1.0	1.0	0.036816781276854095	0.2733074577007724	0.24620300201453635	0.9363682263085936	0.19571220673061157	0.2742804891403819	0.7537969979854636	0.2	0.0	0.2	0.1	0.0	0.3	0.0	10.0	0.0	0.176599363504302	0.0	7.946971357693591	1.1846645447364448
ecf-267035	1.0	1.0	1.0	0.0	0.875141617537925	0.8871423576408415	1.0	0.08741513656621595	0.875141617537925	0.8871423576408415	1.0	0.08741513656621595	0.23776582084148729	0.19639059193669517	0.9363682263085936	0.19423478224533053	0.29886882818054117	0.8036094080633048	0.1	0.0	0.1	0.0	0.0	0.1	0.0	10.0	0.0	0.9801756859830162	0.0	6.848359069025481	2.317530470828669
ecf-328999	1.1732867951399863	1.0	1.6931471805599454	0.3465735902799727	0.6054898765811623	0.5831989587444496	0.9126813362866741	0.20382030080299635	0.6054898765811623	0.5831989587444496	0.9126813362866741	0.20382030080299635	0.2365746127842369	0.19637123564042908	0.9363682263085936	0.19112116040466487	0.3834483537853168	0.803628764359571	0.4	0.2	0.4	0.1	0.0	0.3	0.1	10.0	0.1	1.6465185163729368	1.8685648804518	6.155211888465535	1.6322652474427275
ecf-328998	1.3465735902799727	1.3465735902799727	1.6931471805599454	0.4001887112843146	0.6915240349058109	0.7817044646640391	0.9126813362866741	0.22443520074021978	0.6915240349058109	0.7817044646640391	0.9126813362866741	0.22443520074021978	0.23562289328008254	0.19502096787825846	0.9363682263085936	0.19092646054023293	0.2669386144669022	0.8049790321217416	0.3	0.0	0.3	0.2	0.0	0.2	0.2	10.0	0.3	1.62046560273004	0.3973621925390586	7.253824177133645	1.99396079156764
ecf-411936	2.4978661367769956	2.4978661367769956	3.302585092994046	1.1380444617808734	0.9396900933381955	1.0	1.0	0.0830058040339889	0.9396900933381955	1.0	1.0	0.0830058040339889	0.24874544924097294	0.21472280300324798	0.9363682263085936	0.19558115771640397	0.3093501813136753	0.785277196996752	0.2	0.1	0.2	0.0	0.0	0.2	0.0	10.0	0.0	0.6218049542445344	0.0	7.946971357693591	2.0251987141398944
ecf-269612	1.0	1.0	1.0	0.0	0.6601108390682652	0.6638094090248067	0.8616033789950089	0.17247068839099705	0.6601108390682652	0.6638094090248067	0.8616033789950089	0.17247068839099705	0.34226074003342316	0.33584661995187187	0.9363682263085936	0.19764200924576317	0.2453417375883792	0.6641533800481281	0.6	0.2	0.6	0.0	0.0	0.6	0.0	10.0	0.1	1.3588470819821097	0.08332009224493891	5.46206470790559	1.7004278802319686
ecf-266539	1.0	1.0	1.0	0.0	0.6132110998431257	0.5596002306038126	1.0	0.20683468824298312	0.6132110998431257	0.5596002306038126	1.0	0.20683468824298312	0.3313848089457929	0.33005554552164007	0.9363682263085936	0.19476647194391403	0.28398243781080573	0.6699444544783599	0.8	0.3	0.8	0.1	0.1	0.8	0.0	10.0	0.0	0.5876774605799128	0.0	3.1762867332279257	0.8752482233171434
ecf-234803	1.138629436111989	1.0	1.6931471805599454	0.30998484282887173	0.3824939430399591	0.3624815309654019	0.5996554800102895	0.1647772654803473	0.3824939430399591	0.3624815309654019	0.5996554800102895	0.1647772654803473	0.33312697450065354	0.3315473094363249	0.9363682263085936	0.19478200696330036	0.2815819353660844	0.6684526905636752	0.4	0.2	0.4	0.1	0.1	0.3	0.1	10.0	0.1	0.6019414473407801	0.37910875222970825	3.412382605877588	0.8530102916852682
ecf-273718	1.0	1.0	1.0	0.0	0.8945472162263013	0.8871423576408415	1.0	0.09948399736544519	0.8945472162263013	0.8871423576408415	1.0	0.09948399736544519	0.23642083387931434	0.2018521759776133	0.9363682263085936	0.18808920012046879	0.40749314677052134	0.7981478240223867	0.3	0.1	0.3	0.0	0.2	0.1	0.0	10.0	0.1	2.874945549900627	0.0	7.253824177133645	3.1277474622120267
ecf-207670	1.1732867951399863	1.0	1.6931471805599454	0.3208647959315357	0.9373932103136714	0.9126813362866741	1.0	0.05735788659677846	0.9373932103136714	0.9126813362866741	1.0	0.05735788659677846	0.22904377462759498	0.18398051695551926	0.9363682263085936	0.18897245373171595	0.3167594764557974	0.8160194830444807	0.7	0.1	0.7	0.1	0.0	0.8	0.0	10.0	0.0	0.2915856442921646	0.0	6.5606769965737	1.367304638269504
ecf-265010	1.7675283643313486	1.6931471805599454	2.6094379124341005	0.8072930192126556	0.8707047486212922	0.869022229220926	1.0	0.10873145513389121	0.8707047486212922	0.869022229220926	1.0	0.10873145513389121	0.2819477242026049	0.2525433655008459	0.9363682263085936	0.19597235512312336	0.28859681825021	0.7474566344991541	0.3	0.1	0.3	0.0	0.0	0.3	0.0	10.0	0.0	0.6375204696320815	0.0	7.253824177133645	1.8436592406599215
ecf-341820	1.3465735902799727	1.3465735902799727	1.6931471805599454	0.49012907173427367	0.5555784106602544	0.5148567218819722	1.0	0.2220938400285884	0.5555784106602544	0.5148567218819722	1.0	0.2220938400285884	0.23938187446583528	0.20252217354174526	0.9363682263085936	0.19007573302480255	0.3100332918473734	0.7974778264582547	0.1	0.1	0.1	0.1	0.1	0.0	0.1	10.0	0.2	0.7707185271891729	0.15330208349601462	4.512984153208444	1.213496372716537
ecf-464701	1.0990210257942779	1.0	1.6931471805599454	0.2619850088181714	0.8838737086963216	0.8871423576408415	1.0	0.11734367491463137	0.8838737086963216	0.8871423576408415	1.0	0.11734367491463137	0.23809800621346558	0.19716403039355768	0.9363682263085936	0.18969558981054063	0.31638646368735546	0.8028359696064423	0.5	0.5	0.5	0.2	0.1	0.6	0.0	10.0	0.1	0.25320295655682035	0.0	5.749746780357371	1.1873734972709982
ecf-261438	1.1831020481113517	1.0	2.09861228866811	0.44850658873134785	0.922226675298479	1.0	1.0	0.11501123755998835	0.922226675298479	1.0	1.0	0.11501123755998835	0.23626691043527948	0.19716403039355768	0.9363682263085936	0.18918394654899953	0.3239540359645597	0.8028359696064423	0.6	0.4	0.6	0.0	0.1	0.5	0.0	10.0	0.0	4.666064038462759	6.848359069025481	7.946971357693591	3.700623258568574
ecf-327994	1.3106133312235002	1.0	2.09861228866811	0.44657583844482795	0.7735982986684767	0.6772600936385427	1.0	0.166329903140261	0.7735982986684767	0.6772600936385427	1.0	0.166329903140261	0.236862584684948	0.20252217354174523	0.9363682263085936	0.1890080345233641	0.2836163666327874	0.7974778264582547	0.8	0.4	0.8	0.0	0.0	0.6	0.2	10.0	0.2	0.3612934471621	0.0	5.307914028078332	1.227374830279155
ecf-348487	1.2310490601866484	1.0	1.6931471805599454	0.4001887112843146	0.9825362672573348	1.0	1.0	0.036816781276854095	0.9825362672573348	1.0	1.0	0.036816781276854095	0.2528666890383521	0.22546444281486225	0.9363682263085936	0.1972027483933783	0.3510376433951946	0.7745355571851378	0.2	0.1	0.2	0.1	0.0	0.3	0.0	10.0	0.0	0.16119609282519204	0.0	7.253824177133645	1.0813362637934867
ecf-302407	1.0	1.0	1.0	0.0	0.7318423894873096	0.6722186343073113	0.9126813362866741	0.11970042796818293	0.7318423894873096	0.6722186343073113	0.9126813362866741	0.11970042796818293	0.23347569766909027	0.19027191694831916	0.9363682263085936	0.1905461732781653	0.28783272459774734	0.8097280830516809	0.4	0.1	0.4	0.1	0.2	0.3	0.0	10.0	0.1	0.6773117246603785	0.0	4.420610833077429	1.3395996221050621
ecf-496963	1.2310490601866484	1.0	1.6931471805599454	0.4001887112843146	0.536116280335176	0.4466493829486031	1.0	0.2476678007488522	0.536116280335176	0.4466493829486031	1.0	0.2476678007488522	0.24479371130177513	0.21796259486358918	0.9363682263085936	0.1900192023805682	0.3204744381284385	0.7820374051364108	0.2	0.1	0.2	0.1	0.0	0.2	0.1	10.0	0.3	1.6248675921824018	1.295399484103863	7.253824177133645	1.7906434041813564
ecf-147269	1.1732867951399863	1.0	1.6931471805599454	0.3465735902799727	0.9039496947062564	0.869022229220926	1.0	0.08683197892699561	0.9039496947062564	0.869022229220926	1.0	0.08683197892699561	0.24389152562133476	0.20252217354174526	0.9363682263085936	0.19497949474932744	0.2570869530588068	0.7974778264582547	0.4	0.3	0.4	0.1	0.1	0.3	0.0	10.0	0.0	0.0	0.0	0.0	0.0
ecf-265551	1.0866433975699932	1.0	1.6931471805599454	0.2450645358671368	0.7937228706720908	0.748747085367701	1.0	0.1353741106334526	0.7937228706720908	0.748747085367701	1.0	0.1353741106334526	0.23494381320123164	0.19382160991801428	0.9363682263085936	0.19044442769495679	0.3040408767866866	0.8061783900819857	0.8	0.6	0.8	0.0	0.2	0.6	0.0	10.0	0.3	0.7011945583776076	0.0	5.749746780357371	1.7140397850334554
ecf-339790	1.0990210257942779	1.0	1.6931471805599454	0.2619850088181714	0.4438492754452921	0.40406149736011265	0.8616033789950089	0.21352070738791495	0.4438492754452921	0.40406149736011265	0.8616033789950089	0.21352070738791495	0.23886650843388121	0.20252217354174526	0.9363682263085936	0.1898403263548205	0.3033500053270672	0.7974778264582547	0.7	0.1	0.7	0.0	0.3	0.3	0.1	10.0	0.3	0.7096525396448694	0.42120303766054173	5.056599599797425	1.157098493609288
ecf-299849	1.0	1.0	1.0	0.0	0.9083869232836997	0.9563406681433371	1.0	0.10667233286898602	0.9083869232836997	0.9563406681433371	1.0	0.10667233286898602	0.23365327158722293	0.19027191694831916	0.9363682263085936	0.1911409536601567	0.2960478275396525	0.8097280830516809	0.1	0.0	0.1	0.0	0.0	0.1	0.0	10.0	0.1	2.3451698901489864	0.0	7.946971357693591	3.273271062199969
ecf-321354	1.1791759469228056	1.0	2.09861228866811	0.38963826174969923	0.7485525642366462	0.7390377556391454	0.9126813362866741	0.13099339123437737	0.7485525642366462	0.7390377556391454	0.9126813362866741	0.13099339123437737	0.3092437616533553	0.301169120281481	0.9363682263085936	0.18864636778207663	0.28129617299049314	0.698830879718519	0.7	0.3	0.7	0.3	0.1	0.8	0.1	10.0	0.0	0.5127780018496659	0.0	6.001061208638277	1.3247195247981816
ecf-259917	1.3612964697370207	1.0	2.09861228866811	0.5140969646154724	0.8199399561784526	0.8113081090501363	1.0	0.09180898071086552	0.8199399561784526	0.8113081090501363	1.0	0.09180898071086552	0.23472859204187488	0.19163968246304564	0.9363682263085936	0.190792123095177	0.3201709469600552	0.8083603175369544	0.6	0.3	0.6	0.3	0.1	0.7	0.0	10.0	0.0	0.22392959012053276	0.0	6.5606769965737	1.0990628732860546
ecf-134483	1.1155245300933243	1.0	1.6931471805599454	0.2829761515034443	0.693862578783704	0.6979299943329438	1.0	0.1576020122015624	0.693862578783704	0.6979299943329438	1.0	0.1576020122015624	0.2319409882280466	0.18862917777195365	0.9363682263085936	0.19133100957265559	0.32885580641580625	0.8113708222280464	0.5	0.1	0.5	0.2	0.1	0.5	0.0	10.0	0.0	0.4880012215408731	0.0	3.90392008985904	1.1605911197849283
ecf-233808	1.4479398673070139	1.3465735902799727	2.09861228866811	0.543078102375304	0.5533426228280082	0.48251718170996283	0.9126813362866741	0.22036906151776786	0.5533426228280082	0.48251718170996283	0.9126813362866741	0.22036906151776786	0.22757994837853376	0.1843238535738147	0.9363682263085936	0.1874792290597068	0.3191514760457141	0.8156761464261852	0.4	0.2	0.4	0.0	0.0	0.2	0.2	10.0	0.1	1.7053263419812512	1.4168891694899592	6.5606769965737	1.7602908760987126
ecf-256853	1.0990210257942779	1.0	1.6931471805599454	0.2619850088181714	0.6644793532236093	0.5803992814213663	1.0	0.20781596474032848	0.6644793532236093	0.5803992814213663	1.0	0.20781596474032848	0.23362384423886315	0.19119015235550868	0.9363682263085936	0.19033852128345102	0.2765637957474155	0.8088098476444914	0.5	0.1	0.5	0.2	0.2	0.4	0.1	10.0	0.1	1.2842199564750376	0.0	7.946971357693591	1.9550477590788609
ecf-328542	1.0	1.0	1.0	0.0	0.723486720950887	0.748747085367701	1.0	0.16940685072951414	0.723486720950887	0.748747085367701	1.0	0.16940685072951414	0.23441447437540242	0.19382160991801428	0.9363682263085936	0.19067389887362488	0.2586609876097288	0.8061783900819857	0.5	0.3	0.5	0.1	0.0	0.6	0.0	10.0	0.0	0.6654151442765734	0.0	5.749746780357371	1.414013334795902
ecf-329054	1.298626578204676	1.0	2.09861228866811	0.48006978148377216	0.6238795204727683	0.640740842189271	0.8253631221551779	0.1165761090258587	0.6238795204727683	0.640740842189271	0.8253631221551779	0.1165761090258587	0.23697879471460434	0.19639059193669517	0.9363682263085936	0.19095758681908065	0.2481217385701872	0.8036094080633048	0.5	0.4	0.5	0.1	0.0	0.4	0.2	10.0	0.2	1.3100119676173463	1.070706745802824	5.579847743561974	1.5333673791785603
ecf-224095	1.0	1.0	1.0	0.0	0.6417831345443286	0.6032561908494414	0.8616033789950089	0.14533513500947448	0.6417831345443286	0.6032561908494414	0.8616033789950089	0.14533513500947448	0.22899579284493765	0.1862153960129974	0.9363682263085936	0.1874608756146097	0.3320069637412965	0.8137846039870026	0.9	0.3	0.9	0.0	0.1	0.8	0.0	10.0	0.1	0.6001952233877074	0.0	4.768917527345645	1.1424134751220156
ecf-339291	1.138629436111989	1.0	1.6931471805599454	0.30998484282887173	0.511740383237725	0.5374449733099241	0.7972530959450946	0.2474455746408492	0.511740383237725	0.5374449733099241	0.7972530959450946	0.2474455746408492	0.23713914888570276	0.20252217354174526	0.9363682263085936	0.18922729125617507	0.3621654515208802	0.7974778264582547	0.4	0.2	0.4	0.1	0.2	0.2	0.1	10.0	0.4	0.8044802481433693	0.46198258837330064	5.867529816013755	1.2219142318214513
ecf-473443	1.0	1.0	1.0	0.0	0.5213964021891352	0.500703193831892	0.9126813362866741	0.21437414316013517	0.5213964021891352	0.500703193831892	0.9126813362866741	0.21437414316013517	0.24252224465827948	0.211787272281962	0.9363682263085936	0.18998572689365092	0.2788121759219295	0.788212727718038	0.5	0.1	0.5	0.2	0.1	0.6	0.0	10.0	0.1	0.8369292316075566	0.2417088828272652	4.283409711563944	1.1870261258792896
ecf-234342	1.0	1.0	1.0	0.0	0.7563166772167961	0.7817044646640391	0.9126813362866741	0.1605642570086444	0.7563166772167961	0.7817044646640391	0.9126813362866741	0.1605642570086444	0.23844686184140088	0.20118217841348135	0.9363682263085936	0.18913958379374807	0.3002001027464038	0.7988178215865187	0.8	0.4	0.8	0.1	0.1	0.8	0.0	10.0	0.1	0.5097728731776353	0.0	5.174382635453809	1.2861055408626234
ecf-258916	1.2310490601866484	1.0	1.6931471805599454	0.35793966490390583	0.6086269264334332	0.546856901534373	1.0	0.17805477824432425	0.6086269264334332	0.546856901534373	1.0	0.17805477824432425	0.31144325896538017	0.3059214001505359	0.9363682263085936	0.18639466896970586	0.3996383012171108	0.6940785998494641	0.4	0.0	0.4	0.2	0.0	0.6	0.0	10.0	0.0	1.4657226438267803	1.1579996147014202	4.768917527345645	1.4383997267183186
ecf-255347	1.0	1.0	1.0	0.0	0.5334319286486598	0.5048082672786649	0.7742856144405287	0.14204133021468987	0.5334319286486598	0.5048082672786649	0.7742856144405287	0.14204133021468987	0.23096271335578064	0.18816013876375942	0.9363682263085936	0.18854392206852605	0.27099248205656323	0.8118398612362405	0.2	0.1	0.2	0.3	0.2	0.3	0.0	10.0	0.0	0.964257490820286	0.9321570064180456	2.9492394684332424	0.9641380927852086
ecf-254833	1.2599301927099795	1.0	1.6931471805599454	0.35873774764475586	0.5586561119548827	0.47453476660456806	1.0	0.19073880598368242	0.5586561119548827	0.47453476660456806	1.0	0.19073880598368242	0.22994948775192475	0.18586728251326362	0.9363682263085936	0.18880819972812576	0.33281478863211267	0.8141327174867363	0.8	0.4	0.8	0.1	0.1	0.6	0.1	10.0	0.0	0.6867572600806359	0.0	3.412382605877588	1.0752147120887097
ecf-385395	1.4479398673070136	1.0	2.791759469228055	0.8958797346140275	0.8410834236024408	0.8253631221551779	1.0	0.07219110920497948	0.8410834236024408	0.8253631221551779	1.0	0.07219110920497948	0.2513582662288629	0.21668554463388418	0.9363682263085936	0.19653042317848476	0.33803981650634635	0.7833144553661158	0.3	0.0	0.3	0.1	0.0	0.4	0.0	10.0	0.1	0.958828429412034	0.0	7.253824177133645	2.2731919183405274
ecf-229237	1.0	1.0	1.0	0.0	0.9106834916031895	0.9126813362866741	1.0	0.07607748120760793	0.9106834916031895	0.9126813362866741	1.0	0.07607748120760793	0.2274382467881104	0.18496937786867385	0.9363682263085936	0.187353658949984	0.2959360257085953	0.8150306221313262	0.5	0.2	0.5	0.0	0.0	0.5	0.0	10.0	0.0	0.5895642235277018	0.0	7.253824177133645	1.9215949524559521
ecf-238970	1.0	1.0	1.0	0.0	0.8054868295741353	0.8253631221551779	1.0	0.14475983962111233	0.8054868295741353	0.8253631221551779	1.0	0.14475983962111233	0.30854724474004336	0.30197601846587674	0.9363682263085936	0.18703609584283679	0.32586746633282637	0.6980239815341233	0.7	0.3	0.7	0.1	0.1	0.7	0.0	10.0	0.0	0.7324052926430233	0.0	5.867529816013755	1.5730884574265964
ecf-369023	1.3465735902799727	1.3465735902799727	1.6931471805599454	0.4001887112843146	0.7668136553174094	0.7901150385692978	1.0	0.16251877567627102	0.7668136553174094	0.7901150385692978	1.0	0.16251877567627102	0.23840027358598118	0.19716403039355768	0.9363682263085936	0.19007869205415	0.3363783461112816	0.8028359696064423	0.3	0.1	0.3	0.1	0.0	0.3	0.1	10.0	0.0	0.5770512021047706	0.0	6.001061208638277	1.4796915880704797
ecf-418684	1.0	1.0	1.0	0.0	0.648560944683017	0.7535946632376506	1.0	0.30016656690507515	0.648560944683017	0.7535946632376506	1.0	0.30016656690507515	0.23855722531710305	0.1974030714038655	0.9363682263085936	0.18930780971669345	0.34295655016724075	0.8025969285961345	0.3	0.1	0.3	0.1	0.2	0.2	0.0	10.0	0.1	0.6492698837527116	0.0	7.253824177133645	1.662770607588624
ecf-255352	1.519860385419959	1.6931471805599454	1.6931471805599454	0.3465735902799727	0.6247082326039435	0.5149989060507026	1.0	0.24593079979233592	0.6247082326039435	0.5149989060507026	1.0	0.24593079979233592	0.23125928651543404	0.18839465826785654	0.9363682263085936	0.18886269692336558	0.32068854339110553	0.8116053417321435	0.4	0.0	0.4	0.0	0.0	0.1	0.3	10.0	0.2	1.9689562489086834	1.8232261998627382	6.5606769965737	1.7924787710634658
ecf-221053	1.2310490601866484	1.0	1.6931471805599454	0.4001887112843146	0.6757313998973704	0.6420133587139196	1.0	0.18530963970855016	0.6757313998973704	0.6420133587139196	1.0	0.18530963970855016	0.22979005248461903	0.1862153960129974	0.9363682263085936	0.187998867482074	0.30958843269480274	0.8137846039870026	0.2	0.1	0.2	0.1	0.0	0.2	0.1	10.0	0.2	1.197494250508799	0.0	5.307914028078332	1.582399155021758
ecf-198012	1.2310490601866484	1.0	1.6931471805599454	0.3465735902799727	0.5092960680760407	0.5060118840083125	0.7972530959450946	0.14569728688377193	0.5092960680760407	0.5060118840083125	0.7972530959450946	0.14569728688377193	0.3134154675122931	0.30682415954771086	0.9363682263085936	0.18914235036917335	0.33659521860191594	0.6931758404522892	0.8	0.2	0.8	0.1	0.1	0.7	0.1	10.0	0.1	0.6637401286606299	0.4374749443073805	4.6147668475183865	1.0595365718712548
ecf-266118	1.4479398673070136	1.0	2.791759469228055	0.8958797346140274	0.5931075382950746	0.485407334990367	0.9126813362866741	0.17823354150867973	0.5931075382950746	0.485407334990367	0.9126813362866741	0.17823354150867973	0.28313603846762153	0.25710669319284224	0.9363682263085936	0.19587139906338702	0.2900658805561438	0.7428933068071577	0.3	0.1	0.3	0.1	0.0	0.4	0.0	10.0	0.0	0.4535967700320773	0.0	6.001061208638277	1.1460300975755824
ecf-238976	1.138629436111989	1.0	1.6931471805599454	0.29225651257245516	0.5926853141913739	0.5745581371005699	0.8616033789950089	0.16488311119488153	0.5926853141913739	0.5745581371005699	0.8616033789950089	0.16488311119488153	0.3591597142795544	0.38702391929765995	0.728531446560539	0.1892152606931008	0.32763047096599585	0.6129760807023401	0.9	0.3	0.9	0.1	0.0	0.9	0.1	10.0	0.0	1.0273619977737574	0.6635231289369591	5.46206470790559	1.177133328362753
ecf-193415	1.3106133312235002	1.0	2.09861228866811	0.44657583844482795	0.5564347720191537	0.5460123189882059	0.7099362305302065	0.11232143110890098	0.5564347720191537	0.5460123189882059	0.7099362305302065	0.11232143110890098	0.35844001015307947	0.3860107142468009	0.728531446560539	0.17364786825474354	0.3551514310572769	0.6139892857531991	0.6	0.2	0.6	0.2	0.2	0.3	0.3	10.0	0.1	1.4098003682710714	1.4894170806610092	3.658470781030532	1.0192167640541132
ecf-257926	1.3465735902799727	1.3465735902799727	1.6931471805599454	0.49012907173427367	0.5241133276594606	0.49501507267868694	0.8253631221551779	0.16596033830365609	0.5241133276594606	0.49501507267868694	0.8253631221551779	0.16596033830365609	0.23552584142827512	0.19213096721040784	0.9363682263085936	0.19130014197709597	0.276807144329096	0.8078690327895921	0.2	0.0	0.2	0.0	0.0	0.1	0.1	10.0	0.2	1.5010001374220596	1.077956907027884	5.867529816013755	1.4692198676321289
ecf-425868	1.0	1.0	1.0	0.0	0.8698355669858867	0.869022229220926	1.0	0.09662904895969786	0.8698355669858867	0.869022229220926	1.0	0.09662904895969786	0.23089190315195163	0.1857410923383983	0.9363682263085936	0.19231595047370925	0.3271744658620292	0.8142589076616017	0.2	0.2	0.2	0.0	0.0	0.2	0.0	10.0	0.0	1.7669599944632595	0.0	7.253824177133645	2.705403708140436
ecf-479629	1.1155245300933243	1.0	1.6931471805599454	0.2829761515034443	0.7119366123382025	0.717987900752922	0.9126813362866741	0.15262015036140797	0.7119366123382025	0.717987900752922	0.9126813362866741	0.15262015036140797	0.24416265481826815	0.2161472031551759	0.9363682263085936	0.19033872855139033	0.3148160027208503	0.7838527968448241	0.4	0.2	0.4	0.2	0.0	0.5	0.1	10.0	0.1	0.748445824036217	0.0	5.307914028078332	1.4272462488936761
ecf-259471	1.8047189562170503	1.8047189562170503	2.6094379124341005	1.1380444617808734	0.9047627177692311	0.8871423576408415	1.0	0.08735444966422702	0.9047627177692311	0.8871423576408415	1.0	0.08735444966422702	0.28371648065228544	0.26166465790350374	0.9363682263085936	0.196472999847815	0.3276618389687552	0.7383353420964962	0.2	0.1	0.2	0.0	0.0	0.2	0.0	10.0	0.1	0.9414430347594911	0.0	6.848359069025481	2.2333889791446206
ecf-266120	1.3662040962227033	1.0	2.09861228866811	0.5673209463933874	0.5911035743564599	0.5149989060507026	0.9126813362866741	0.17265008857032385	0.5911035743564599	0.5149989060507026	0.9126813362866741	0.17265008857032385	0.2351505616507138	0.19382160991801428	0.9363682263085936	0.19053159204125616	0.30222478512970385	0.8061783900819857	0.6	0.4	0.6	0.0	0.0	0.4	0.2	10.0	0.0	1.017745489732619	0.47674722179362417	3.7967191635331936	1.1958111813767085
ecf-327060	1.3178053830347947	1.0	2.09861228866811	0.42665434717999146	0.6284617172594408	0.623255781463528	0.8253631221551779	0.15823832609820626	0.6284617172594408	0.623255781463528	0.8253631221551779	0.15823832609820626	0.36834130134023374	0.37856118407622313	0.9363682263085936	0.2115545610852231	0.3796070828856807	0.6214388159237769	1.0	0.2	1.0	0.0	0.0	0.7	0.3	10.0	0.0	0.2085668311943459	0.0	2.6288513638493742	0.5497839980006274
ecf-411543	1.3465735902799727	1.3465735902799727	1.6931471805599454	0.37050275260909293	0.6735654385924423	0.7239910188515534	0.9126813362866741	0.16955943616202407	0.6735654385924423	0.7239910188515534	0.9126813362866741	0.16955943616202407	0.2384889582855987	0.20252217354174526	0.9363682263085936	0.18905997450803705	0.2929586403213366	0.7974778264582547	0.5	0.1	0.5	0.3	0.0	0.7	0.1	10.0	0.0	1.2015045250561214	0.0	5.867529816013755	1.5076636837081971
ecf-174480	1.3960841031771116	1.0	2.386294361119891	0.5453652852266224	0.829605171842186	0.8253631221551779	0.9126813362866741	0.07471534836929969	0.829605171842186	0.8253631221551779	0.9126813362866741	0.07471534836929969	0.23043758514574536	0.1860413392631305	0.9363682263085936	0.18971561812515444	0.28855765852786264	0.8139586607368695	0.7	0.2	0.7	0.0	0.0	0.7	0.0	10.0	0.0	0.2206176883614107	0.0	6.33753344525949	1.075175121174843
ecf-326033	1.4023594781085251	1.0	2.6094379124341005	0.8047189562170503	0.9738044008860023	1.0	1.0	0.0421789217614542	0.9738044008860023	1.0	1.0	0.0421789217614542	0.2672497831582539	0.24028041797001407	0.9363682263085936	0.1964818047267937	0.28405844401459435	0.7597195820299859	0.4	0.1	0.4	0.0	0.0	0.4	0.0	10.0	0.0	0.6601876419798783	0.0	7.946971357693591	2.139430158945661
ecf-198043	1.2761007388653334	1.0	2.09861228866811	0.4303734463566407	0.47932647915589083	0.4832011602632601	0.8616033789950089	0.18595000808523562	0.47932647915589083	0.4832011602632601	0.8616033789950089	0.18595000808523562	0.3291579539455066	0.31012254846526366	0.9363682263085936	0.20211667836524727	0.3501335289789894	0.6898774515347363	0.8	0.1	0.8	0.1	0.4	0.2	0.3	10.0	0.1	0.8006884214061949	0.6952427715896056	2.8111729206433287	0.757299470306115
ecf-327582	1.1155245300933243	1.0	1.6931471805599454	0.28297615150344435	0.6046184603666191	0.5271982127034287	1.0	0.22872950487623045	0.6046184603666191	0.5271982127034287	1.0	0.22872950487623045	0.23724055165906158	0.20252217354174523	0.9363682263085936	0.18904141916916306	0.3242367548919745	0.7974778264582547	0.4	0.4	0.4	0.2	0.1	0.5	0.0	10.0	0.0	0.8192956989554687	0.3311802856577573	3.6031659358399066	1.0540552506791592
ecf-273823	1.2310490601866484	1.0	1.6931471805599454	0.4001887112843146	0.40082449974869205	0.40790667834925814	0.6106158262213178	0.15693905477067033	0.40082449974869205	0.40790667834925814	0.6106158262213178	0.15693905477067033	0.23725317606785173	0.20252217354174526	0.9363682263085936	0.18860320981878254	0.23114074542529855	0.7974778264582547	0.3333333333333333	0.0	0.3333333333333333	0.0	0.2222222222222222	0.0	0.1111111111111111	9.0	0.0	1.0865192029985353	0.9387170864341656	3.611604804485771	0.8775807793334524
ecf-172958	1.1569446126668728	1.0	2.09861228866811	0.41523641472790324	0.5542369756980957	0.4991310054900071	0.9126813362866741	0.1463978023997527	0.5542369756980957	0.4991310054900071	0.9126813362866741	0.1463978023997527	0.33440954548074814	0.33545179297850125	0.9363682263085936	0.19733062052648778	0.27875545976972693	0.6645482070214987	0.6	0.1	0.6	0.1	0.0	0.6	0.1	10.0	0.0	0.5928734858150511	0.0	2.9887996331330755	0.859528037788495
ecf-273819	1.109861228866811	1.0	2.09861228866811	0.34741170976416197	0.6374039741274151	0.65172223889514	0.7972530959450946	0.1187864160664111	0.6374039741274151	0.65172223889514	0.7972530959450946	0.1187864160664111	0.34199401681526087	0.3373155773543327	0.9363682263085936	0.19455969517760385	0.29234156335161743	0.6626844226456673	0.8	0.6	0.8	0.2	0.2	0.7	0.1	10.0	0.1	0.5757846410486002	0.0	3.2284724863984957	1.0009165487287592
ecf-218027	1.2772588722239782	1.0	1.6931471805599454	0.3796523464637884	0.44989772431721625	0.4677202446614398	0.5996554800102895	0.10913466002656609	0.44989772431721625	0.4677202446614398	0.5996554800102895	0.10913466002656609	0.34559329166766417	0.3507845985255827	0.9363682263085936	0.1952860939784363	0.29137180639024246	0.6492154014744174	0.4	0.1	0.4	0.1	0.1	0.2	0.2	10.0	0.0	1.4104222512495515	1.4385003277445367	3.412382605877588	0.7249806772400441
ecf-358317	2.242453324894	2.242453324894	2.791759469228055	0.7768361992120931	0.8821911443392165	0.8871423576408415	1.0	0.05973884473412609	0.8821911443392165	0.8871423576408415	1.0	0.05973884473412609	0.23262695167010397	0.18816013876375942	0.9363682263085936	0.19294969059515396	0.35758293586082146	0.8118398612362405	0.2	0.1	0.2	0.0	0.0	0.2	0.0	10.0	0.0	0.2761823736130545	0.0	6.5606769965737	1.2971817102851668
ecf-384431	1.0	1.0	1.0	0.0	0.7824115592765116	0.7561657108067145	1.0	0.13854211666917096	0.7824115592765116	0.7561657108067145	1.0	0.13854211666917096	0.2384052056403503	0.20252217354174526	0.9363682263085936	0.18946650106563787	0.30555844211721345	0.7974778264582547	0.4	0.2	0.4	0.2	0.2	0.4	0.0	10.0	0.1	0.42313793702158076	0.0	4.651134491689262	1.2313776448596803
ecf-426423	1.0	1.0	1.0	0.0	0.6315069283520999	0.6430935622492024	0.7742856144405287	0.10024390695596468	0.6315069283520999	0.6430935622492024	0.7742856144405287	0.10024390695596468	0.24180624550736635	0.211787272281962	0.9363682263085936	0.18952883158924166	0.346141595853746	0.788212727718038	0.3	0.3	0.3	0.0	0.1	0.2	0.0	10.0	0.3	2.295088274166626	2.284010877557644	5.113758013637375	1.9250370577764735
ecf-200630	1.462098120373297	1.6931471805599454	1.6931471805599454	0.4001887112843146	0.4871980061029903	0.5353114903984842	0.6290828284776582	0.15950197911321318	0.4871980061029903	0.5353114903984842	0.6290828284776582	0.15950197911321318	0.32705486668364997	0.31989533778514573	0.9363682263085936	0.19360560337164948	0.33421576831421135	0.6801046622148543	0.6	0.4	0.6	0.0	0.0	0.2	0.4	5.0	0.2	1.0576656958112407	0.8589411023609488	2.170868221457763	0.7631784005111123
ecf-165815	1.0990210257942779	1.0	1.6931471805599454	0.2619850088181714	0.7618915754885854	0.7676494515589974	0.8616033789950089	0.07363464076502176	0.7618915754885854	0.7676494515589974	0.8616033789950089	0.07363464076502176	0.23177086548019482	0.18862917777195365	0.9363682263085936	0.1905680755182869	0.28303635058881443	0.8113708222280464	0.6	0.2	0.6	0.1	0.1	0.6	0.0	10.0	0.0	0.2595817467279769	0.0	3.9957276391121628	0.9827288937202882
ecf-287666	1.1831020481113517	1.0	2.09861228866811	0.44850658873134785	0.47056653263916054	0.47089488304999155	0.8253631221551779	0.2257105042762933	0.47056653263916054	0.47089488304999155	0.8253631221551779	0.2257105042762933	0.33006744543463507	0.32601124699190565	0.9363682263085936	0.19341347753531135	0.24650612896881702	0.6739887530080944	0.6	0.4	0.6	0.0	0.1	0.4	0.1	10.0	0.0	0.49461268595584124	0.07223223252178018	2.52006534936852	0.7233803617025906
ecf-263613	1.0	1.0	1.0	0.0	0.8548674216527126	0.8616033789950089	1.0	0.1140324990375908	0.8548674216527126	0.8616033789950089	1.0	0.1140324990375908	0.3216329530774956	0.3124126507909043	0.9363682263085936	0.19497855228090172	0.31511019345188107	0.6875873492090957	0.6	0.4	0.6	0.2	0.3	0.5	0.0	10.0	0.0	0.5975191746977984	0.0	6.5606769965737	1.7370755644604923
ecf-272317	1.1155245300933243	1.0	1.6931471805599454	0.2829761515034443	0.6729173322793923	0.6292575509907403	1.0	0.1400641118635666	0.6729173322793923	0.6292575509907403	1.0	0.1400641118635666	0.23726937619925725	0.20252217354174526	0.9363682263085936	0.18819079987009185	0.3235955370391782	0.7974778264582547	0.6	0.3	0.6	0.0	0.0	0.6	0.0	10.0	0.1	0.8471442698762409	0.0	4.902448919970167	1.433335504956488
ecf-197049	1.0	1.0	1.0	0.0	0.8639642333068019	0.8616033789950089	1.0	0.1043411285144844	0.8639642333068019	0.8616033789950089	1.0	0.1043411285144844	0.29976260551280615	0.28250199643071855	0.9363682263085936	0.19213333708555516	0.31715704902962133	0.7174980035692815	0.3	0.1	0.3	0.1	0.1	0.3	0.0	10.0	0.1	1.2241053188563886	0.0	7.946971357693591	2.521310211686806
ecf-273343	1.0	1.0	1.0	0.0	0.47616992398333297	0.4154433260461021	0.8616033789950089	0.17666809209580095	0.47616992398333297	0.4154433260461021	0.8616033789950089	0.17666809209580095	0.23771591199798783	0.20252217354174526	0.9363682263085936	0.18822298358253567	0.2941740993454634	0.7974778264582547	0.5	0.3	0.5	0.1	0.2	0.4	0.0	10.0	0.2	1.3806578062879384	1.0788235333062326	5.1436109767870555	1.330611876454633
ecf-168382	2.4435777800954437	2.386294361119891	3.9444389791664403	1.4730550797834492	0.9184457974421888	0.8871423576408415	1.0	0.07320155387699523	0.9184457974421888	0.8871423576408415	1.0	0.07320155387699523	0.24155330118942994	0.20060053413614967	0.9363682263085936	0.19507768999297204	0.28308972702904034	0.7993994658638504	0.3	0.0	0.3	0.0	0.0	0.2	0.1	10.0	0.0	0.16119609282519204	0.0	7.253824177133645	1.0813362637934867
ecf-196541	1.0990210257942779	1.0	1.6931471805599454	0.26198500881817144	0.6960912705206667	0.6783950329157084	1.0	0.14711095458497395	0.6960912705206667	0.6783950329157084	1.0	0.14711095458497395	0.3160433508799134	0.30682415954771086	0.9363682263085936	0.1898130733074905	0.3139790703758574	0.6931758404522892	0.7	0.4	0.7	0.0	0.0	0.6	0.1	10.0	0.0	0.3853082261679081	0.0	6.001061208638277	1.1427338932172622
ecf-337345	1.4620981203732968	1.0	3.0794415416798357	0.8394429226655985	0.8742723909472246	0.8616033789950089	1.0	0.07469924793811189	0.8742723909472246	0.8616033789950089	1.0	0.07469924793811189	0.23700873930661248	0.2018521759776133	0.9363682263085936	0.18882833630831045	0.34008318505357427	0.7981478240223867	0.4	0.1	0.4	0.2	0.0	0.6	0.0	10.0	0.0	0.11002753520310221	0.0	4.9512390841395995	0.7380871443326631
ecf-328130	1.4023594781085251	1.0	2.6094379124341005	0.8047189562170503	0.8937341482046622	0.8871423576408415	1.0	0.08834786814075438	0.8937341482046622	0.8871423576408415	1.0	0.08834786814075438	0.26374637918431487	0.23756572022602251	0.9363682263085936	0.19596835012498348	0.24967542912864815	0.7624342797739775	0.4	0.1	0.4	0.0	0.0	0.4	0.0	10.0	0.0	0.543354411490372	0.0	7.253824177133645	1.7736788274060882
ecf-221139	1.2970630773828338	1.0	1.6931471805599454	0.37050275260909293	0.6167937024062912	0.614508560033666	0.8253631221551779	0.14515196228339874	0.6167937024062912	0.614508560033666	0.8253631221551779	0.14515196228339874	0.30927008809736206	0.301169120281481	0.9363682263085936	0.18719239729265078	0.3106590298065399	0.698830879718519	0.6	0.2	0.6	0.1	0.1	0.3	0.3	10.0	0.0	0.5062113381590768	0.0	3.264840130569371	0.8681599390457866
ecf-473558	1.1155245300933243	1.0	1.6931471805599454	0.2829761515034443	0.5688310732430722	0.6191037311727879	1.0	0.31407393791258986	0.5688310732430722	0.6191037311727879	1.0	0.31407393791258986	0.24250927565476513	0.21237501041623252	0.9363682263085936	0.18990806585868034	0.25698698117789576	0.7876249895837675	0.4	0.2	0.4	0.2	0.0	0.5	0.1	10.0	0.3	0.6159894193962436	0.0	5.867529816013755	1.2812846433893037
ecf-112599	1.199084385469784	1.0	2.09861228866811	0.40784351194573554	0.4577019511338016	0.3959436670532981	0.7380458071729002	0.16719221068079587	0.4577019511338016	0.3959436670532981	0.7380458071729002	0.16719221068079587	0.312515898529815	0.30361684033734176	0.9363682263085936	0.18754217850606464	0.3346178466322977	0.6963831596626582	0.6	0.1	0.6	0.4	0.2	0.5	0.2	10.0	0.1	0.7628876817071509	0.694964654771778	2.359854895737449	0.7810708480477011
ecf-256980	1.154032706791099	1.0	1.6931471805599454	0.30564917695453336	0.5075308679378532	0.46587738220021746	0.7380458071729002	0.1207273892390125	0.5075308679378532	0.46587738220021746	0.7380458071729002	0.1207273892390125	0.31397932220332486	0.30501864075336105	0.9363682263085936	0.18705776559508402	0.3324777688618854	0.694981359246639	0.9	0.1	0.9	0.0	0.0	0.7	0.2	10.0	0.1	0.7580344058238999	0.36576153149724405	3.469634543215384	1.1477862046322407
ecf-408030	1.4479398673070139	1.3465735902799727	2.09861228866811	0.543078102375304	0.6282822345541157	0.5667007979129397	0.9126813362866741	0.1492006932790831	0.6282822345541157	0.5667007979129397	0.9126813362866741	0.1492006932790831	0.23876951974250885	0.19945638273922023	0.9363682263085936	0.18914420159247475	0.31153120340252466	0.8005436172607798	0.3	0.3	0.3	0.1	0.0	0.2	0.2	10.0	0.1	1.9178819046331395	1.6066120539658384	5.307914028078332	1.5525352297292954
ecf-331740	1.3465735902799727	1.3465735902799727	1.6931471805599454	0.49012907173427367	0.545152962573369	0.4544702241101172	0.9126813362866741	0.26752260041636006	0.545152962573369	0.4544702241101172	0.9126813362866741	0.26752260041636006	0.23772382312373702	0.19639059193669517	0.9363682263085936	0.19042730403422486	0.26382635195115456	0.8036094080633048	0.2222222222222222	0.1111111111111111	0.2222222222222222	0.0	0.0	0.1111111111111111	0.1111111111111111	9.0	0.0	1.2618076774382425	0.9309816639112145	5.867529816013755	1.3967476214796752
ecf-256985	1.0	1.0	1.0	0.0	0.5680780319044848	0.49942046040639076	0.8616033789950089	0.22610111160021906	0.5680780319044848	0.49942046040639076	0.8616033789950089	0.22610111160021906	0.23500054007839075	0.19141491740927716	0.9363682263085936	0.19122802153141563	0.3390002594340808	0.8085850825907228	0.5	0.4	0.5	0.0	0.1	0.4	0.0	10.0	0.3	0.9972153537414921	0.0	6.848359069025481	1.5342615124583576
ecf-317919	1.8047189562170503	1.8047189562170503	2.6094379124341005	1.1380444617808734	0.9111978809478087	0.9563406681433371	1.0	0.10091604401395544	0.9111978809478087	0.9563406681433371	1.0	0.10091604401395544	0.27972997983717046	0.254855105122446	0.9363682263085936	0.19414876532728076	0.2659730338837421	0.745144894877554	0.2	0.1	0.2	0.0	0.0	0.2	0.0	10.0	0.1	0.37954091787281596	0.0	6.155211888465535	1.4462611065901114
ecf-197604	1.0	1.0	1.0	0.0	0.6478955416463945	0.5996563790279581	1.0	0.23839090462287568	0.6478955416463945	0.5996563790279581	1.0	0.23839090462287568	0.30980049878334626	0.3022150399213225	0.9363682263085936	0.18750115281943766	0.3271454055379079	0.6977849600786775	0.6	0.2	0.6	0.1	0.6	0.1	0.0	10.0	0.0	1.2663959804975455	0.3145702310921369	6.155211888465535	1.800920953539002
ecf-336365	1.2310490601866484	1.0	1.6931471805599454	0.4001887112843146	0.6244461899663262	0.5335648730961402	1.0	0.19563236853364682	0.6244461899663262	0.5335648730961402	1.0	0.19563236853364682	0.23753654108819983	0.20252217354174526	0.9363682263085936	0.18904092118802804	0.3449776355452919	0.7974778264582547	0.3	0.1	0.3	0.0	0.0	0.2	0.1	10.0	0.2	1.9961067598630535	1.5978323663137926	6.5606769965737	1.945246502297131
ecf-317931	1.6931471805599454	1.6931471805599454	1.6931471805599454	0.0	0.5036617825911802	0.537680305771573	0.8253631221551779	0.24497484074072504	0.5036617825911802	0.537680305771573	0.8253631221551779	0.24497484074072504	0.23441083238338786	0.19163968246304564	0.9363682263085936	0.1912667271170443	0.2909605207232161	0.8083603175369544	0.125	0.125	0.125	0.0	0.0	0.0	0.125	8.0	0.5	1.3825835283466303	0.8589647741749242	5.382022000232054	1.532282162000422
ecf-471541	1.244136064148469	1.0	2.09861228866811	0.4844424838492204	0.935909485226671	0.9563406681433371	1.0	0.06925244240857291	0.935909485226671	0.9563406681433371	1.0	0.06925244240857291	0.2418993237080709	0.21100390047760237	0.9363682263085936	0.1897647282905025	0.318593195987178	0.7889960995223977	0.8	0.3	0.8	0.1	0.0	0.8	0.1	10.0	0.0	0.12777215067460831	0.0	5.749746780357371	0.8571216436193088
ecf-342002	1.0	1.0	1.0	0.0	0.8747865555018918	0.8616033789950089	1.0	0.05433808503466663	0.8747865555018918	0.8616033789950089	1.0	0.05433808503466663	0.23827024709082564	0.20252217354174526	0.9363682263085936	0.18979056498341448	0.3134200425151166	0.7974778264582547	0.1	0.0	0.1	0.0	0.0	0.1	0.0	10.0	0.0	0.6775194971083532	0.0	7.253824177133645	1.9561323717050543
ecf-270332	1.0866433975699932	1.0	1.6931471805599454	0.2450645358671368	0.803040772242622	0.8616033789950089	1.0	0.13377050391716702	0.803040772242622	0.8616033789950089	1.0	0.13377050391716702	0.2352976615640543	0.19382160991801428	0.9363682263085936	0.19068233845679958	0.29439181041056134	0.8061783900819857	0.7	0.3	0.7	0.1	0.0	0.8	0.0	10.0	0.0	0.3630036925206806	0.0	6.848359069025481	1.2954579437442033
ecf-268281	1.2772588722239782	1.0	1.6931471805599454	0.3796523464637884	0.6909135807624703	0.6328575875646357	1.0	0.17081697395412024	0.6909135807624703	0.6328575875646357	1.0	0.17081697395412024	0.23643637142498056	0.19842972707154288	0.9363682263085936	0.18898348267113194	0.2681599556947953	0.8015702729284571	0.4	0.2	0.4	0.1	0.1	0.3	0.1	10.0	0.2	1.4989536200238383	0.0	5.867529816013755	1.896381130737569
