270342
334864
103450
90140
321574
317474
27687
11317
361535
284728
26699
239695
258135
66646
267358
305255
140392
323690
341109
102512
373885
65659
22655
53383
374920
285852
285854
310424
309415
91306
81078
81083
373950
63675
373944
460997
32967
365775
183507
99540
303314
316627
297183
121057
235750
189682
81140
401666
276744
420116
339223
124182
335132
82204
228641
331053
318772
311603
295230
337209
55628
259408
310609
259413
165210
272737
331116
342391
70005
343422
186754
176516
368015
201096
430487
202129
245140
265645
276906
62896
215473
58817
394692
243147
403927
387536
251356
251362
344544
188910
31214
153079
300542
267776
383491
396808
321035
462352
267829
331320
375354
263751
266831
436832
357997
262766
194175
297593
321157
312966
317057
395919
432781
398995
416401
19097
167590
7845
330415
289455
274091
290491
12996
185043
41688
465630
308957
333541
338656
450286
258792
162541
392946
267002
368390
185102
288529
185113
334625
317224
338731
443191
276285
20288
368452
143171
179018
457547
230222
100174
239442
341851
300901
369510
246635
266092
367465
256879
328554
285556
291716
239490
418692
61338
329626
262050
64419
374689
9127
436141
275370
300981
125872
186291
393143
224183
187316
339896
432056
411585
32714
336841
13269
304083
140248
265188
190438
328694
276466
395257
60415
