149506
173060
205833
232463
296970
352274
276509
313381
179238
190515
56371
191545
173119
177212
129093
129094
220235
322637
229453
174168
321624
308321
172137
183417
196735
96384
203914
263306
214156
179345
297115
147619
134311
211127
165045
168126
179401
309469
264413
158945
430305
128236
371944
94448
274678
204021
323827
118008
196866
213255
272641
196874
216329
332047
196878
196882
197906
160017
134426
461083
274724
125221
159020
198965
95542
131391
131394
173378
312646
281923
141655
459100
185696
130414
269685
372087
82302
190869
220569
121245
308633
183708
172451
183715
198050
154030
76211
240053
231860
309693
155070
197056
143823
248268
308693
213457
266711
149976
168417
115173
176613
266737
152059
218618
335353
199169
153093
329218
297483
273943
170516
218648
202272
280119
355890
401983
163384
233034
406119
210529
232041
203375
227963
216703
266880
152200
164495
166546
238235
315039
295577
178855
311979
172721
89782
228031
95935
96962
476867
269007
174800
280286
289502
180960
291559
461549
184041
153329
171767
172793
156414
416507
61185
170756
400129
212745
212755
183070
132893
107312
182075
181058
326472
126796
313175
302928
217941
344914
221019
241503
187228
201572
287599
405375
188280
195454
166795
311183
164762
326561
250801
179125
256954
286656
238539
231382
125913
183260
117732
136172
151538
219123
465909
