40707	36
170502	1
34052	4
335363	45
229380	55
77064	4
13834	50
6411	1
94474	48
12300	3
125196	2
23568	1
286229	5
5653	12
321043	6
112670	465
24863	2
21792	16
40744	2
223530	1
124203	31
15662	30
399913	1
13364	28
255031	67
372030	1
16446	1
15678	2
167740	9
10817	5
22081	1
300614	34
9026	21
77125	3
125771	71
30028	2
369480	536
149076	2
189012	17
12636	1
9825	34
33893	6
206693	36
18792	8
124522	1
120170	27
33644	1
268393	30
34670	60
78449	2
29297	24
30837	7
112503	1
187000	9
144253	137
173187	55
18306	2
53634	24
463236	3
280192	1
31110	18
138377	1
142476	40
34190	1
197011	2
54417	2
401815	6
324246	17
139152	12
64663	72
12695	3
43927	9
49047	1
21400	1
506014	16
73624	57
275614	32
392607	8
43418	6
49052	1
49054	1
266651	4
85665	5
9122	278
19363	39
23716	1
183206	12
179111	6
324268	1
244395	1
56235	36
271785	1
16046	24
9649	102
72371	5
49077	4
64951	3
108473	54
30650	2
8634	79
304057	1
350918	3
300992	1
49092	3
35525	2
323020	36
60364	14
178641	1
19412	3
27093	4
181204	44
13015	53
64984	5
212442	45
58078	1
7392	10
112613	1
218086	1
8679	4
42984	53
310511	1
7404	29
74477	1
330987	37
32494	21
18926	14
124147	1
380918	1
29683	3
38387	2
20468	2
248054	24
94452	172
265714	1
394225	69
400636	522
52474	12
16378	17
110074	22
396795	2
33534	290
178912	4
297248	1
301584	2
312038	2
337658	1
342962	2
345196	-1
386188	3
388172	8
403700	-1
404731	-1
414076	1
443727	1
446040	1
465363	11
472568	1
472612	70
476930	1
478019	3
68233	2
10009	2
101118	1
103700	8
114589	55
11947	1
125868	1
12633	3
127195	85
13028	1
13042	2
134865	20
13525	315
136638	3
137513	16
147773	2
148006	1
151808	4
153122	7
153124	5
157055	15
15792	-1
16193	1
164376	2
169565	-1
172989	11
18100	18
18115	24
182807	1
191486	48
217736	447
22842	147
229394	65
231790	-1
261846	1
267914	1
27276	-1
273858	1
287084	1
33144	2
33746	-1
42487	1
468252	1
47003	29
506863	36
53135	104
53247	11
53250	4
63256	2
63323	67
65149	1
66417	-1
73680	5
74085	10
76860	1
77190	8
78422	560
78534	2
80069	3
80191	14
80879	14
84259	1
86028	1
8683	88
88674	13
89566	-1
93578	148
94687	-1
217994	1
220654	2
249593	7
308879	1
311848	1
320269	2
339414	1
342681	1
350733	1
356712	1
368483	2
371300	1
383625	7
383637	1
404784	1
432190	1
455199	18
462932	1
94047	67
10096	71
105573	16
10811	9
109392	1
120651	15
12640	29
126437	1
12665	309
13957	1
145553	30
145592	38
148615	2
161364	45
16219	4
162399	3
165174	41
16702	1
167182	1
167426	55
16930	20
169542	2
171075	5
17691	1
180496	1
18174	37
184862	16
197282	1
204455	9
21769	415
21776	1
228985	2
232699	24
23328	253
241394	7
24579	6
24839	57
260402	3
261837	3
28195	31
287834	1
29036	198
296505	1172
296552	1
297808	1
297840	1
33292	7
33297	1
375856	1
37918	11
394220	1
403383	1
422016	1
428862	56
434722	1
4348	433
442645	1
46871	4
47281	3
47390	1
491299	13
491302	2
506865	1
53115	24
53952	428
53959	39
57257	377
62564	1
72169	15
72305	1
76675	15
77680	2
7858	3
78866	3
80707	2
86863	3
86887	1
89643	1
90805	14
151487	1
102427	174
