149506	1
199169	7
173060	4
182277	78
153093	5
329218	1
205833	1
169480	576
232463	4
296970	2
297483	1
173072	155
394260	24
273943	6
155158	410
211477	12
170516	1
352274	10
276509	1
177177	42
218648	13
441883	135
313381	2
119843	6
222753	396
202272	7
179238	2
206887	1310
230447	53
226349	122
190515	18
172080	12
280630	50
56371	1
280119	4
355890	3
401983	11
163384	5
191545	1
173119	4
177212	4
251970	34
229441	43
118850	503
129093	5
129094	1
220235	7
322637	2
233034	3
166984	316
151112	13
218697	14
267848	26
229453	2
164438	49
174168	5
321624	6
418392	728
140381	301
203356	36
406119	1
210529	2
308321	5
149604	96
293474	1716
153195	13
232041	1
172137	2
203375	1
183405	46
277611	11
154739	1547
227963	1
183417	1
196735	5
216703	3
96384	2
266880	1
203914	1
152200	2
164495	1
263306	1
214156	5
166546	7
209554	12
173712	29
179345	2
155796	449
238235	3
201369	231
315039	4
295577	1
297115	2
94366	299
221852	55
147619	4
324773	8
268966	10
209056	92
229024	39
134311	14
178855	1
128683	23
311979	8
172721	10
211127	1
116919	1394
165045	1
89782	1
264383	40
168126	2
224447	23
215743	47
228031	2
95935	1
96962	3
436418	22
476867	2
180420	13
475855	19
179401	1
269007	7
113870	139
182483	21
270549	22
274646	203
174800	7
229584	62
309469	1
264413	1
280286	1
289502	3
199896	3
173791	24
180960	1
158945	2
291559	2
154853	21
430305	12
461549	1
184041	1
443114	38
201966	7
128236	3
371944	3
272107	30
209138	7
94448	3
274678	1
298742	55
153329	4
171767	7
204021	1
226037	34
323827	2
118008	14
229626	9
496382	7
229624	18
274687	10
172793	2
156414	1
416507	1
185597	75
196866	1
232706	4
61185	8
206081	31
247553	28
262918	17
213255	7
272641	10
170756	8
184068	30
400129	1
196874	1
216329	3
332047	1
188168	203
212745	1
231688	96
196878	1
212755	1
196882	1
197906	1
215314	33
206610	456
160017	8
134426	1
461083	5
183070	1
354586	14
139037	428
132893	5
274724	2
150305	199
183073	19
125221	1
208164	227
159020	11
266548	33
107312	1
198961	35
198965	3
95542	8
182075	3
171838	738
131391	2
131394	1
173378	2
181058	3
312646	1
184646	32
97605	84
184644	303
281923	2
235336	18
252751	98
326472	6
126796	5
186701	83
313175	1
172374	24
302928	6
141655	2
217941	1
201044	5
344914	1
221019	1
163161	229
459100	1
241503	11
187228	7
261474	16
185696	1
50018	301
201572	2
287599	1
247663	625
113004	171
370536	191
130414	10
138093	146
269685	1
372087	10
34165	34
130424	29
405375	1
188280	1
195454	4
264057	21
82302	3
154493	99
225148	20
150916	9
166795	3
311183	2
138127	317
149900	113
167313	13
190869	1
164762	2
220569	1
108954	1250
121245	4
308633	4
183708	4
228765	23
172451	1
183715	1
198050	1
344996	273
266144	16
326561	1
154030	1
264106	21
176045	82
76211	1
250801	1
240053	2
381875	80
231860	2
179125	1
163258	72
171962	8
309693	1
256954	5
155070	6
380857	258
143293	14
283588	31
197056	6
286656	4
238539	4
307149	105
109003	10
443338	688
143823	4
248268	1
151501	95
308693	4
213457	3
201681	46
266711	1
231382	4
197077	39
125913	1
223194	11
149976	1
199129	22
183260	1
168417	6
154593	49
115173	21
117732	2
137700	26
176613	4
228840	21
136172	1
151538	1
219123	1
231409	23
252913	26
465909	2
164337	50
226800	21
152054	95
266737	1
152059	1
218618	5
264696	22
335353	2
136314	5
151884	13
153460	4
156021	17
156385	697
157504	106
158326	2
162557	12
166826	305
168337	4
173715	5
175138	133
175356	2
175566	6
176509	3
177379	522
179677	51
181063	2
187094	209
190780	273
191973	6
195267	1
195394	1
199134	3
202124	208
203795	623
205655	335
205767	1
208855	17
209155	-1
214914	22
215014	18
217824	228
219250	5
220745	1161
225210	12
229382	2
230911	240
231001	419
237764	2
238934	1
280070	1
290138	1
296917	4
311927	3
312434	10
334523	10
343455	91
94956	1
97109	5
98123	108
124815	2
125179	1
138803	12
167774	168
168198	13
186963	559
206721	25
207466	6
211931	3
212771	5
226352	2
228935	89
231652	4
238392	73
248334	72
255587	197
262976	52
268751	1
269001	1
271362	-1
275296	-1
278598	-1
279697	12
288343	7
290756	3
304426	3
313952	8
344929	-1
355873	6
357654	2
393597	71
406018	795
409680	22
424597	15
458995	1
486911	144
65572	533
108466	14
146912	763
149816	1004
150081	1
151324	1
152199	5
158418	23
166680	5
168669	3
169852	1
170474	1417
170678	5
172675	4
173447	30
173741	1
178491	1
181343	1
181476	2
183245	1
183250	12
185955	3
187390	1
191231	1
197410	1
197817	2
198881	2
203993	339
205493	17
207836	411
210026	1
215579	97
216937	1
216946	150
220069	47
226788	1
228044	8
231977	3
232771	96
234376	1
238487	1
256859	10
307524	714
312466	2
313187	1
321891	6
120938	17
129817	977
144967	1
160043	1
172398	3
201304	1
201306	3
201308	1
201880	18
210018	4
218223	134
220179	1
248519	5
250340	8
257852	9
258129	3
258881	1
260953	9
272021	10
272309	3
272985	1
273049	27
273421	1
274765	1
292938	5
296113	1
304041	1
305232	1
308547	1
319268	48
330278	2
334843	2
342512	982
356209	6
35888	555
367980	8
383448	219
391828	1
409969	4
417603	85
435321	16
466783	2
477658	2
482554	1
484548	162
488805	2
489924	2
63287	1
65204	8
68606	37
98790	9
166801	10
183587	2
405015	71
409352	3
