270342	2
244742	112
305155	11
401418	1
334864	10
28698	171
103450	3
90140	8
321574	1
236582	17
217126	38
272418	4
317474	1
27687	3
319532	1
162856	8
283697	51
11317	1
55349	207
475198	1
361535	1
284728	1
113731	23
26699	9
239695	2
258135	2
66646	2
267358	1
331864	21
305255	1
140392	1
323690	1
341109	4
102512	6
204914	1
151668	21
373885	3
65659	3
317563	1
22655	2
313478	5
88195	490
53383	12
374920	3
437398	240
201878	1
416915	75
285852	5
321693	61
310424	2
309415	16
91306	6
141492	5
81078	2
81083	2
373950	1
54459	33
63675	9
373944	2
460997	1
32967	1
430286	3
365775	1
405704	1
183507	2
99540	1
303314	3
316627	1
479440	10
297183	7
424166	1
121057	4
42208	30
66787	35
235750	1
189682	1
388342	12
81140	1
46332	38
401666	1
371968	1
318734	8
276744	1
318731	67
416022	83
420116	1
339223	1
81172	44
124182	2
335132	4
82204	6
228641	2
45349	19
331053	3
372013	2
102696	131
9517	67
318772	5
236850	1
311603	1
153912	262
295230	6
264504	3
337209	1
232773	50
129354	41
210255	3
55628	1
197969	1
259408	7
477523	138
310609	1
259413	11
41302	14
312659	61
165210	1
18780	8
53603	16
272737	8
331116	5
342391	1
70005	2
343422	2
186754	6
393602	7
176516	1
368015	1
465293	3
489869	1
201096	1
320916	6
430487	4
202129	2
313751	680
335249	13
245140	1
390546	7
215448	13
199064	272
90528	20
265645	1
276906	6
62896	1
8624	1
215473	1
260528	28
252340	8
70079	56
58817	11
394692	6
51653	1
59845	31
243147	1
403917	1
403927	1
306646	452
387536	1
233941	20
30169	1534
255448	9
458200	1
251356	1
251362	2
344544	3
188910	1
344552	37
31214	1
153079	3
14837	83
44535	64
300542	2
202239	6
421383	739
144902	7
267776	6
303617	50
383491	10
35339	28
396808	2
52750	10
321035	1
396809	221
252432	20
462352	1
329252	47
329248	113
331311	1
267829	6
13877	2843
67124	19
296498	13
165434	3
178744	10
79419	129
331320	6
375354	1
52801	243
263751	1
242244	3
266831	5
108115	1114
289362	2
262746	2
133731	7
13921	2074
274023	73
436832	3
357997	2
262766	1
422506	77
64108	64
62062	42
262763	1
298603	1
47731	343
262768	6
28277	67
211578	234
194175	2
297593	2
216707	26
321157	8
312966	4
317057	3
254603	1
37513	22
395919	1
247433	4
267918	9
492173	334
432781	2
398995	2
416401	1
19097	1
304792	51
32412	1026
126625	3
167590	1
7845	1
21159	4
330415	2
289455	1
252591	171
274091	1
290491	2
12996	2
19145	47
312014	780
338638	35
67274	93
244431	450
24271	343
185043	3
108247	18
41688	1
465630	3
308957	5
333541	11
338656	9
392931	7
94951	556
450286	1
258792	1
150249	70
162541	3
120560	13
58098	270
392946	2
398076	61
263935	10
267002	1
99072	9
368390	1
185102	1
288529	1
249620	6
381714	22
185113	4
264997	1
328481	5
334625	1
271139	28
317224	2
338731	7
443191	3
276285	1
333631	233
165689	518
20288	4
368452	8
143171	6
179018	3
457547	2
230222	2
100174	1
239442	1
185172	37
341851	2
256867	1
300901	7
369510	1
246635	1
266092	3
419692	17
367465	2
256879	1
294763	12
328554	3
285556	1
291716	15
239490	8
418692	1
479109	1
149382	1
224132	73
422792	4
424852	7
269201	1
51093	11
82839	377
61338	3
299928	30
329626	3
262050	3
64419	1
374689	2
17317	19
179109	17
9127	1
436141	3
275370	3
125872	1
186291	6
393143	1
251824	1
224183	2
55221	1584
187316	1
13243	14
339896	1
432056	2
285637	1
411585	6
329677	22
32714	1
443341	2
336841	2
13269	4
304083	1
140248	20
139231	14
265188	1
190438	1
210918	7
411636	47
328694	1
51187	13
276466	1
314354	8
69623	1
422908	22
329720	40
364539	36
313339	94
395257	1
60415	1
