52488	3
48139	45
50189	10
48660	158
51739	1
18462	16
48176	480
57136	1
48692	1
52792	14
49721	1
49991	4
38216	1
58187	2
51276	1
48973	1
49234	192
49757	131
49758	1
51294	2
54624	1
37984	1
50018	173
53090	1
54370	254
56418	1
43366	2
49000	1
57708	1
54382	16
41327	16
41074	1
42361	1
49536	44
50306	1
49284	10
43142	1
49030	2
46471	4
49543	12
48266	16
48267	224
37515	13
58508	27
50325	15
55958	2
38553	28
49567	2
52387	1
13731	4
52135	12
48296	601
55469	1
49075	3
28852	10
56248	2
46264	11
49340	88
51136	1
40901	1
56777	43
47820	2
47827	41
48861	365
55267	18
49892	1
48870	54
50929	139
57841	9
19444	1
49909	390
55798	78
52474	83
