149506	1
173060	3
182277	60
205833	2
232463	7
296970	3
173072	192
394260	23
138260	2
352274	5
276509	1
177177	45
313381	2
119843	12
179238	8
206887	1230
230447	53
226349	120
190515	32
280630	44
56371	3
230455	104
305201	1
207931	1
179259	43
191545	4
173119	9
177212	7
251970	31
229441	30
118850	460
129093	5
220235	14
322637	1
166984	287
229453	2
174168	5
321624	8
308321	4
149604	112
183405	151
277611	27
154739	1630
183417	1
196735	1
96384	6
203914	1
246926	26
263306	1
214156	1
179345	1
155796	762
297115	2
94366	518
147619	3
324773	8
209056	45
134311	24
211127	1
116919	1666
165045	1
264383	26
168126	2
224447	5
431290	17
436418	65
180420	9
179401	2
407755	19
113870	112
186578	2
182483	45
270549	18
274646	188
229584	414
309469	1
264413	1
199896	7
158945	7
154853	13
430305	1
201966	11
128236	5
371944	2
94448	2
274678	1
273654	3
323827	2
118008	13
229626	7
229624	53
274687	8
185597	123
196866	5
232706	32
206081	40
213255	9
196874	2
216329	3
332047	2
231688	55
101644	66
196878	1
201998	2
196882	1
197906	2
215314	77
213268	5
134426	7
461083	9
354586	7
134434	7
274724	14
125221	1
270626	1
208164	111
159020	27
266548	35
198961	50
198965	4
95542	13
131394	3
173378	2
312646	1
184646	3
97605	162
184644	539
281923	2
172374	20
256343	431
141655	2
201044	5
459100	1
261474	21
312677	2
185696	8
113004	174
130414	6
269685	1
372087	6
34165	82
130424	72
82302	4
81281	12
150916	10
149900	128
190869	1
220569	3
108954	853
121245	7
308633	3
183708	4
228765	30
172451	1
183715	1
198050	1
154030	2
240053	4
231860	1
163258	79
309693	1
155070	4
197056	11
143823	5
248268	6
308693	5
213457	3
266711	1
197077	20
149976	1
199129	31
155102	2
168417	8
115173	1
137700	19
176613	5
228840	113
164337	35
226800	28
152054	156
266737	1
152059	1
218618	3
264696	21
335353	5
199169	13
153093	3
128518	3
329218	1
169480	522
297483	1
273943	3
155158	1034
211477	36
170516	1
218648	4
441883	157
222753	240
202272	5
280119	9
355890	3
163384	6
233034	1
218697	51
267848	25
164438	24
418392	1162
203356	40
406119	1
210529	3
293474	2126
232041	1
203375	1
204404	8
227963	2
216703	4
181884	1
45695	1726
226951	1
266880	2
152200	4
164495	1
166546	6
209554	5
173712	40
238235	3
201369	253
315039	4
295577	3
221852	89
268966	11
229024	59
178855	2
198309	1
128683	9
172721	14
154292	1
215743	22
228031	1
95935	1
271045	1
96962	10
476867	2
269007	8
291528	1
229070	114
174800	5
221913	11
280286	1
289502	5
173791	24
180960	3
291559	1
461549	2
184041	1
443114	36
272107	18
298742	24
153329	6
171767	14
226037	33
496382	4
172793	2
156414	3
102141	5
416507	1
61185	11
247553	24
262918	16
170756	10
184068	56
400129	5
188168	29
212745	2
216840	1
212755	1
206610	310
121622	18
183070	2
115484	1
139037	455
132893	2
150305	355
183073	12
107312	2
182075	3
171838	464
150338	1
181058	4
429902	1
235336	23
252751	90
326472	8
126796	7
313175	2
284496	10
302928	8
217941	1
344914	1
221019	3
241503	20
187228	7
147298	46
50018	186
201572	2
287599	1
247663	754
370536	299
138093	257
405375	2
188280	2
195454	4
264057	73
154493	44
225148	14
166795	4
311183	2
138127	593
484244	703
309137	2
164762	3
258969	184
344996	319
266144	37
326561	1
264106	37
176045	104
250801	1
381875	93
179125	1
171962	19
256954	6
380857	866
283588	50
286656	4
238539	3
307149	111
443338	613
151501	94
201681	112
231382	4
125913	2
223194	22
183260	1
154593	60
117732	1
270307	22
136172	2
151538	2
219123	1
231409	17
252913	19
465909	3
90102	5
