170502	1
335363	32
229380	41
13834	44
12300	1
23568	3
286229	6
5653	4
321043	18
112670	624
43554	11
43555	3
399913	1
13364	12
22580	1
255031	35
37942	52
500794	2
16446	1
10817	3
22081	1
300614	24
162902	1
149076	2
189012	19
9825	57
33893	16
124522	1
268393	37
8301	6
78449	2
88689	3
29297	31
412786	2
30837	6
173187	25
280192	1
74885	1
30344	1
77449	141
37514	1
138377	6
142476	52
54417	3
324246	21
64663	43
352413	1
506014	25
275614	20
1695	10
85665	8
23716	3
92838	50
324268	1
244395	1
53929	12
57515	1
16046	20
72371	6
7859	9
350918	5
35525	1
254677	1
13015	88
50909	1
58078	1
7392	7
310511	4
74477	1
330987	18
32494	43
124147	1
248054	50
94452	216
276723	3
400636	187
52474	12
33534	405
57598	9
40707	32
34052	5
77064	7
8458	11
6411	1
94474	41
125196	2
24863	3
21792	24
29474	3
164650	8
40744	1
223530	1
24873	2
15662	21
84271	1
10035	1
372030	1
15678	2
167740	7
9026	10
77125	3
125771	103
30028	1
369480	285
27989	9
12636	1
9057	21
206693	42
18792	13
120170	18
33644	1
34670	70
67439	1
112503	1
144253	58
18306	10
53634	32
463236	1
31110	5
34190	1
197011	1
401815	2
139152	17
463252	910
49045	1
43927	10
49047	1
21400	1
73624	65
392607	19
43418	13
49052	1
49054	1
266651	3
9122	337
19363	68
183206	21
179111	5
10154	10
56235	12
49068	6
271785	4
9649	63
49077	3
64951	7
108473	54
234425	2
30650	2
8634	96
304057	1
300992	1
49092	6
323020	32
60364	52
109009	55
171984	13
178641	3
27093	3
181204	74
64984	7
212442	82
112613	2
218086	1
8679	3
42984	65
18926	12
380918	1
29683	2
38387	3
290288	4
20468	2
22005	24
265714	1
394225	134
5623	9
16378	7
110074	85
396795	2
57853	2
