ecf-209410	1.2079441541679836	1.0	1.6931471805599454	0.33482189780177213	0.7431229823075579	0.7561668347131552	1.0	0.18327628263091064	0.7431229823075579	0.7561668347131552	1.0	0.18327628263091064	0.22279223250754043	0.19407496729954465	0.4402325753648333	0.16417453692751197	0.3095367778942325	0.8059250327004553	1.0	0.4	1.0	0.0	0.3	0.6	0.1	10.0	0.0	0.29156010736737875	0.0	4.0292503311508066	0.857450860217653
ecf-259072	1.0	1.0	1.0	0.0	0.6545477769585704	0.7901150385692978	0.8616033789950089	0.24621231397406462	0.6545477769585704	0.7901150385692978	0.8616033789950089	0.24621231397406462	0.27874922469484353	0.25086253037371997	0.9363682263085936	0.19701300620186035	0.33733001423493997	0.74913746962628	0.4	0.1	0.4	0.2	0.1	0.5	0.0	10.0	0.2	1.0752709974873753	0.0	6.848359069025481	2.1254959229250203
ecf-426497	1.577622650466621	1.6931471805599454	1.6931471805599454	0.28297615150344435	0.4237718219661404	0.33547554728782947	0.9126813362866741	0.2728369080750984	0.4237718219661404	0.33547554728782947	0.9126813362866741	0.2728369080750984	0.27929804534784963	0.2503139845684622	0.9363682263085936	0.1956724386346012	0.3189548472503239	0.7496860154315378	0.6	0.1	0.6	0.0	0.0	0.1	0.5	10.0	0.4	0.9051090925421562	0.7450550401619632	5.46206470790559	1.006245548919493
ecf-303125	2.386294361119891	2.386294361119891	2.386294361119891	0.0	0.5825851906180302	0.5899481730895377	0.8616033789950089	0.15268721252050033	0.5825851906180302	0.5899481730895377	0.8616033789950089	0.15268721252050033	0.31302988769975093	0.3100562062431195	0.9363682263085936	0.1971044821782934	0.43168218735815156	0.6899437937568804	0.3	0.1	0.3	0.0	0.0	0.3	0.0	10.0	0.2	3.117265853293756	3.194921761561476	5.46206470790559	1.3094088360920328
ecf-198161	1.3080654135821979	1.0	1.6931471805599454	0.36532064071556886	0.6746500386577203	0.6268546942352602	1.0	0.18353223604088797	0.6746500386577203	0.6268546942352602	1.0	0.18353223604088797	0.35880037982969726	0.3774784398866348	0.9363682263085936	0.2106561388280321	0.31691407600652943	0.6225215601133651	0.8	0.3	0.8	0.1	0.0	0.6	0.3	10.0	0.0	0.5951555118158879	0.0	4.6147668475183865	1.0332803473525562
ecf-266262	3.302585092994046	3.302585092994046	3.302585092994046	0.0	0.676137047207001	0.6290828284776582	1.0	0.19430074455637364	0.676137047207001	0.6290828284776582	1.0	0.19430074455637364	0.3124385472189986	0.30924389970977556	0.9363682263085936	0.19804613671552518	0.3721565512407762	0.6907561002902245	0.2	0.2	0.2	0.0	0.0	0.2	0.0	10.0	0.1	2.8707118423979145	3.426996017768731	6.848359069025481	2.11802484856372
ecf-476180	1.6708919484558582	1.6931471805599454	2.9459101490553135	0.710964037196494	0.5759092382719749	0.5562743967042738	0.8616033789950089	0.16134949852929495	0.5759092382719749	0.5562743967042738	0.8616033789950089	0.16134949852929495	0.27799348082129127	0.2507619638241911	0.9363682263085936	0.19654116954897546	0.3205141357402931	0.7492380361758089	0.5	0.2	0.5	0.1	0.0	0.5	0.1	10.0	0.1	1.1483019133285508	1.0307901383973814	3.712864853096331	1.2411608073381784
ecf-202772	1.138629436111989	1.0	1.6931471805599454	0.30998484282887173	0.5343747377574566	0.5204760375493837	0.9126813362866741	0.19752828296923014	0.5343747377574566	0.5204760375493837	0.9126813362866741	0.19752828296923014	0.28040384466034696	0.24877479531807922	0.9363682263085936	0.19364632721429736	0.32198433759963857	0.7512252046819208	0.5555555555555556	0.2222222222222222	0.5555555555555556	0.0	0.1111111111111111	0.3333333333333333	0.1111111111111111	9.0	0.0	0.31667478826242457	0.0	3.469634543215384	0.9530221484302526
ecf-329247	2.039720770839918	2.039720770839918	2.386294361119891	0.49012907173427367	0.6594256010245099	0.6332296454012336	0.9126813362866741	0.14768747968130863	0.6594256010245099	0.6332296454012336	0.9126813362866741	0.14768747968130863	0.280195703189621	0.2503139845684622	0.9363682263085936	0.19558386384179985	0.3156274988606524	0.7496860154315378	0.2	0.0	0.2	0.0	0.0	0.0	0.2	10.0	0.2	3.8234971702696843	3.712864853096331	6.33753344525949	0.923742463408809
ecf-280601	1.5296756383913244	1.6931471805599454	2.09861228866811	0.4393108947284702	0.6948098780301378	0.8294282374700518	0.9126813362866741	0.24428886937802707	0.6948098780301378	0.8294282374700518	0.9126813362866741	0.24428886937802707	0.2766463367209416	0.24827085912213817	0.9363682263085936	0.19685430733703024	0.3124991048795307	0.7517291408778618	0.6	0.3	0.6	0.0	0.0	0.4	0.2	10.0	0.2	0.9705494923961501	0.0	6.33753344525949	1.6583678222710159
ecf-229921	1.0770163533955495	1.0	1.6931471805599454	0.23104906018664842	0.480438769842881	0.44677448724585395	1.0	0.30245546570060355	0.480438769842881	0.44677448724585395	1.0	0.30245546570060355	0.3548752343910788	0.3705427654404383	0.9363682263085936	0.20237041757094779	0.3094454183587329	0.6294572345595617	0.9	0.2	0.9	0.0	0.4	0.5	0.0	10.0	0.0	0.8945769090250234	0.20935507483568594	4.034948352265444	1.2301602510888703
ecf-420897	2.290400336969297	2.09861228866811	3.0794415416798357	0.7127692512458609	0.7606083777623722	0.8253631221551779	0.8616033789950089	0.15086396152960393	0.7606083777623722	0.8253631221551779	0.8616033789950089	0.15086396152960393	0.2912672458360181	0.2703928254063833	0.9363682263085936	0.19698938666386268	0.3393250514315495	0.7296071745936167	0.2	0.1	0.2	0.1	0.0	0.3	0.0	10.0	0.0	2.1040310922038965	0.0	6.5606769965737	2.516393996882197
ecf-204329	1.7324081924454067	2.09861228866811	2.09861228866811	0.6342841005975642	0.5149246289963304	0.5131458965263014	0.7742856144405287	0.167282690514631	0.5149246289963304	0.5131458965263014	0.7742856144405287	0.167282690514631	0.2786077962798528	0.25065514535879385	0.9363682263085936	0.19570520778406558	0.2813619373819737	0.7493448546412061	0.3	0.2	0.3	0.0	0.0	0.1	0.2	10.0	0.0	1.5396562500723658	1.5911997749709514	3.6031659358399066	1.3334874246883142
ecf-282667	1.2772588722239782	1.0	2.386294361119891	0.6199696856577435	0.751844650044749	0.7380458071729002	1.0	0.20674922810477134	0.751844650044749	0.7380458071729002	1.0	0.20674922810477134	0.2815314959238143	0.25071049971310627	0.9363682263085936	0.1955742972802192	0.2768365523795645	0.7492895002868938	0.5	0.1	0.5	0.0	0.0	0.5	0.0	10.0	0.2	0.6248427278487482	0.0	6.5606769965737	1.4020622070607085
ecf-265269	1.9917737587646214	1.8958797346140277	2.386294361119891	0.34358142629314764	0.6965872699390511	0.6473767802999423	1.0	0.16383864063981896	0.6965872699390511	0.6473767802999423	1.0	0.16383864063981896	0.28145431852110686	0.2520725995345577	0.9363682263085936	0.19547002240737194	0.3219719097660233	0.7479274004654424	0.5	0.2	0.5	0.1	0.0	0.4	0.2	10.0	0.1	1.1439974119044631	0.0	5.749746780357371	1.706544050358898
ecf-332852	1.0	1.0	1.0	0.0	0.5506505640414538	0.5634799111516278	0.7972530959450946	0.16028554878865975	0.5506505640414538	0.5634799111516278	0.7972530959450946	0.16028554878865975	0.2805481070189426	0.2505997910044814	0.9363682263085936	0.1955647150434569	0.3146727660192045	0.7494002089955186	0.1	0.0	0.1	0.1	0.1	0.1	0.0	10.0	0.1	1.0968538769025475	0.0	4.481235454893864	1.6352273791108127
ecf-198193	1.138629436111989	1.0	1.6931471805599454	0.2922565125724551	0.5814775765879394	0.5513644741814503	0.9126813362866741	0.1466635709020871	0.5814775765879394	0.5513644741814503	0.9126813362866741	0.1466635709020871	0.344010528350013	0.36402414442464	0.9363682263085936	0.19791379948193755	0.32629171923238187	0.6359758555753601	0.9	0.2	0.9	0.1	0.1	0.7	0.2	10.0	0.0	0.6454784126530002	0.0	3.6294832441572797	0.8623408318571671
ecf-397877	1.0990210257942779	1.0	1.6931471805599454	0.26198500881817144	0.7178367189259387	0.7475915451390192	1.0	0.20824216412206725	0.7178367189259387	0.7475915451390192	1.0	0.20824216412206725	0.2792172885344143	0.24953980007927462	0.9363682263085936	0.1954306344018437	0.28146446601104325	0.7504601999207254	0.5	0.2	0.5	0.2	0.2	0.5	0.0	10.0	0.2	1.083693309335358	0.0	5.644386264699545	1.8149704240930769
ecf-406064	1.2599301927099795	1.0	1.6931471805599454	0.35873774764475586	0.6345951127248379	0.6358934891014116	0.9126813362866741	0.24146948818335592	0.6345951127248379	0.6358934891014116	0.9126813362866741	0.24146948818335592	0.27883580588919876	0.24953980007927462	0.9363682263085936	0.19521575321520443	0.30985587177148116	0.7504601999207254	0.7	0.1	0.7	0.1	0.2	0.3	0.3	10.0	0.0	0.7856149086546466	0.0	5.056599599797425	1.5195726765799615
ecf-264242	1.3465735902799727	1.3465735902799727	1.6931471805599454	0.3796523464637884	0.28649951826240433	0.30099528102165335	0.6588600714984729	0.19520495914177144	0.28649951826240433	0.30099528102165335	0.6588600714984729	0.19520495914177144	0.2800870803054917	0.2523079825177018	0.9363682263085936	0.19853179479733923	0.2640460738779691	0.7476920174822982	0.6	0.2	0.6	0.0	0.0	0.3	0.3	10.0	0.1	0.37124856820611185	0.2534572897428579	2.504553647171797	0.4987155855497073
ecf-419902	1.5545177444479563	1.6931471805599454	1.6931471805599454	0.30998484282887173	0.6178530597561399	0.5457437813880154	1.0	0.2694965665274564	0.6178530597561399	0.5457437813880154	1.0	0.2694965665274564	0.2788521081384408	0.24953980007927462	0.9363682263085936	0.1957242578019263	0.35806354283790504	0.7504601999207254	0.5	0.2	0.5	0.2	0.0	0.1	0.4	10.0	0.3	2.945452185981851	2.9100187552799612	7.946971357693591	1.80942171869462
ecf-192574	1.0	1.0	1.0	0.0	0.6105610598229274	0.5795989221745643	0.9126813362866741	0.1395708087278862	0.6105610598229274	0.5795989221745643	0.9126813362866741	0.1395708087278862	0.33789168508125966	0.3507845985255827	0.9363682263085936	0.19700982754213012	0.4080237895263431	0.6492154014744174	0.5	0.1	0.5	0.0	0.2	0.3	0.0	10.0	0.1	1.1396743827137608	0.5481850822736422	4.021703125515423	1.2946669510938245
ecf-371768	1.1155245300933243	1.0	1.6931471805599454	0.2829761515034443	0.5608573738168542	0.6251937842641302	0.8253631221551779	0.23938643679722363	0.5608573738168542	0.6251937842641302	0.8253631221551779	0.23938643679722363	0.3311791092959529	0.33814379156118585	0.9363682263085936	0.19793202391407377	0.3206578649717815	0.6618562084388142	0.4	0.2	0.4	0.2	0.1	0.4	0.1	10.0	0.1	1.007673553275958	0.3632158848968264	5.133560640933554	1.524796549030688
ecf-192573	1.0770163533955495	1.0	1.6931471805599454	0.23104906018664845	0.5832740456252966	0.6297846454940865	0.7972530959450946	0.16427909600487692	0.5832740456252966	0.6297846454940865	0.7972530959450946	0.16427909600487692	0.330604296437831	0.332119051200209	0.9363682263085936	0.19651215164638025	0.3142034203645083	0.667880948799791	0.6	0.1	0.6	0.3	0.1	0.8	0.0	10.0	0.1	0.781837859909792	0.22606610575681144	3.159479614911544	1.006450439660081
ecf-327749	1.3465735902799727	1.3465735902799727	1.6931471805599454	0.4001887112843146	0.8475476345006449	0.869022229220926	1.0	0.11046120983625381	0.8475476345006449	0.869022229220926	1.0	0.11046120983625381	0.30218308240299796	0.2915500330652047	0.9363682263085936	0.197434656709453	0.29085616622077237	0.7084499669347952	0.3	0.3	0.3	0.1	0.0	0.4	0.0	10.0	0.2	0.7611936965142794	0.0	7.253824177133645	1.8774692929832455
ecf-328772	1.4969813299576	1.0	2.791759469228055	0.7835660147451646	0.593647735697703	0.6924495964605802	0.8616033789950089	0.24098840716174957	0.593647735697703	0.6924495964605802	0.8616033789950089	0.24098840716174957	0.2801168344281434	0.2485228272201087	0.9363682263085936	0.19653873486951656	0.27959928189751243	0.7514771727798912	0.4	0.3	0.4	0.1	0.0	0.3	0.2	10.0	0.3	1.3187653087377111	1.171605266757199	5.23892115659138	1.3008983129067242
ecf-256580	1.0	1.0	1.0	0.0	0.49055786412797453	0.462942918148766	1.0	0.2581692005028732	0.49055786412797453	0.462942918148766	1.0	0.2581692005028732	0.2795830952978955	0.25002817813244305	0.9363682263085936	0.19533927600101758	0.2884372552704566	0.749971821867557	0.4	0.2	0.4	0.1	0.3	0.2	0.0	10.0	0.3	0.31292298833296117	0.0	2.3103976327308393	0.7676968884366293
ecf-198731	1.3106133312235	1.0	2.791759469228055	0.6457564641805238	0.7317550779225149	0.7380458071729002	1.0	0.1311550704798884	0.7317550779225149	0.7380458071729002	1.0	0.1311550704798884	0.33196679513253297	0.3303865407838018	0.9363682263085936	0.19689265874972076	0.36627747158942714	0.6696134592161982	0.7	0.2	0.7	0.1	0.1	0.7	0.0	10.0	0.0	0.5015538803517082	0.0	4.768917527345645	1.319956525391367
ecf-472661	1.0990210257942779	1.0	1.6931471805599454	0.26198500881817144	0.6725731459230274	0.6324881587895349	1.0	0.2555211231234005	0.6725731459230274	0.6324881587895349	1.0	0.2555211231234005	0.2781317031600983	0.24953980007927462	0.9363682263085936	0.1961077371664962	0.3257438040661789	0.7504601999207254	0.7	0.4	0.7	0.0	0.2	0.4	0.1	10.0	0.0	0.8472173950343871	0.0	5.056599599797425	1.3777125353960773
ecf-339024	2.6094379124341005	2.6094379124341005	2.6094379124341005	0.0	0.7700195692661476	0.7561657108067145	1.0	0.14987656784651485	0.7700195692661476	0.7561657108067145	1.0	0.14987656784651485	0.28397864005884477	0.2525433655008459	0.9363682263085936	0.1949214764327838	0.3132638358424261	0.7474566344991541	0.1	0.0	0.1	0.0	0.0	0.1	0.0	10.0	0.0	0.807917467200599	0.0	5.46206470790559	1.7646367398209972
ecf-420433	1.138629436111989	1.0	1.6931471805599454	0.30998484282887173	0.5425057574962182	0.5910819886094542	0.8253631221551779	0.24874199337601852	0.5425057574962182	0.5910819886094542	0.8253631221551779	0.24874199337601852	0.27960479621638906	0.25065514535879385	0.9363682263085936	0.19574631718647767	0.34231825622086753	0.7493448546412061	0.4	0.2	0.4	0.1	0.2	0.3	0.0	10.0	0.2	1.163913585512918	0.877097229235018	4.768917527345645	1.1587775466786647
ecf-227939	1.1155245300933243	1.0	1.6931471805599454	0.28297615150344435	0.7494307598987575	0.8113081090501363	0.9126813362866741	0.17204332347868714	0.7494307598987575	0.8113081090501363	0.9126813362866741	0.17204332347868714	0.32753886367076035	0.3216381270255615	0.9363682263085936	0.1956702543818497	0.33439416397628935	0.6783618729744385	0.6	0.2	0.6	0.0	0.0	0.5	0.1	10.0	0.0	0.429900162444179	0.0	4.9512390841395995	0.9926872391458207
ecf-252002	1.4301334456564323	1.6931471805599454	2.09861228866811	0.42773063761480096	0.5880724404489265	0.5309035253477596	1.0	0.2129554531446388	0.5880724404489265	0.5309035253477596	1.0	0.2129554531446388	0.32775252623859497	0.3216381270255615	0.9363682263085936	0.19606955384903663	0.32032045641614404	0.6783618729744385	0.9	0.1	0.9	0.0	0.0	0.7	0.2	10.0	0.0	1.1005046398038283	0.8052739001550182	4.283409711563944	1.2680487243927558
ecf-331878	2.09861228866811	2.09861228866811	3.1972245773362196	1.5536723984241865	0.8413579555766363	0.9563406681433371	1.0	0.19237079825622355	0.8413579555766363	0.9563406681433371	1.0	0.19237079825622355	0.29876146731318515	0.28212181033300543	0.9363682263085936	0.1982134221778735	0.33255652142407544	0.7178781896669946	0.2	0.0	0.2	0.0	0.0	0.2	0.0	10.0	0.0	3.6800187455337547	4.420610833077429	7.946971357693591	2.749102152510539
ecf-292972	1.2079441541679836	1.0	1.6931471805599454	0.3348218978017722	0.5785620792377858	0.5610052128323872	0.9126813362866741	0.1714632156808638	0.5785620792377858	0.5610052128323872	0.9126813362866741	0.1714632156808638	0.3252585016530893	0.31989533778514573	0.9363682263085936	0.1956768595946926	0.3286788602338524	0.6801046622148543	0.9	0.1	0.9	0.1	0.3	0.5	0.2	10.0	0.0	0.3384081470625173	0.0	3.087158953331918	0.9011843325599679
ecf-222824	1.3972567287934932	1.0	2.386294361119891	0.5790029313804321	0.5663363634412979	0.5103566046840892	0.9126813362866741	0.25963708403576435	0.5663363634412979	0.5103566046840892	0.9126813362866741	0.25963708403576435	0.3255439177179678	0.31989533778514573	0.9363682263085936	0.19663666431282267	0.26207399603167447	0.6801046622148543	0.8	0.2	0.8	0.0	0.2	0.5	0.1	10.0	0.0	1.0579508909277218	0.8845934605751588	5.46206470790559	1.2600388625277716
ecf-485482	1.0866433975699932	1.0	1.6931471805599454	0.2450645358671368	0.5435592986385815	0.49343578653680653	0.9126813362866741	0.1784388642319721	0.5435592986385815	0.49343578653680653	0.9126813362866741	0.1784388642319721	0.27875551699810347	0.25096309692324886	0.9363682263085936	0.1972081037957209	0.27070398437638893	0.7490369030767512	0.7	0.3	0.7	0.1	0.0	0.7	0.1	10.0	0.0	0.5569162393473224	0.0	3.6162380174072593	0.9343685032797563
ecf-490090	1.0	1.0	1.0	0.0	0.6995023491729886	0.6722186343073113	0.9126813362866741	0.13417976812417295	0.6995023491729886	0.6722186343073113	0.9126813362866741	0.13417976812417295	0.2787144425000595	0.2515178482289033	0.9363682263085936	0.19683575622446065	0.30538871735841794	0.7484821517710967	0.2	0.0	0.2	0.0	0.0	0.2	0.0	10.0	0.2	1.591419288859096	0.0	5.056599599797425	1.9972095599598885
ecf-318070	2.9902417588933834	3.1972245773362196	3.772588722239781	0.7305669397144017	0.6428111482042849	0.5002262418463533	1.0	0.2486855310357684	0.6428111482042849	0.5002262418463533	1.0	0.2486855310357684	0.3113356916477063	0.30765933419596336	0.9363682263085936	0.19739788358092425	0.2762735018190154	0.6923406658040366	0.7	0.2	0.7	0.0	0.0	0.7	0.0	10.0	0.0	0.4156442575665406	0.0	6.001061208638277	1.320513419929083
ecf-318074	2.8598505983356506	2.90333124488516	3.5649493574615367	0.7054488529801592	0.7059666983008861	0.6675566077398045	1.0	0.24164292394506892	0.7059666983008861	0.6675566077398045	1.0	0.24164292394506892	0.31020126404037385	0.30601610961502085	0.9363682263085936	0.19776655368097384	0.27738713758237377	0.6939838903849791	0.6	0.2	0.6	0.0	0.0	0.6	0.0	10.0	0.1	0.28293857355178537	0.0	6.33753344525949	1.1622903201857782
ecf-318075	1.0	1.0	1.0	0.0	0.4694637603126289	0.3750771468789217	1.0	0.27450418878989447	0.4694637603126289	0.3750771468789217	1.0	0.27450418878989447	0.2797442565947123	0.24953980007927462	0.9363682263085936	0.19687672759362673	0.27874134376891774	0.7504601999207254	0.2857142857142857	0.14285714285714285	0.2857142857142857	0.0	0.2857142857142857	0.0	0.0	7.0	0.14285714285714285	0.6208178095453735	0.3691584213765401	3.087158953331918	0.965320287773505
ecf-408185	1.298626578204676	1.0	2.09861228866811	0.48006978148377216	0.6283393829044737	0.65172223889514	1.0	0.21009269622635168	0.6283393829044737	0.65172223889514	1.0	0.21009269622635168	0.2746929634765069	0.2481759264822413	0.9363682263085936	0.19665101711002655	0.3011035958438495	0.7518240735177587	0.4	0.1	0.4	0.2	0.1	0.4	0.1	10.0	0.0	0.8980501788816411	0.0	6.5606769965737	1.6049872662293478
ecf-211585	1.198042051588556	1.0	1.6931471805599454	0.33822119203626044	0.4284776256735203	0.4986892966421239	0.5233066027156972	0.11922373248428776	0.4284776256735203	0.4986892966421239	0.5233066027156972	0.11922373248428776	0.36684922830760847	0.41719765497387346	0.728531446560539	0.20019152044830982	0.2969065273705549	0.5828023450261266	0.7	0.3	0.7	0.0	0.3	0.2	0.2	10.0	0.0	0.4843325627564839	0.2624019965789372	3.7967191635331936	0.9609839468679013
ecf-318086	1.1732867951399863	1.0	1.6931471805599454	0.3208647959315357	0.5728332950359543	0.558339518468449	0.9126813362866741	0.23907420548739283	0.5728332950359543	0.558339518468449	0.9126813362866741	0.23907420548739283	0.35762942496449546	0.41115349772029786	0.728531446560539	0.20366269985784988	0.30652866734656087	0.5888465022797021	0.8	0.2	0.8	0.0	0.2	0.4	0.2	10.0	0.1	0.2711290184979668	0.0	3.8198369726484986	0.9426894323516671
ecf-482434	1.3465735902799727	1.0	2.386294361119891	0.5239700176363429	0.4631784451461542	0.47223808485699337	1.0	0.3015207463605207	0.4631784451461542	0.47223808485699337	1.0	0.3015207463605207	0.37691707650096606	0.3936665052692614	0.7611084055488654	0.1985501207018393	0.2829901545125951	0.6063334947307386	0.7777777777777778	0.3333333333333333	0.7777777777777778	0.1111111111111111	0.1111111111111111	0.4444444444444444	0.3333333333333333	9.0	0.1111111111111111	0.2975703381070479	0.0238583409834099	1.3594213428687942	0.4999790732608982
ecf-125572	1.6212266624470002	1.6931471805599454	2.09861228866811	0.4561303629843955	0.5689996731729058	0.5114518410404354	1.0	0.2411492043469487	0.5689996731729058	0.5114518410404354	1.0	0.2411492043469487	0.2827874083149126	0.2514172816793744	0.9363682263085936	0.19478623439337522	0.31251695951469005	0.7485827183206256	0.4	0.1	0.4	0.0	0.1	0.3	0.0	10.0	0.2	0.6401061840147889	0.0	3.742278738302624	0.9878160653581078
ecf-414337	1.0	1.0	1.0	0.0	0.4679493470599151	0.42033365350190816	0.7380458071729002	0.18291375727423884	0.4679493470599151	0.42033365350190816	0.7380458071729002	0.18291375727423884	0.2762795596650362	0.24827085912213817	0.9363682263085936	0.1972849044865827	0.3458790992018458	0.7517291408778618	0.3	0.2	0.3	0.0	0.0	0.3	0.0	10.0	0.2	1.0067291379165075	0.7901449053873278	3.772584087797953	1.0016616575210355
ecf-323208	3.4849066497880004	3.4849066497880004	3.4849066497880004	0.0	0.7582506563595817	0.7645762847119731	1.0	0.15073783320381462	0.7582506563595817	0.7645762847119731	1.0	0.15073783320381462	0.3069504064835792	0.301169120281481	0.9363682263085936	0.19779014580228585	0.2632919700245245	0.698830879718519	0.1	0.0	0.1	0.0	0.0	0.1	0.0	10.0	0.0	0.9555003776220189	0.0	6.001061208638277	1.8397744376202636
ecf-199309	1.3972567287934932	1.3465735902799727	2.09861228866811	0.4449405632848265	0.6977331543811941	0.6843981510143398	0.9126813362866741	0.12976739811002982	0.6977331543811941	0.6843981510143398	0.9126813362866741	0.12976739811002982	0.37846861714005975	0.38499750919594183	0.9363682263085936	0.21572854938783315	0.291162688613785	0.6150024908040581	0.8	0.2	0.8	0.2	0.1	0.7	0.0	10.0	0.0	0.6097203293733767	0.0	4.258091903579654	1.273570099428842
ecf-222865	1.1155245300933243	1.0	1.6931471805599454	0.28297615150344435	0.6190470266001764	0.5805603561847399	0.9126813362866741	0.19466725197229467	0.6190470266001764	0.5805603561847399	0.9126813362866741	0.19466725197229467	0.36057791904334696	0.3764392083941843	0.9363682263085936	0.20865367608269753	0.33436098098676453	0.6235607916058157	0.6	0.2	0.6	0.0	0.3	0.3	0.0	10.0	0.0	0.7334563996152026	0.0	4.768917527345645	1.1480253479707019
ecf-222864	1.9026834003674036	2.09861228866811	2.6094379124341005	0.8224133361322163	0.7227303768365644	0.7105692753139086	1.0	0.2696610056241871	0.7227303768365644	0.7105692753139086	1.0	0.2696610056241871	0.2873838577312403	0.26210987112727924	0.9363682263085936	0.19649923772244932	0.37950032020047414	0.7378901288727208	0.3	0.1	0.3	0.0	0.1	0.0	0.2	10.0	0.4	2.9901876464988137	3.0239536849219917	7.946971357693591	2.297804984041356
ecf-222868	1.2772588722239782	1.0	1.6931471805599454	0.3796523464637884	0.6520609283008763	0.5805603561847399	1.0	0.1866208108487721	0.6520609283008763	0.5805603561847399	1.0	0.1866208108487721	0.3440763228281745	0.3507845985255827	0.9363682263085936	0.2060430349653075	0.3393336705280942	0.6492154014744174	0.5	0.2	0.5	0.0	0.3	0.0	0.2	10.0	0.0	0.5762142691148037	0.0	4.9512390841395995	1.0421832109200209
ecf-447633	1.6292178311262164	1.6931471805599454	2.386294361119891	0.5260505332175748	0.7056663984008872	0.7306274065143727	1.0	0.18565303054932356	0.7056663984008872	0.7306274065143727	1.0	0.18565303054932356	0.3361269901227493	0.332119051200209	0.9363682263085936	0.20333735308708448	0.3069977562484836	0.667880948799791	0.9	0.1	0.9	0.0	0.1	0.7	0.1	10.0	0.1	0.640991058821459	0.0	3.6703052386775346	1.1057558534673444
ecf-342686	4.319325245940066	4.091042453358316	4.871201010907891	0.4803083931836915	0.8468498177929733	0.8871423576408415	1.0	0.16935240424845552	0.8468498177929733	0.8871423576408415	1.0	0.16935240424845552	0.2971227203111448	0.279167893804416	0.9363682263085936	0.19847205123761177	0.3231539561233504	0.720832106195584	0.3	0.1	0.3	0.0	0.0	0.3	0.0	10.0	0.0	0.6323218567558224	0.0	5.46206470790559	1.6575614139488066
ecf-237726	1.6931471805599454	1.6931471805599454	1.6931471805599454	0.0	0.7940682733898904	0.8616033789950089	1.0	0.16660057983498136	0.7940682733898904	0.8616033789950089	1.0	0.16660057983498136	0.3169750988324896	0.31389484875868146	0.9363682263085936	0.19749536627286685	0.2995688517185591	0.6861051512413185	0.3	0.0	0.3	0.0	0.0	0.2	0.1	10.0	0.2	1.6322269864807943	0.0	6.848359069025481	2.2585175520524876
ecf-222878	2.1107348367250682	1.6931471805599454	2.9459101490553135	0.7232830370915954	0.7600933598318563	0.7535946632376506	1.0	0.18850739457196297	0.7600933598318563	0.7535946632376506	1.0	0.18850739457196297	0.27588297834783826	0.24759674966788026	0.9363682263085936	0.1936178079290595	0.34756153223440517	0.7524032503321197	0.3	0.0	0.3	0.0	0.0	0.3	0.0	10.0	0.1	3.81214464540018	3.8526267954714895	7.946971357693591	2.2110026118150565
ecf-259233	1.519860385419959	1.6931471805599454	1.6931471805599454	0.3465735902799727	0.46622825491160563	0.3878433869646472	0.7380458071729002	0.1844352821760539	0.46622825491160563	0.3878433869646472	0.7380458071729002	0.1844352821760539	0.3560819651277928	0.3705427654404383	0.9363682263085936	0.20263244878230746	0.2675687321735862	0.6294572345595617	0.5714285714285714	0.14285714285714285	0.5714285714285714	0.0	0.0	0.14285714285714285	0.42857142857142855	7.0	0.0	0.7371730730892172	0.3691584213765401	2.273648090522098	0.8084785254187691
ecf-339616	1.0866433975699932	1.0	1.6931471805599454	0.24506453586713683	0.5342387189641852	0.5125936818975063	0.7232085562948732	0.13286269820201052	0.5342387189641852	0.5125936818975063	0.7232085562948732	0.13286269820201052	0.27442753399534947	0.2481759264822413	0.9363682263085936	0.19677862845881403	0.2755315921256051	0.7518240735177587	0.8	0.4	0.8	0.0	0.2	0.5	0.1	10.0	0.1	0.7961540664501974	0.23095609105100337	5.46206470790559	1.2493052963476643
ecf-463008	1.2772588722239782	1.0	1.6931471805599454	0.3796523464637884	0.7120276646421435	0.7602308261199839	1.0	0.18947313429104526	0.7120276646421435	0.7602308261199839	1.0	0.18947313429104526	0.2771767326071668	0.24953980007927462	0.9363682263085936	0.19661307995820815	0.34929350245418817	0.7504601999207254	0.4	0.1	0.4	0.1	0.0	0.4	0.1	10.0	0.1	1.5483009947624182	0.0	5.749746780357371	1.8084566671188476
ecf-274604	1.3465735902799727	1.0	2.386294361119891	0.6931471805599454	0.7929397142782628	0.8871423576408415	1.0	0.20310380447775278	0.7929397142782628	0.8871423576408415	1.0	0.20310380447775278	0.27520543553557497	0.2481759264822413	0.9363682263085936	0.19614395751923894	0.37172950954267364	0.7518240735177587	0.3	0.2	0.3	0.1	0.2	0.2	0.0	10.0	0.2	1.2818458185111785	0.0	7.253824177133645	2.1596349092042746
ecf-308908	1.4986230058205345	1.3465735902799727	2.09861228866811	0.5493243487474814	0.6462047636719058	0.6213756449278991	1.0	0.22369701786476193	0.6462047636719058	0.6213756449278991	1.0	0.22369701786476193	0.2763013482914192	0.2481759264822413	0.9363682263085936	0.19685836839613421	0.32030105899716665	0.7518240735177587	0.8	0.5	0.8	0.0	0.0	0.4	0.4	10.0	0.2	1.0756451374621658	0.0	5.644386264699545	1.5746937108783756
ecf-207530	1.4999788522589184	1.0	2.6094379124341005	0.6358883210879381	0.7504906136318396	0.8616033789950089	1.0	0.20797804133973458	0.7504906136318396	0.8616033789950089	1.0	0.20797804133973458	0.3481383350001915	0.3671573453461756	0.9363682263085936	0.20020862473043285	0.40291668305448797	0.6328426546538244	0.7	0.1	0.7	0.2	0.0	0.8	0.1	10.0	0.1	0.5392403111157578	0.0	4.833456048483216	1.2627849439559378
ecf-471213	1.1155245300933243	1.0	1.6931471805599454	0.28297615150344435	0.272980996819919	0.32135847346457197	0.497512152051349	0.18723897540614878	0.272980996819919	0.32135847346457197	0.497512152051349	0.18723897540614878	0.27749944027122275	0.2503139845684622	0.9363682263085936	0.19659136592323634	0.28526729943803053	0.7496860154315378	0.6	0.0	0.6	0.0	0.1	0.4	0.1	10.0	0.1	0.34499905846781026	0.20935507483568594	3.7880882743339184	0.6274328376163798
ecf-199336	1.3972567287934932	1.3465735902799727	2.09861228866811	0.4449405632848265	0.664250830763037	0.6509768168738377	0.9126813362866741	0.17496897538297204	0.664250830763037	0.6509768168738377	0.9126813362866741	0.17496897538297204	0.3460185641522538	0.36402414442464	0.9363682263085936	0.19974765106035622	0.3526400268361716	0.6359758555753601	0.5	0.2	0.5	0.3	0.0	0.4	0.4	10.0	0.0	0.6106996153061329	0.0	4.833456048483216	1.1983312519912082
ecf-270516	1.2310490601866484	1.0	1.6931471805599454	0.35793966490390583	0.6521288686291281	0.6602760283757622	0.9126813362866741	0.15453920166338295	0.6521288686291281	0.6602760283757622	0.9126813362866741	0.15453920166338295	0.2765338492940382	0.24850492451158906	0.9363682263085936	0.19590821389065663	0.2976967433603276	0.7514950754884109	0.5	0.2	0.5	0.1	0.1	0.5	0.0	10.0	0.1	1.3281388513388526	0.0	5.393071836418638	1.727482374647765
ecf-274613	1.2599301927099795	1.0	1.6931471805599454	0.35873774764475586	0.7132027236488905	0.7086927351312952	1.0	0.23286384886465086	0.7132027236488905	0.7086927351312952	1.0	0.23286384886465086	0.3430141928662954	0.36402414442464	0.9363682263085936	0.2000475634351044	0.3140797781391975	0.6359758555753601	0.8	0.6	0.8	0.0	0.1	0.7	0.0	10.0	0.1	0.3184241408702779	0.0	3.321998544409319	0.8656521006209351
ecf-277176	1.468213122712422	1.3465735902799727	2.09861228866811	0.515268821692239	0.6825452626445575	0.6887436096095375	1.0	0.19169104442284057	0.6825452626445575	0.6887436096095375	1.0	0.19169104442284057	0.33461922008947936	0.34488143731331766	0.9363682263085936	0.19723840335272397	0.35524951757635964	0.6551185626866823	1.0	0.4	1.0	0.0	0.1	0.7	0.2	10.0	0.0	0.7048288053919437	0.0	4.9512390841395995	1.2354385771644147
ecf-146622	1.549306144334055	1.549306144334055	2.09861228866811	0.7768361992120935	0.7402306543137208	0.8179444967177688	1.0	0.23989318434537357	0.7402306543137208	0.8179444967177688	1.0	0.23989318434537357	0.3236181183310011	0.3186863330455167	0.9363682263085936	0.19786476451752802	0.2836902822170632	0.6813136669544833	0.2	0.1	0.2	0.0	0.0	0.1	0.1	10.0	0.1	0.8843283885514319	0.0	6.848359069025481	1.8433883035040122
ecf-198334	1.3960841031771116	1.6931471805599454	1.6931471805599454	0.37050275260909293	0.6314095855857492	0.6037212695615439	0.9126813362866741	0.22118257367531982	0.6314095855857492	0.6037212695615439	0.9126813362866741	0.22118257367531982	0.28004390141178864	0.24822339280218975	0.9363682263085936	0.19392111184689312	0.37964585248228294	0.7517766071978103	0.7	0.4	0.7	0.0	0.1	0.2	0.4	10.0	0.2	0.8157742570191996	0.0	5.056599599797425	1.2392838378879405
ecf-338107	3.099072047622567	2.9356005054539454	4.465735902799727	0.8860240336809714	0.7820483221640677	0.7998243682978533	1.0	0.17450880577904732	0.7820483221640677	0.7998243682978533	1.0	0.17450880577904732	0.27404654153254204	0.24744454926456894	0.9363682263085936	0.1975683833041673	0.2860742506788393	0.7525554507354311	0.6	0.1	0.6	0.0	0.0	0.6	0.0	10.0	0.0	1.408906377884342	0.0	6.5606769965737	2.142382645882072
ecf-265412	1.4540076900497065	1.6931471805599454	2.09861228866811	0.44822745791939417	0.5860904313969327	0.5610106063994929	0.9126813362866741	0.22203705150013978	0.5860904313969327	0.5610106063994929	0.9126813362866741	0.22203705150013978	0.2817189414171455	0.2520725995345577	0.9363682263085936	0.1954679246935493	0.2724948027841863	0.7479274004654424	0.4	0.0	0.4	0.3	0.0	0.3	0.4	10.0	0.3	0.9766939445381556	0.6927935112370724	4.6147668475183865	1.2321824824339072
ecf-265413	1.4540076900497065	1.6931471805599454	2.09861228866811	0.4482274579193943	0.6239866544561385	0.6191037311727879	0.9126813362866741	0.18195225662891046	0.6239866544561385	0.6191037311727879	0.9126813362866741	0.18195225662891046	0.2818445232621771	0.2514172816793744	0.9363682263085936	0.1954341566444508	0.34701178430732305	0.7485827183206256	0.6	0.2	0.6	0.1	0.2	0.4	0.1	10.0	0.2	1.361154476153162	1.1101751676519473	5.867529816013755	1.681960559030051
ecf-313029	1.2746530721670275	1.0	2.09861228866811	0.549306144334055	0.7036256203848574	0.7131679622113765	1.0	0.24450641856505298	0.7036256203848574	0.7131679622113765	1.0	0.24450641856505298	0.27553067559105304	0.2481759264822413	0.9363682263085936	0.19695581718452693	0.3784892080351848	0.7518240735177587	0.3	0.0	0.3	0.1	0.0	0.3	0.1	10.0	0.0	1.6367592195211997	1.2941083283402435	7.253824177133645	1.7918952594722304
ecf-199366	1.2772588722239782	1.0	1.6931471805599454	0.35793966490390583	0.5374687734098637	0.5402214129213078	0.9126813362866741	0.2335790798120484	0.5374687734098637	0.5402214129213078	0.9126813362866741	0.2335790798120484	0.33127871438796713	0.33097556767244074	0.9363682263085936	0.19660748587118757	0.30917137093887104	0.6690244323275593	0.9	0.2	0.9	0.1	0.2	0.8	0.0	10.0	0.1	0.7208290043677562	0.3336463781529507	4.258091903579654	1.098402484283541
ecf-183492	1.0	1.0	1.0	0.0	0.36240166952869723	0.3615106572000165	0.7232085562948732	0.2338844845272688	0.36240166952869723	0.3615106572000165	0.7232085562948732	0.2338844845272688	0.33374611832828505	0.332119051200209	0.9363682263085936	0.19746102442679953	0.3382851355216961	0.667880948799791	0.3333333333333333	0.0	0.3333333333333333	0.0	0.3333333333333333	0.0	0.0	6.0	0.0	0.5575697828994574	0.45644195563287854	2.6739717991298435	0.7820166801304556
ecf-196298	1.5480638923341992	1.6931471805599454	2.6094379124341005	0.5492733694679927	0.8217257342233178	0.8294282374700518	1.0	0.12059061126985228	0.8217257342233178	0.8294282374700518	1.0	0.12059061126985228	0.3261304538412879	0.32415166570859166	0.9363682263085936	0.19698108443989734	0.2269301702420572	0.6758483342914083	0.8	0.3	0.8	0.2	0.1	0.8	0.1	10.0	0.0	1.387888393606089	0.0	6.848359069025481	2.3913611358516778
ecf-195275	2.242453324894	2.242453324894	3.4849066497880004	1.7570943426806402	0.7855115957692536	0.8253631221551779	0.9126813362866741	0.13138531718456742	0.7855115957692536	0.8253631221551779	0.9126813362866741	0.13138531718456742	0.3198328356748468	0.31641510057240385	0.9363682263085936	0.19759266511464352	0.3256973692874889	0.6835848994275961	0.2	0.0	0.2	0.0	0.0	0.2	0.0	10.0	0.1	2.743309809957597	3.5043201012032736	6.5606769965737	2.606384937779322
ecf-259273	1.657186921503473	1.6931471805599454	2.09861228866811	0.3010718580481833	0.6458235181880106	0.5439916914900883	0.9126813362866741	0.19216624904627388	0.6458235181880106	0.5439916914900883	0.9126813362866741	0.19216624904627388	0.3249599646184611	0.3233809162659772	0.9363682263085936	0.19710359604336025	0.32747719870706904	0.6766190837340228	0.7	0.1	0.7	0.1	0.0	0.1	0.7	10.0	0.0	1.5959099976734232	0.17295628044286307	7.253824177133645	1.8939537134870763
ecf-278222	1.3960841031771116	1.6931471805599454	1.6931471805599454	0.37050275260909293	0.41024485965209584	0.3503574143241501	0.9126813362866741	0.28432260454457264	0.41024485965209584	0.3503574143241501	0.9126813362866741	0.28432260454457264	0.27629982602153225	0.24827085912213817	0.9363682263085936	0.196931008277499	0.3218778633995185	0.7517291408778618	0.5	0.1	0.5	0.2	0.1	0.2	0.4	10.0	0.1	0.5088856780730538	0.3177074365103452	2.6692732783482893	0.7320732308935951
ecf-202958	1.4158883083359672	1.0	2.386294361119891	0.5845130251449102	0.6568566611063292	0.6366786487856922	1.0	0.24270205327022198	0.6568566611063292	0.6366786487856922	1.0	0.24270205327022198	0.3269844438047633	0.3267819964345201	0.9363682263085936	0.19721466565773657	0.32082047418554366	0.6732180035654799	0.8	0.3	0.8	0.2	0.3	0.4	0.3	10.0	0.0	0.7476194875916063	0.0	4.258091903579654	1.222796259962682
ecf-286934	1.5538520998554142	1.0	2.9459101490553135	0.8471299554182986	0.5893266240779705	0.5542272945354618	0.9126813362866741	0.2487931600758759	0.5893266240779705	0.5542272945354618	0.9126813362866741	0.2487931600758759	0.3254730873273289	0.3192908354153312	0.9363682263085936	0.1960131299164213	0.29881856764411485	0.6807091645846688	0.7	0.2	0.7	0.1	0.0	0.6	0.2	10.0	0.1	0.37348821406994004	0.0	1.9555068105856082	0.5831578005359176
ecf-497876	1.1155245300933243	1.0	1.6931471805599454	0.2829761515034443	0.5610037097437465	0.5684758831441772	0.7742856144405287	0.14268555458215196	0.5610037097437465	0.5684758831441772	0.7742856144405287	0.14268555458215196	0.27915285491882935	0.2523079825177018	0.9363682263085936	0.19704080399266674	0.3143247676590143	0.7476920174822982	0.6	0.2	0.6	0.0	0.2	0.4	0.0	10.0	0.0	1.3697456134094579	0.9899498374085353	4.9512390841395995	1.4266364885108238
ecf-255191	1.2761007388653334	1.0	2.09861228866811	0.4303734463566407	0.7607347579874073	0.8113081090501363	0.9126813362866741	0.1736485647873445	0.7607347579874073	0.8113081090501363	0.9126813362866741	0.1736485647873445	0.2776250676004743	0.2481759264822413	0.9363682263085936	0.1945423722121443	0.30346160569366365	0.7518240735177587	0.9	0.3	0.9	0.0	0.0	0.8	0.1	10.0	0.1	0.6225181316128475	0.0	5.46206470790559	1.4696171305474126
ecf-254687	3.9540414690844656	3.9540414690844656	4.13549421592915	0.2566129355176043	0.7818594594984615	0.7998243682978533	1.0	0.14887780141446944	0.7818594594984615	0.7998243682978533	1.0	0.14887780141446944	0.31408500283465535	0.31105657479859394	0.9363682263085936	0.1969828107209944	0.32108043223209787	0.6889434252014061	0.2	0.1	0.2	0.0	0.0	0.2	0.0	10.0	0.0	0.8808035122514314	0.0	6.001061208638277	1.8162955667965746
ecf-267481	1.7167037876912221	2.09861228866811	2.386294361119891	0.6647158003318503	0.5354785193129984	0.5047362216547545	1.0	0.26545415448600557	0.5354785193129984	0.5047362216547545	1.0	0.26545415448600557	0.28270259154170624	0.2523079825177018	0.9363682263085936	0.19564056026607637	0.2807932133201233	0.7476920174822982	0.4	0.0	0.4	0.1	0.0	0.3	0.2	10.0	0.2	0.5822329550481642	0.0	5.46206470790559	1.024244993916987
ecf-337624	2.1090354888959126	1.6931471805599454	3.0794415416798357	0.6199696856577434	0.7390719108125074	0.6869691985882167	1.0	0.16058046189766598	0.7390719108125074	0.6869691985882167	1.0	0.16058046189766598	0.2800151702797256	0.2503139845684622	0.9363682263085936	0.19554550738795576	0.3340976517531296	0.7496860154315378	0.5	0.0	0.5	0.0	0.0	0.3	0.2	10.0	0.0	1.3476271699384876	0.0	5.46206470790559	2.052683812057473
ecf-343780	2.8535605436718425	3.302585092994046	3.5649493574615367	1.0134733009723984	0.5948193552831461	0.5822794179569952	0.9126813362866741	0.23953987822302533	0.5948193552831461	0.5822794179569952	0.9126813362866741	0.23953987822302533	0.2975703130062197	0.279167893804416	0.9363682263085936	0.1985514179225066	0.3237075604307444	0.720832106195584	0.3	0.2	0.3	0.0	0.0	0.3	0.0	10.0	0.3	1.9105498619643864	1.7829550453874587	6.5606769965737	1.8040173999121152
ecf-273135	1.0	1.0	1.0	0.0	0.5567571630990723	0.5261684226096393	0.9126813362866741	0.2197601436834053	0.5567571630990723	0.5261684226096393	0.9126813362866741	0.2197601436834053	0.2824198372291755	0.2520725995345577	0.9363682263085936	0.19572339637390487	0.2916389424623167	0.7479274004654424	0.7	0.4	0.7	0.0	0.3	0.4	0.0	10.0	0.1	0.4997971981478858	0.0	3.7573166156671647	0.860683538300696
ecf-337643	1.4540076900497065	1.0	2.386294361119891	0.600881734347353	0.7599718958883385	0.8113087834084403	1.0	0.23905523166577178	0.7599718958883385	0.8113087834084403	1.0	0.23905523166577178	0.27448125566451703	0.24766274528992593	0.9363682263085936	0.19748972809111542	0.30001784682664706	0.7523372547100741	0.7	0.1	0.7	0.0	0.0	0.7	0.0	10.0	0.0	2.393346357152176	2.3454889525421097	7.946971357693591	2.36381697305527
ecf-195824	1.2746530721670275	1.0	2.09861228866811	0.549306144334055	0.7103410888998162	0.7676494515589974	0.9126813362866741	0.16824553318175725	0.7103410888998162	0.7676494515589974	0.9126813362866741	0.16824553318175725	0.28030955245408923	0.24822339280218975	0.9363682263085936	0.19406954957659997	0.2709684040787566	0.7517766071978103	0.4	0.2	0.4	0.0	0.0	0.4	0.0	10.0	0.2	1.356988237345735	0.0	5.867529816013755	1.6847405506783433
ecf-478452	1.0	1.0	1.0	0.0	0.5655953455298378	0.529166055747774	0.9126813362866741	0.2692098535615498	0.5655953455298378	0.529166055747774	0.9126813362866741	0.2692098535615498	0.27880190673626537	0.25096309692324886	0.9363682263085936	0.19734922470748856	0.3397037720200584	0.7490369030767512	0.5555555555555556	0.0	0.5555555555555556	0.0	0.1111111111111111	0.4444444444444444	0.0	9.0	0.3333333333333333	0.8115880199448224	0.1500421110532374	5.867529816013755	1.573294144330126
ecf-192756	1.2484906649788001	1.0	2.09861228866811	0.41504737116956814	0.6334463318348472	0.599437826758392	0.9126813362866741	0.17325580015778233	0.6334463318348472	0.599437826758392	0.9126813362866741	0.17325580015778233	0.32508392537177744	0.3192908354153312	0.9363682263085936	0.19612015686006917	0.3285431737264099	0.6807091645846688	0.8	0.3	0.8	0.2	0.1	0.6	0.3	10.0	0.0	1.082917251313547	0.1301513919290377	4.258091903579654	1.3107492543319055
ecf-273138	1.549306144334055	1.549306144334055	2.09861228866811	0.7768361992120935	0.7170948008741915	0.7817044646640391	0.9126813362866741	0.19038717253372453	0.7170948008741915	0.7817044646640391	0.9126813362866741	0.19038717253372453	0.28547329224318974	0.2571032131086107	0.9363682263085936	0.19512207352988312	0.3562771261922703	0.7428967868913894	0.1	0.1	0.1	0.1	0.0	0.2	0.0	10.0	0.0	1.3877324389453978	0.0	6.155211888465535	2.1383000903294054
ecf-414448	1.2310490601866484	1.0	1.6931471805599454	0.35793966490390583	0.47412215473847136	0.4717198916199195	0.6869691985882167	0.09440482197630098	0.47412215473847136	0.4717198916199195	0.6869691985882167	0.09440482197630098	0.2771031484818836	0.2490514220261062	0.9363682263085936	0.1972016041780563	0.3335277415466333	0.7509485779738938	0.5	0.4	0.5	0.1	0.0	0.4	0.2	10.0	0.2	1.3691076951007557	1.2231389168723816	3.6294832441572797	0.9355639556364678
ecf-342782	1.2970630773828338	1.0	2.386294361119891	0.5453652852266224	0.5195967124230835	0.45415971225701546	1.0	0.3047484392166242	0.5195967124230835	0.45415971225701546	1.0	0.3047484392166242	0.3252279063024585	0.3185080999200963	0.9363682263085936	0.19813605775692622	0.32551585172679776	0.6814919000799037	0.5	0.1	0.5	0.2	0.2	0.4	0.1	10.0	0.0	0.7773774461949544	0.549884318026602	3.1159945029718057	0.9452037174967666
ecf-256767	1.138629436111989	1.0	1.6931471805599454	0.30998484282887173	0.77271273632568	0.7998243682978533	1.0	0.20387559764706237	0.77271273632568	0.7998243682978533	1.0	0.20387559764706237	0.2776385677367117	0.24877479531807922	0.9363682263085936	0.19584959152283477	0.33712831856895503	0.7512252046819208	0.3	0.1	0.3	0.2	0.2	0.2	0.1	10.0	0.0	1.617135393650799	0.0	7.253824177133645	2.424770760348146
ecf-242950	1.1732867951399863	1.0	1.6931471805599454	0.3465735902799727	0.7922125390838721	0.8253631221551779	1.0	0.1412136213217038	0.7922125390838721	0.8253631221551779	1.0	0.1412136213217038	0.2771983367884831	0.2481759264822413	0.9363682263085936	0.194318810988752	0.31879309181694027	0.7518240735177587	0.4	0.3	0.4	0.0	0.0	0.3	0.1	10.0	0.2	1.7813464586936028	0.0	7.253824177133645	2.578571892618757
ecf-264963	2.85599788051598	2.90333124488516	3.995732273553991	0.8568710286789006	0.6003340999075003	0.485407334990367	1.0	0.24084350496955276	0.6003340999075003	0.485407334990367	1.0	0.24084350496955276	0.2873838577312403	0.26210987112727924	0.9363682263085936	0.19649923772244932	0.3577046496862537	0.7378901288727208	0.7	0.2	0.7	0.1	0.0	0.8	0.0	10.0	0.0	0.41226850385791625	0.0	3.3620038790230184	1.081896640122365
ecf-275722	1.199084385469784	1.0	2.09861228866811	0.40784351194573565	0.43541673517904883	0.4812732355865145	0.9126813362866741	0.3250174916507357	0.43541673517904883	0.4812732355865145	0.9126813362866741	0.3250174916507357	0.395109630352691	0.3936665052692614	0.9363682263085936	0.2241124404938089	0.30493511226238984	0.6063334947307386	0.7	0.2	0.7	0.2	0.0	0.8	0.1	10.0	0.0	0.041544938847878556	0.0	2.93300827350466	0.6675752857489107
ecf-236812	1.462098120373297	1.6931471805599454	1.6931471805599454	0.4001887112843146	0.4693450485631554	0.4200097304909167	0.8253631221551779	0.18407717297466916	0.4693450485631554	0.4200097304909167	0.8253631221551779	0.18407717297466916	0.27843940221127567	0.2485228272201087	0.9363682263085936	0.19459264032598336	0.2494198938789766	0.7514771727798912	0.3	0.1	0.3	0.0	0.0	0.1	0.2	10.0	0.2	1.1105676324622669	0.910383206868485	5.867529816013755	1.377719657946334
ecf-486675	1.2310490601866484	1.0	1.6931471805599454	0.35793966490390583	0.5333223754809581	0.5192747049037909	0.9126813362866741	0.17793884962038514	0.5333223754809581	0.5192747049037909	0.9126813362866741	0.17793884962038514	0.28051805226550514	0.2541616046643393	0.9363682263085936	0.1984720966792373	0.30323460884903697	0.7458383953356607	0.5	0.1	0.5	0.1	0.1	0.3	0.2	10.0	0.0	0.8648772118078937	0.6594107173838665	3.5532486832565175	1.060416167041752
ecf-19733	1.5693293310448067	1.6931471805599454	2.9459101490553135	0.663103623696206	0.7428511421916597	0.7857693551928117	0.9126813362866741	0.1489813586863876	0.7428511421916597	0.7857693551928117	0.9126813362866741	0.1489813586863876	0.347729466573241	0.35699874312354074	0.9363682263085936	0.20532944344674228	0.3462384047006859	0.6430012568764593	0.8	0.5	0.8	0.1	0.0	0.6	0.3	10.0	0.0	0.5538166260881117	0.0	4.855928904335275	1.2023924230093628
ecf-208667	1.519860385419959	1.6931471805599454	1.6931471805599454	0.3465735902799727	0.6404577215459677	0.6599899210874783	0.8616033789950089	0.17417755345412414	0.6404577215459677	0.6599899210874783	0.8616033789950089	0.17417755345412414	0.27773695606912463	0.2481759264822413	0.9363682263085936	0.1934942601496565	0.30441542332879745	0.7518240735177587	0.2	0.0	0.2	0.2	0.0	0.3	0.1	10.0	0.1	1.3926279777472288	0.0	5.46206470790559	1.8639115794922176
ecf-411935	2.133732460554052	2.09861228866811	2.6094379124341005	0.45915383716636005	0.6812158014999168	0.7165723934125399	1.0	0.1608027607071142	0.6812158014999168	0.7165723934125399	1.0	0.1608027607071142	0.2936762086863926	0.2752676647497404	0.9363682263085936	0.1969985386683751	0.36846783120802834	0.7247323352502596	0.3	0.2	0.3	0.0	0.0	0.3	0.0	10.0	0.3	1.1925656904184483	0.0	6.001061208638277	1.9684936407848779
ecf-320799	1.2559656384611508	1.0	2.09861228866811	0.4525433898572623	0.6824680264453681	0.6638082851785279	0.9126813362866741	0.13257374274063632	0.6824680264453681	0.6638082851785279	0.9126813362866741	0.13257374274063632	0.279232409401446	0.2485228272201087	0.9363682263085936	0.19635039539030097	0.41160575200242044	0.7514771727798912	0.6	0.2	0.6	0.2	0.1	0.5	0.1	10.0	0.2	2.628762609711666	3.194921761561476	5.174382635453809	1.6008199464459858
ecf-240926	1.199084385469784	1.0	2.09861228866811	0.40784351194573554	0.6671343354631949	0.65172223889514	0.8253631221551779	0.11749138808183561	0.6671343354631949	0.65172223889514	0.8253631221551779	0.11749138808183561	0.34202546817392565	0.3507845985255827	0.9363682263085936	0.197798045707461	0.30272598148876095	0.6492154014744174	0.6	0.3	0.6	0.3	0.2	0.6	0.1	10.0	0.0	0.7507287136736437	0.0	3.6162380174072593	1.2680468061824466
ecf-310554	1.0	1.0	1.0	0.0	0.5718562486305235	0.47910468404245765	1.0	0.2610307742078529	0.5718562486305235	0.47910468404245765	1.0	0.2610307742078529	0.2761676457846659	0.2481759264822413	0.9363682263085936	0.1970754884675877	0.29787023379772004	0.7518240735177587	0.3	0.1	0.3	0.2	0.1	0.4	0.0	10.0	0.3	1.1798293511694313	0.9706232872458416	5.749746780357371	1.3728499851578881
ecf-236828	1.462098120373297	1.6931471805599454	1.6931471805599454	0.3465735902799727	0.3609629900835672	0.33390167828354683	0.7380458071729002	0.175749799988235	0.3609629900835672	0.33390167828354683	0.7380458071729002	0.175749799988235	0.3540915810000503	0.37029054626771124	0.9363682263085936	0.20303746566210215	0.29002148366588587	0.6297094537322887	0.7	0.1	0.7	0.2	0.1	0.4	0.4	10.0	0.3	0.7543874852047506	0.6545463485779117	2.2299436562873685	0.5978176981208349
ecf-319259	2.7309856169634035	2.791759469228055	3.302585092994046	0.6042828180814253	0.830935011696317	0.869022229220926	1.0	0.17061096346832366	0.830935011696317	0.869022229220926	1.0	0.17061096346832366	0.30739090353342446	0.30173699701043094	0.9363682263085936	0.19806057354171402	0.28831486379811694	0.6982630029895691	0.3	0.0	0.3	0.0	0.0	0.3	0.0	10.0	0.0	0.34611697572223193	0.0	5.46206470790559	1.3134833162135349
ecf-267035	0.0	0.0	0.0	0.0	0.7045012821872435	0.6934112552279803	0.9126813362866741	0.13425299375107147	0.0	0.0	0.0	0.0	0.2869953131606275	0.26210987112727924	0.9363682263085936	0.19540223853651345	0.30737438823219926	0.7378901288727208	0.0	0.0	0.0	0.0	0.0	0.0	0.0	10.0	0.2	1.1412657161547828	0.0	6.5606769965737	1.8934373199692323
ecf-328999	1.2772588722239782	1.0	1.6931471805599454	0.3796523464637884	0.5931638530031614	0.5831989587444496	0.9126813362866741	0.22082195678594685	0.5931638530031614	0.5831989587444496	0.9126813362866741	0.22082195678594685	0.27991871465427337	0.2485228272201087	0.9363682263085936	0.1963971905746082	0.3677520353423676	0.7514771727798912	0.5	0.2	0.5	0.1	0.0	0.4	0.1	10.0	0.2	1.786864635888442	1.929189502268235	6.155211888465535	1.480948543163253
ecf-328998	1.2772588722239782	1.0	1.6931471805599454	0.3796523464637884	0.6777352851042673	0.7817044646640391	0.9126813362866741	0.24616091641394577	0.6777352851042673	0.7817044646640391	0.9126813362866741	0.24616091641394577	0.2799642779736149	0.24827085912213817	0.9363682263085936	0.19652921928496228	0.26360289101611395	0.7517291408778618	0.4	0.0	0.4	0.2	0.0	0.3	0.2	10.0	0.4	1.6664629638760438	1.347554476088895	7.253824177133645	1.9312277555643127
ecf-411936	3.7403194616709956	3.7403194616709956	4.178053830347945	0.6190498808997668	0.8478192884107055	0.8871423576408415	1.0	0.16824400913949847	0.8478192884107055	0.8871423576408415	1.0	0.16824400913949847	0.291609103062678	0.27269850120142236	0.9363682263085936	0.19724748703263648	0.3303751639789474	0.7273014987985776	0.2	0.1	0.2	0.0	0.0	0.2	0.0	10.0	0.2	1.6252875900107007	0.0	7.946971357693591	2.642526353645112
ecf-269612	1.0990210257942779	1.0	1.6931471805599454	0.26198500881817144	0.6585540635498801	0.6638094090248067	0.8616033789950089	0.1745903427986489	0.6585540635498801	0.6638094090248067	0.8616033789950089	0.1745903427986489	0.35203618223114713	0.3636185160730694	0.9363682263085936	0.20177751449888917	0.2842942106236983	0.6363814839269306	0.7	0.2	0.7	0.1	0.0	0.6	0.1	10.0	0.0	1.3286455561158084	0.08332009224493891	5.46206470790559	1.719117263144869
ecf-266539	1.138629436111989	1.0	1.6931471805599454	0.2922565125724551	0.5999132650506873	0.5596002306038126	1.0	0.2252624363076802	0.5999132650506873	0.5596002306038126	1.0	0.2252624363076802	0.34730196122561935	0.37029054626771124	0.9363682263085936	0.19769339326396168	0.3115989974694522	0.6297094537322887	0.9	0.2	0.9	0.1	0.1	0.9	0.0	10.0	0.1	0.41214720486658407	0.0	3.1762867332279257	0.8931073605827353
ecf-234803	1.138629436111989	1.0	1.6931471805599454	0.30998484282887173	0.3824939430399591	0.3624815309654019	0.5996554800102895	0.1647772654803473	0.3824939430399591	0.3624815309654019	0.5996554800102895	0.1647772654803473	0.3488973358585054	0.3707949846131654	0.9363682263085936	0.1975461566609977	0.2815819353660844	0.6292050153868346	0.4	0.2	0.4	0.1	0.1	0.3	0.1	10.0	0.1	0.60194144734078	0.37910875222970825	3.412382605877588	0.8530102916852682
ecf-273718	1.3465735902799727	1.0	2.386294361119891	0.6931471805599454	0.8781802374043802	0.8871423576408415	1.0	0.13019173595329026	0.8781802374043802	0.8871423576408415	1.0	0.13019173595329026	0.27580756388694894	0.24827085912213817	0.9363682263085936	0.1956273399535337	0.4476558576845493	0.7517291408778618	0.4	0.2	0.4	0.0	0.2	0.2	0.0	10.0	0.1	2.772331237135436	0.0	7.253824177133645	3.042973886511453
ecf-207670	1.2599301927099795	1.0	1.6931471805599454	0.35873774764475586	0.8811379098207227	0.9126813362866741	1.0	0.1697183323250277	0.8811379098207227	0.9126813362866741	1.0	0.1697183323250277	0.27782883370555184	0.24788633807506077	0.9363682263085936	0.19425017397220443	0.3276250554890062	0.7521136619249392	0.7	0.0	0.7	0.1	0.0	0.8	0.0	10.0	0.2	0.46128153112341724	0.0	5.867529816013755	1.4040267658357823
ecf-265010	3.014791795597192	3.1972245773362196	3.9444389791664403	0.7633888212466814	0.6498607649214609	0.5002262418463533	1.0	0.25317367524218837	0.6498607649214609	0.5002262418463533	1.0	0.25317367524218837	0.3127016413161348	0.3100562062431195	0.9363682263085936	0.19808325850561015	0.3083888302846352	0.6899437937568804	0.7	0.2	0.7	0.0	0.0	0.6	0.1	10.0	0.0	0.45096059545802014	0.0	7.253824177133645	1.4510251678452857
ecf-341820	1.3465735902799727	1.3465735902799727	1.6931471805599454	0.49012907173427367	0.5406611205742453	0.5148567218819722	1.0	0.2389796372182577	0.5406611205742453	0.5148567218819722	1.0	0.2389796372182577	0.27526864232418236	0.24822339280218975	0.9363682263085936	0.19724597576670255	0.2985907969570721	0.7517766071978103	0.1	0.1	0.1	0.1	0.1	0.0	0.1	10.0	0.3	0.8830147229304266	0.40680513333934054	4.512984153208444	1.2183119843951822
ecf-464701	1.414151108298	1.3465735902799727	2.09861228866811	0.47722702053052585	0.8133741683027594	0.8337741456350458	1.0	0.18930372102455292	0.8133741683027594	0.8337741456350458	1.0	0.18930372102455292	0.2782773791924558	0.2489131086720927	0.9363682263085936	0.1958324122099221	0.3105815144434821	0.7510868913279073	0.4	0.3	0.4	0.2	0.0	0.6	0.0	10.0	0.0	0.48879288051634734	0.0	5.46206470790559	1.3025876680816373
ecf-261438	1.549306144334055	1.549306144334055	2.09861228866811	0.601734732455901	0.8939344260130868	1.0	1.0	0.172735272157329	0.8939344260130868	1.0	1.0	0.172735272157329	0.27574170441288925	0.24827085912213817	0.9363682263085936	0.1963719496557605	0.32527935623424625	0.7517291408778618	0.6	0.4	0.6	0.1	0.1	0.5	0.0	10.0	0.0	6.278414459291183	6.848359069025481	7.946971357693591	1.7122286629963805
ecf-327994	1.4839001263634866	1.3465735902799727	2.386294361119891	0.5626966178228608	0.7383330351023217	0.6772600936385427	1.0	0.22994458761314757	0.7383330351023217	0.6772600936385427	1.0	0.22994458761314757	0.27515288170406577	0.24795233369710645	0.9363682263085936	0.19742032986791477	0.2845756517090824	0.7520476663028935	0.8	0.4	0.8	0.0	0.0	0.5	0.3	10.0	0.3	0.4951566027401915	0.0	5.307914028078332	1.2780044980655896
ecf-348487	3.481801019788361	3.5375869076169133	3.772588722239781	0.347911135126228	0.8202942722970057	0.7998243682978533	1.0	0.14192093994163124	0.8202942722970057	0.7998243682978533	1.0	0.14192093994163124	0.2949920199967992	0.27793969019918396	0.9363682263085936	0.19820122168734153	0.3091747242841211	0.722060309800816	0.4	0.2	0.4	0.0	0.0	0.4	0.0	10.0	0.2	0.19352345999570583	0.0	5.644386264699545	0.9482390473636123
ecf-302407	1.2970630773828338	1.0	1.6931471805599454	0.37050275260909293	0.6693869399729045	0.6722186343073113	0.9126813362866741	0.1996956288164603	0.6693869399729045	0.6722186343073113	0.9126813362866741	0.1996956288164603	0.2790643619826421	0.24877479531807922	0.9363682263085936	0.19585132561807128	0.3584599418590473	0.7512252046819208	0.6	0.2	0.6	0.1	0.2	0.5	0.0	10.0	0.1	1.0914038397077759	0.0	4.075770346785699	1.3169618016120705
ecf-496963	1.5972531564093517	1.6931471805599454	2.09861228866811	0.5555483670248628	0.5252282787205367	0.4466493829486031	1.0	0.26062685781876543	0.5252282787205367	0.4466493829486031	1.0	0.26062685781876543	0.2788946125002808	0.2515178482289033	0.9363682263085936	0.1972959667137758	0.31826731707793965	0.7484821517710967	0.3	0.1	0.3	0.0	0.0	0.1	0.2	10.0	0.3	1.7332241241064714	1.3277318319118117	7.253824177133645	1.7249953940661513
ecf-147269	2.0593512767826487	1.6931471805599454	2.791759469228055	0.6342841005975639	0.7622013801469617	0.7972530959450946	1.0	0.15206125760346542	0.7622013801469617	0.7972530959450946	1.0	0.15206125760346542	0.2899809730294095	0.265119756317987	0.9363682263085936	0.1963927458753319	0.32588659321281505	0.734880243682013	0.3	0.1	0.3	0.2	0.0	0.3	0.0	10.0	0.0	0.921005838231531	0.0	5.490235584872287	1.6423414119104733
ecf-265551	1.2599301927099795	1.0	1.6931471805599454	0.35873774764475586	0.7876642293141791	0.748747085367701	1.0	0.14307575332388683	0.7876642293141791	0.748747085367701	1.0	0.14307575332388683	0.28186124469346024	0.2523079825177018	0.9363682263085936	0.1950048755347667	0.31755294521824595	0.7476920174822982	0.7	0.5	0.7	0.1	0.1	0.6	0.1	10.0	0.4	1.0844066058056576	0.0	5.749746780357371	1.997069952496947
ecf-339790	1.0990210257942779	1.0	1.6931471805599454	0.2619850088181714	0.43592707433104577	0.40406149736011265	0.8616033789950089	0.22182008430968983	0.43592707433104577	0.40406149736011265	0.8616033789950089	0.22182008430968983	0.2749233857435501	0.2481759264822413	0.9363682263085936	0.1971270423362486	0.26201214242279364	0.7518240735177587	0.6	0.1	0.6	0.1	0.4	0.2	0.1	10.0	0.4	0.7001205209816833	0.42120303766054173	5.056599599797425	1.112765960626078
ecf-299849	0.0	0.0	0.0	0.0	0.845167927763212	0.869022229220926	1.0	0.17272997779908775	0.0	0.0	0.0	0.0	0.2798486096199576	0.24953980007927462	0.9363682263085936	0.19609137025552645	0.26087342123336177	0.7504601999207254	0.0	0.0	0.0	0.0	0.0	0.0	0.0	10.0	0.1	2.546158049309551	0.0	7.946971357693591	3.0333006111239
ecf-321354	1.4276666119016057	1.3465735902799727	2.09861228866811	0.47449032937408914	0.7156997120693593	0.7390377556391454	0.9126813362866741	0.1789230064899487	0.7156997120693593	0.7390377556391454	0.9126813362866741	0.1789230064899487	0.32404224917052105	0.31989533778514573	0.9363682263085936	0.19662586623489495	0.27470399881104307	0.6801046622148543	1.0	0.4	1.0	0.0	0.1	0.6	0.3	10.0	0.0	0.49650064598949917	0.0	6.001061208638277	1.2961475260009476
ecf-259917	2.023862553844603	2.09861228866811	2.386294361119891	0.24914929346451117	0.6445975775358397	0.5958380149369087	0.9126813362866741	0.1684800296248208	0.6445975775358397	0.5958380149369087	0.9126813362866741	0.1684800296248208	0.28149427737047916	0.2514172816793744	0.9363682263085936	0.19579317900066598	0.4107594450851995	0.7485827183206256	0.7	0.3	0.7	0.1	0.0	0.7	0.0	10.0	0.1	1.5511629813249248	1.0645338866957432	6.5606769965737	1.6905126529814245
ecf-134483	1.2310490601866484	1.0	1.6931471805599454	0.4001887112843146	0.6527920713400547	0.6979299943329438	1.0	0.22076751976718328	0.6527920713400547	0.6979299943329438	1.0	0.22076751976718328	0.28255039917470304	0.2514172816793744	0.9363682263085936	0.1952442284783303	0.28600093009436045	0.7485827183206256	0.3	0.1	0.3	0.1	0.1	0.2	0.0	10.0	0.1	0.6204975944880513	0.0	3.7725840877979535	1.113503509375299
ecf-233808	1.4969813299576002	1.6931471805599454	2.09861228866811	0.4829344616552179	0.5237568075775322	0.48251718170996283	0.9126813362866741	0.252689721753426	0.5237568075775322	0.48251718170996283	0.9126813362866741	0.252689721753426	0.27724051224963475	0.2481759264822413	0.9363682263085936	0.19412844683804406	0.30891306095303356	0.7518240735177587	0.5	0.1	0.5	0.0	0.0	0.2	0.3	10.0	0.2	1.6701358469211491	1.3566703094969044	6.5606769965737	1.7312393896936598
ecf-256853	1.1155245300933243	1.0	1.6931471805599454	0.2829761515034443	0.6229795074734978	0.5803992814213663	1.0	0.2571353306789154	0.6229795074734978	0.5803992814213663	1.0	0.2571353306789154	0.2800737540349388	0.25065514535879385	0.9363682263085936	0.19586745533760375	0.28644998297872876	0.7493448546412061	0.5	0.2	0.5	0.1	0.1	0.4	0.1	10.0	0.2	1.6083981206523212	1.285116617148279	7.946971357693591	1.828353303929626
ecf-328542	1.1732867951399863	1.0	1.6931471805599454	0.3465735902799727	0.698577715738852	0.748747085367701	1.0	0.2012068191096609	0.698577715738852	0.748747085367701	1.0	0.2012068191096609	0.27896049349742547	0.24827085912213817	0.9363682263085936	0.19604954696025642	0.3427446702011777	0.7517291408778618	0.4	0.2	0.4	0.1	0.0	0.3	0.1	10.0	0.0	1.3792465994303336	0.0	5.749746780357371	1.6926822309874998
ecf-329054	1.7742402021815784	1.6931471805599454	2.386294361119891	0.5225963047494059	0.5696011451292797	0.58303279063681	0.8253631221551779	0.171910931256121	0.5696011451292797	0.58303279063681	0.8253631221551779	0.171910931256121	0.28000168004902226	0.2489131086720927	0.9363682263085936	0.19617810893731932	0.26722307080001423	0.7510868913279073	0.4	0.1	0.4	0.1	0.0	0.2	0.3	10.0	0.3	1.336890329618073	1.070706745802824	5.579847743561974	1.4777528345108697
ecf-224095	1.0990210257942779	1.0	1.6931471805599454	0.2619850088181714	0.5924194494355051	0.6032561908494414	0.8616033789950089	0.20962843060455452	0.5924194494355051	0.6032561908494414	0.8616033789950089	0.20962843060455452	0.27719600432837566	0.2481759264822413	0.9363682263085936	0.19394789517624758	0.29438347489788996	0.7518240735177587	0.7	0.2	0.7	0.0	0.1	0.5	0.1	10.0	0.3	0.523416624161509	0.0	4.768917527345645	1.1266146203277392
ecf-339291	1.138629436111989	1.0	1.6931471805599454	0.30998484282887173	0.5116298448086675	0.5374449733099241	0.7972530959450946	0.24762058138054252	0.5116298448086675	0.5374449733099241	0.7972530959450946	0.24762058138054252	0.2740918186223992	0.24744454926456894	0.9363682263085936	0.1971917064585029	0.34194348327481133	0.7525554507354311	0.4	0.1	0.4	0.1	0.1	0.3	0.1	10.0	0.5	0.8023727679045943	0.38480972646793865	5.867529816013755	1.2653141255139624
ecf-473443	1.0	1.0	1.0	0.0	0.5213964021891352	0.500703193831892	0.9126813362866741	0.21437414316013517	0.5213964021891352	0.500703193831892	0.9126813362866741	0.21437414316013517	0.27706061246971747	0.25002817813244305	0.9363682263085936	0.19678172945002342	0.2788121759219295	0.749971821867557	0.5	0.1	0.5	0.2	0.1	0.6	0.0	10.0	0.1	0.8369292316075566	0.2417088828272652	4.283409711563944	1.1870261258792896
ecf-234342	1.1155245300933243	1.0	1.6931471805599454	0.2829761515034443	0.6520380733437156	0.7817044646640391	0.9126813362866741	0.2868615433089138	0.6520380733437156	0.7817044646640391	0.9126813362866741	0.2868615433089138	0.27833694993679875	0.25002817813244305	0.9363682263085936	0.1958369482878691	0.2959079446117823	0.749971821867557	0.6	0.3	0.6	0.0	0.0	0.6	0.0	10.0	0.5	0.8935945024993469	0.0	5.174382635453809	1.1765557837086362
ecf-258916	1.4992887122589986	1.3465735902799727	2.6094379124341005	0.6411647389994469	0.6036611446960632	0.546856901534373	1.0	0.1825450343360464	0.6036611446960632	0.546856901534373	1.0	0.1825450343360464	0.3273146736438513	0.32466684590611095	0.9363682263085936	0.19542957214676615	0.4016453092799561	0.675333154093889	0.4	0.0	0.4	0.2	0.0	0.6	0.0	10.0	0.0	1.5475871787235747	1.3183422647765997	4.768917527345645	1.4417015193684604
ecf-255347	1.1155245300933243	1.0	1.6931471805599454	0.2829761515034443	0.5228497271418866	0.5048082672786649	0.7742856144405287	0.157223503364433	0.5228497271418866	0.5048082672786649	0.7742856144405287	0.157223503364433	0.2786034468590257	0.24827085912213817	0.9363682263085936	0.19439734503442832	0.27951935299801434	0.7517291408778618	0.3	0.1	0.3	0.3	0.2	0.3	0.1	10.0	0.0	1.1018785282643364	1.1346262635161115	2.9492394684332424	0.9099885360628959
ecf-254833	1.3465735902799727	1.3465735902799727	1.6931471805599454	0.37050275260909293	0.5276956145504506	0.47103546367165733	1.0	0.21729478845031833	0.5276956145504506	0.47103546367165733	1.0	0.21729478845031833	0.27787316060768896	0.2481759264822413	0.9363682263085936	0.1946233612504634	0.31693744935837687	0.7518240735177587	0.8	0.4	0.8	0.2	0.1	0.6	0.1	10.0	0.0	0.7802276169749992	0.42403043962121995	3.412382605877588	1.0037277104801647
ecf-385395	2.245889872761123	2.791759469228055	2.9459101490553135	1.0817216783023933	0.7278377075081373	0.7464563810781589	0.9126813362866741	0.114451330049899	0.7278377075081373	0.7464563810781589	0.9126813362866741	0.114451330049899	0.2940313637613578	0.27693904363574695	0.9363682263085936	0.19764953301935137	0.491906528490115	0.723060956364253	0.3	0.1	0.3	0.0	0.0	0.3	0.0	10.0	0.2	1.2935763830832623	0.0	6.001061208638277	2.0910304594091356
ecf-229237	1.8047189562170503	1.8047189562170503	2.6094379124341005	1.1380444617808734	0.6657131490391571	0.6678731757121136	1.0	0.19835222290376572	0.6657131490391571	0.6678731757121136	1.0	0.19835222290376572	0.2766870782662415	0.2481759264822413	0.9363682263085936	0.19349883578919852	0.3350727864118324	0.7518240735177587	0.2	0.2	0.2	0.0	0.1	0.1	0.0	10.0	0.4	2.799408301031903	2.9363360635973343	6.001061208638277	1.7458974783584484
ecf-238970	1.0990210257942779	1.0	1.6931471805599454	0.2619850088181714	0.7865954680029565	0.8253631221551779	1.0	0.17482307617119133	0.7865954680029565	0.8253631221551779	1.0	0.17482307617119133	0.3225817384712318	0.3172782596295237	0.9363682263085936	0.19595854445138433	0.342114053025508	0.6827217403704763	0.7	0.3	0.7	0.0	0.1	0.6	0.0	10.0	0.0	0.6356070458041988	0.0	5.867529816013755	1.4755156891306531
ecf-369023	1.6931471805599454	1.6931471805599454	2.386294361119891	0.43838476885868266	0.7225056928972312	0.7901150385692978	1.0	0.22766436833365208	0.7225056928972312	0.7901150385692978	1.0	0.22766436833365208	0.27990999855993765	0.2503139845684622	0.9363682263085936	0.1955223393895508	0.35329843925820154	0.7496860154315378	0.4	0.2	0.4	0.2	0.0	0.4	0.2	10.0	0.0	1.0242526165692354	0.0	6.001061208638277	1.573680382499918
ecf-418684	1.3465735902799727	1.3465735902799727	1.6931471805599454	0.49012907173427367	0.6188372477744122	0.7535946632376506	1.0	0.33598352359183564	0.6188372477744122	0.7535946632376506	1.0	0.33598352359183564	0.27926582840165265	0.2503139845684622	0.9363682263085936	0.19546892744409614	0.3449028901543931	0.7496860154315378	0.1	0.0	0.1	0.1	0.1	0.0	0.1	10.0	0.4	1.0477529490523783	0.24622356318179175	7.253824177133645	1.677909188982059
ecf-255352	1.519860385419959	1.6931471805599454	1.6931471805599454	0.3465735902799727	0.6137937641869393	0.5149989060507026	1.0	0.2596501937413694	0.6137937641869393	0.5149989060507026	1.0	0.2596501937413694	0.27858899328436865	0.2485228272201087	0.9363682263085936	0.19464968452244685	0.3235789340531997	0.7514771727798912	0.4	0.0	0.4	0.0	0.0	0.1	0.3	10.0	0.2	2.099893701002949	2.049549501310773	6.5606769965737	1.7043534969714522
ecf-221053	1.8283022165960003	1.6931471805599454	2.09861228866811	0.23409538931324955	0.6170765738547265	0.6420133587139196	1.0	0.2646379190655118	0.6170765738547265	0.6420133587139196	1.0	0.2646379190655118	0.2774393513430919	0.24822339280218975	0.9363682263085936	0.19337098209025627	0.279453344899939	0.7517766071978103	0.3	0.1	0.3	0.0	0.0	0.2	0.1	10.0	0.2	1.3280052761062267	0.948005198658069	5.307914028078332	1.4382220432194412
ecf-198012	1.4301334456564323	1.6931471805599454	2.09861228866811	0.4277306376148009	0.48599291183432053	0.5060118840083125	0.7972530959450946	0.1781441971368509	0.48599291183432053	0.5060118840083125	0.7972530959450946	0.1781441971368509	0.3259967142354874	0.31989533778514573	0.9363682263085936	0.1970117669790067	0.2919989393301378	0.6801046622148543	0.8	0.1	0.8	0.1	0.0	0.7	0.2	10.0	0.1	0.7495754456411751	0.6361241547488447	4.6147668475183865	1.0018249897878413
ecf-266118	1.9134398205569987	2.039720770839918	2.791759469228055	0.7995903481739176	0.5505318807975024	0.4751372969682861	0.9126813362866741	0.21546170712436277	0.5505318807975024	0.4751372969682861	0.9126813362866741	0.21546170712436277	0.3135031995495747	0.31011912191090374	0.9363682263085936	0.19862136593522234	0.26571879730351033	0.6898808780890963	0.5	0.1	0.5	0.1	0.0	0.5	0.1	10.0	0.0	0.9586362760553834	0.7472930120024178	6.001061208638277	1.2670567945810074
ecf-238976	1.138629436111989	1.0	1.6931471805599454	0.29225651257245516	0.5800547666978528	0.5745581371005699	0.8616033789950089	0.18430434842350635	0.5800547666978528	0.5745581371005699	0.8616033789950089	0.18430434842350635	0.3624569052189296	0.3889585496449321	0.728531446560539	0.19236074941830814	0.3334343988744612	0.6110414503550678	0.9	0.4	0.9	0.1	0.0	0.9	0.1	10.0	0.1	0.9448239307036005	0.6327514702702053	5.46206470790559	1.211804155574525
ecf-193415	1.3106133312235002	1.0	2.09861228866811	0.44657583844482795	0.5564347720191537	0.5460123189882059	0.7099362305302065	0.11232143110890098	0.5564347720191537	0.5460123189882059	0.7099362305302065	0.11232143110890098	0.3610920985173595	0.387991234471296	0.728531446560539	0.1764069945826577	0.3551514310572769	0.612008765528704	0.6	0.2	0.6	0.2	0.2	0.3	0.3	10.0	0.1	1.4098003682710714	1.4894170806610092	3.658470781030532	1.019216764054113
ecf-257926	1.3465735902799727	1.3465735902799727	1.6931471805599454	0.49012907173427367	0.5131988592424565	0.49501507267868694	0.8253631221551779	0.17899506205513904	0.5131988592424565	0.49501507267868694	0.8253631221551779	0.17899506205513904	0.28141142038117206	0.25071049971310627	0.9363682263085936	0.1963886352761053	0.2729575101010735	0.7492895002868938	0.2	0.0	0.2	0.0	0.0	0.1	0.1	10.0	0.3	1.5491453614706818	1.1088341455923234	5.867529816013755	1.4311800747295258
ecf-425868	3.484906649788	3.484906649788	4.178053830347945	0.980258143468547	0.761849753123538	0.7421111472666557	1.0	0.15158292314857075	0.761849753123538	0.7421111472666557	1.0	0.15158292314857075	0.28174625377699647	0.2507362317686487	0.9363682263085936	0.19419728720894533	0.32642776306911303	0.7492637682313513	0.2	0.0	0.2	0.0	0.0	0.2	0.0	10.0	0.1	2.0821134075268772	0.0	7.253824177133645	2.401542711758021
ecf-479629	1.6356107660695893	1.6931471805599454	2.386294361119891	0.6303191256589277	0.6638841694083389	0.717987900752922	0.9126813362866741	0.21407959795668544	0.6638841694083389	0.717987900752922	0.9126813362866741	0.21407959795668544	0.2788014513012922	0.25096309692324886	0.9363682263085936	0.19724564569157638	0.29401458343447445	0.7490369030767512	0.4	0.2	0.4	0.1	0.0	0.2	0.3	10.0	0.2	0.8212634183709596	0.0	5.307914028078332	1.3452420285959437
ecf-259471	2.7923758025355365	2.6094379124341005	3.5649493574615367	0.7667634868078781	0.7397956118160067	0.7742858392250256	1.0	0.23651888066836185	0.7397956118160067	0.7742858392250256	1.0	0.23651888066836185	0.3124356606252684	0.3100562062431195	0.9363682263085936	0.1975391997714229	0.27680537252012055	0.6899437937568804	0.5	0.2	0.5	0.0	0.0	0.5	0.0	10.0	0.1	0.43269405027167834	0.0	5.749746780357371	1.384060955313745
ecf-266120	1.3662040962227033	1.0	2.09861228866811	0.5673209463933874	0.5911035743564599	0.5149989060507026	0.9126813362866741	0.17265008857032385	0.5911035743564599	0.5149989060507026	0.9126813362866741	0.17265008857032385	0.2818963296147578	0.2520725995345577	0.9363682263085936	0.194927884254896	0.30222478512970385	0.7479274004654424	0.6	0.4	0.6	0.0	0.0	0.4	0.2	10.0	0.0	1.017745489732619	0.47674722179362417	3.7967191635331936	1.195811181376709
ecf-327060	1.3871201010907892	1.3465735902799727	2.09861228866811	0.42558995521249493	0.6167749233313425	0.623255781463528	0.8253631221551779	0.17210188219380887	0.6167749233313425	0.623255781463528	0.8253631221551779	0.17210188219380887	0.37119182119788696	0.38081560720472535	0.9363682263085936	0.21037460933283494	0.2926692810641546	0.6191843927952747	1.0	0.2	1.0	0.0	0.0	0.7	0.3	10.0	0.0	0.304679050491879	0.0	1.7633849491933615	0.5916336521711943
ecf-411543	1.6065037829899522	1.6931471805599454	2.386294361119891	0.4442171951092055	0.6581772083729116	0.7239910188515534	0.9126813362866741	0.19548508650436952	0.6581772083729116	0.7239910188515534	0.9126813362866741	0.19548508650436952	0.27471475907323784	0.2481759264822413	0.9363682263085936	0.1967041312666555	0.3140396952242802	0.7518240735177587	0.5	0.1	0.5	0.3	0.0	0.5	0.3	10.0	0.0	0.9519941108224557	0.0	5.867529816013755	1.5309281781891646
ecf-174480	1.462098120373297	1.6931471805599454	2.386294361119891	0.4901290717342736	0.7656737570059188	0.7998243682978533	0.9126813362866741	0.14186496918621447	0.7656737570059188	0.7998243682978533	0.9126813362866741	0.14186496918621447	0.2804444355501336	0.24827085912213817	0.9363682263085936	0.19451934960195152	0.25206908711525366	0.7517291408778618	0.9	0.2	0.9	0.0	0.0	0.9	0.0	10.0	0.0	0.4832700475352235	0.0	4.481235454893864	1.1840671372432638
ecf-326033	2.4978661367769956	2.4978661367769956	2.6094379124341005	0.12883198941918803	0.7986980428158761	0.8253631221551779	1.0	0.15497367572995494	0.7986980428158761	0.8253631221551779	1.0	0.15497367572995494	0.3049957149266446	0.29634236949622095	0.9363682263085936	0.19730825369141508	0.2831917978743614	0.703657630503779	0.4	0.1	0.4	0.0	0.0	0.3	0.1	10.0	0.1	2.1800175998677433	0.0	6.848359069025481	2.7068373781784483
ecf-198043	1.2761007388653334	1.0	2.09861228866811	0.43037344635664077	0.47932647915589083	0.4832011602632601	0.8616033789950089	0.18595000808523562	0.47932647915589083	0.4832011602632601	0.8616033789950089	0.18595000808523562	0.3444213016728381	0.35699874312354074	0.9363682263085936	0.20492150465655737	0.3501335289789894	0.6430012568764593	0.8	0.1	0.8	0.1	0.4	0.2	0.3	10.0	0.1	0.8006884214061949	0.6952427715896056	2.8111729206433287	0.7572994703061149
ecf-327582	1.138629436111989	1.0	1.6931471805599454	0.30998484282887173	0.5877316657562403	0.5271982127034287	1.0	0.25338019003282825	0.5877316657562403	0.5271982127034287	1.0	0.25338019003282825	0.2758329201008357	0.2481759264822413	0.9363682263085936	0.1973176601994322	0.3242367548919745	0.7518240735177587	0.3	0.3	0.3	0.2	0.1	0.4	0.0	10.0	0.1	0.7662848666625477	0.0	3.6031659358399066	1.0181045653374894
ecf-273823	1.2310490601866484	1.0	1.6931471805599454	0.4001887112843146	0.40082449974869205	0.40790667834925814	0.6106158262213178	0.15693905477067033	0.40082449974869205	0.40790667834925814	0.6106158262213178	0.15693905477067033	0.27628672308881475	0.2483878918168636	0.9363682263085936	0.19605773712942168	0.23114074542529855	0.7516121081831364	0.3	0.0	0.3	0.0	0.2	0.0	0.1	10.0	0.0	1.0865192029985353	0.9387170864341656	3.611604804485771	0.8775807793334524
ecf-172958	1.1569446126668728	1.0	2.09861228866811	0.41523641472790324	0.5521838504276743	0.4991310054900071	0.9126813362866741	0.14853917726789642	0.5521838504276743	0.4991310054900071	0.9126813362866741	0.14853917726789642	0.3468779243557941	0.36402414442464	0.9363682263085936	0.2016064878190883	0.2912864380057887	0.6359758555753601	0.6	0.1	0.6	0.1	0.0	0.6	0.1	10.0	0.0	0.5844908389589785	0.0	2.9887996331330755	0.8776676821288146
ecf-273819	1.109861228866811	1.0	2.09861228866811	0.34741170976416197	0.6273371210583215	0.65172223889514	0.7972530959450946	0.1358471938345883	0.6273371210583215	0.65172223889514	0.7972530959450946	0.1358471938345883	0.35274448937448616	0.36402414442464	0.9363682263085936	0.1990511002632687	0.30721685275538657	0.6359758555753601	0.8	0.5	0.8	0.2	0.2	0.7	0.1	10.0	0.1	0.5348785459131361	0.0	3.2284724863984957	0.9220577267576897
ecf-218027	1.2772588722239782	1.0	1.6931471805599454	0.3796523464637884	0.44989772431721625	0.4677202446614398	0.5996554800102895	0.10913466002656609	0.44989772431721625	0.4677202446614398	0.5996554800102895	0.10913466002656609	0.355098428319368	0.3726191127633972	0.9363682263085936	0.1991383813441487	0.29137180639024246	0.6273808872366028	0.4	0.1	0.4	0.1	0.1	0.2	0.2	10.0	0.0	1.4104222512495515	1.4385003277445367	3.412382605877588	0.7249806772400441
ecf-358317	2.68335047295934	2.868834809141684	3.302585092994046	0.6939366370958615	0.7537139059486285	0.8113081090501363	1.0	0.1824896828372294	0.7537139059486285	0.8113081090501363	1.0	0.1824896828372294	0.2827409582635568	0.2507619638241911	0.9363682263085936	0.19492689300457947	0.363497616543692	0.7492380361758089	0.4	0.1	0.4	0.0	0.0	0.3	0.1	10.0	0.0	0.6557809654010522	0.0	4.481235454893864	1.2797390344354607
ecf-384431	1.138629436111989	1.0	1.6931471805599454	0.30998484282887173	0.6902900666303327	0.6905696847110514	1.0	0.22764773675736	0.6902900666303327	0.6905696847110514	1.0	0.22764773675736	0.2748119221679425	0.2481759264822413	0.9363682263085936	0.1969579162694453	0.302873004076309	0.7518240735177587	0.3	0.2	0.3	0.2	0.1	0.4	0.0	10.0	0.0	0.4173163320752508	0.0	4.651134491689262	1.0671492552774424
ecf-426423	1.0	1.0	1.0	0.0	0.5886805085707787	0.639493525675307	0.7742856144405287	0.1576814269548432	0.5886805085707787	0.639493525675307	0.7742856144405287	0.1576814269548432	0.2774008167526487	0.2503139845684622	0.9363682263085936	0.19677483167675439	0.3321722010761623	0.7496860154315378	0.2	0.2	0.2	0.0	0.1	0.1	0.0	10.0	0.4	2.1651300389039037	2.1703515590851232	5.113758013637375	1.5745620038892538
ecf-200630	1.3465735902799727	1.3465735902799727	1.6931471805599454	0.4001887112843146	0.4871980061029903	0.5353114903984842	0.6290828284776582	0.15950197911321318	0.4871980061029903	0.5353114903984842	0.6290828284776582	0.15950197911321318	0.34367594510201727	0.3632128877214988	0.9363682263085936	0.19868734653440728	0.33421576831421135	0.6367871122785012	0.5	0.3333333333333333	0.5	0.16666666666666666	0.0	0.3333333333333333	0.3333333333333333	6.0	0.16666666666666666	1.0576656958112407	0.8589411023609488	2.170868221457763	0.7631784005111123
ecf-165815	1.5296756383913244	1.6931471805599454	2.09861228866811	0.4393108947284702	0.6771239763538295	0.7676494515589974	0.8616033789950089	0.18129846849988962	0.6771239763538295	0.7676494515589974	0.8616033789950089	0.18129846849988962	0.2819986495774467	0.25071049971310627	0.9363682263085936	0.19474825305278168	0.31662547890342524	0.7492895002868938	0.5	0.2	0.5	0.1	0.0	0.5	0.1	10.0	0.0	0.60193824784534	0.0	2.7821853837700763	0.9624171475511679
ecf-287666	1.1831020481113517	1.0	2.09861228866811	0.44850658873134785	0.47056653263916054	0.47089488304999155	0.8253631221551779	0.2257105042762933	0.47056653263916054	0.47089488304999155	0.8253631221551779	0.2257105042762933	0.346231079844561	0.3671573453461756	0.9363682263085936	0.19811210756318332	0.24650612896881702	0.6328426546538244	0.6	0.4	0.6	0.0	0.1	0.4	0.1	10.0	0.0	0.49461268595584124	0.07223223252178018	2.52006534936852	0.7233803617025906
ecf-263613	1.2239699336535068	1.0	2.09861228866811	0.4286359969692456	0.8242519238453966	0.8616033789950089	1.0	0.16589040449941633	0.8242519238453966	0.8616033789950089	1.0	0.16589040449941633	0.33822565671951016	0.3481152599386357	0.9363682263085936	0.1997349678363998	0.26154615736011616	0.6518847400613643	0.6	0.3	0.6	0.2	0.2	0.5	0.1	10.0	0.0	0.6118756420459096	0.0	6.5606769965737	1.529668915412526
ecf-272317	1.4129102511280236	1.0	2.09861228866811	0.5324294643639216	0.611355019737578	0.6037205952970891	1.0	0.2006191136976285	0.611355019737578	0.6037205952970891	1.0	0.2006191136976285	0.27719166383572724	0.2489131086720927	0.9363682263085936	0.19567425243238032	0.27271687101895725	0.7510868913279073	0.7	0.5	0.7	0.0	0.0	0.6	0.1	10.0	0.1	0.9673597361633446	0.1548977260805706	3.4471616873633253	1.2227524501286648
ecf-197049	1.0	1.0	1.0	0.0	0.6653171938363254	0.6632095758464343	1.0	0.23448475623077902	0.6653171938363254	0.6632095758464343	1.0	0.23448475623077902	0.3195980899701819	0.31707546010797105	0.9363682263085936	0.19765817007795347	0.34784723926820843	0.682924539892029	0.2	0.1	0.2	0.0	0.1	0.1	0.0	10.0	0.3	1.8764846074600987	1.691605266799231	6.848359069025481	1.9888678636300323
ecf-273343	1.0	1.0	1.0	0.0	0.47616992398333297	0.4154433260461021	0.8616033789950089	0.17666809209580095	0.47616992398333297	0.4154433260461021	0.8616033789950089	0.17666809209580095	0.27749933977156677	0.24953980007927462	0.9363682263085936	0.19559790617369874	0.2941740993454634	0.7504601999207254	0.5	0.3	0.5	0.1	0.2	0.4	0.0	10.0	0.2	1.3806578062879384	1.0788235333062326	5.1436109767870555	1.3306118764546333
ecf-168382	2.9747090318148937	3.1653666701431655	4.13549421592915	1.2587474952769953	0.7287313736025066	0.7280565837217838	1.0	0.1695019365902226	0.7287313736025066	0.7280565837217838	1.0	0.1695019365902226	0.2890835258999209	0.2641841341151514	0.9363682263085936	0.19602812865093722	0.34830638035893396	0.7358158658848486	0.6	0.1	0.6	0.0	0.0	0.4	0.2	10.0	0.0	0.2739648829645448	0.0	4.9512390841395995	0.8599494135340358
ecf-196541	1.2761007388653334	1.0	2.09861228866811	0.4303734463566407	0.6705832096169432	0.6783950329157084	1.0	0.18375562449465038	0.6705832096169432	0.6783950329157084	1.0	0.18375562449465038	0.32956154624492245	0.33097556767244074	0.9363682263085936	0.1955798328514005	0.28096126651892006	0.6690244323275593	0.8	0.4	0.8	0.1	0.0	0.6	0.3	10.0	0.0	0.8215391158890086	0.0	6.001061208638277	1.2735200491131151
ecf-337345	2.6133906668703197	2.844439727056968	3.995732273553991	1.1002684976666453	0.7314525261020854	0.7561657108067145	1.0	0.18995134866470664	0.7314525261020854	0.7561657108067145	1.0	0.18995134866470664	0.2752600183714416	0.24772874091197164	0.9363682263085936	0.197273569827901	0.3293020779317012	0.7522712590880284	0.6	0.1	0.6	0.0	0.0	0.5	0.1	10.0	0.1	1.5116076969492551	0.0	6.155211888465535	1.8357618606780615
ecf-328130	2.822903073574932	2.6094379124341005	3.9444389791664403	0.7965738885003631	0.563579099823246	0.485407334990367	1.0	0.21448325337189336	0.563579099823246	0.485407334990367	1.0	0.21448325337189336	0.30218308240299796	0.2915500330652047	0.9363682263085936	0.197434656709453	0.3577046496862537	0.7084499669347952	0.8	0.2	0.8	0.1	0.0	0.9	0.0	10.0	0.0	0.39461870281767547	0.0	3.3620038790230184	1.0563630876487413
ecf-221139	1.3465735902799727	1.3465735902799727	1.6931471805599454	0.37050275260909293	0.6109619926672908	0.614508560033666	0.8253631221551779	0.15612888569734504	0.6109619926672908	0.614508560033666	0.8253631221551779	0.15612888569734504	0.32431361541377324	0.3186863330455167	0.9363682263085936	0.19562149657301836	0.2942409771856371	0.6813136669544833	0.7	0.2	0.7	0.1	0.1	0.3	0.4	10.0	0.0	0.5473684558191118	0.0	3.264840130569371	0.9151728070476846
ecf-473558	1.1155245300933243	1.0	1.6931471805599454	0.2829761515034443	0.5688310732430722	0.6191037311727879	1.0	0.31407393791258986	0.5688310732430722	0.6191037311727879	1.0	0.31407393791258986	0.27701694174394936	0.24953980007927462	0.9363682263085936	0.19670181265033523	0.25698698117789576	0.7504601999207254	0.4	0.2	0.4	0.2	0.0	0.5	0.1	10.0	0.3	0.6159894193962437	0.0	5.867529816013755	1.2812846433893035
ecf-112599	1.199084385469784	1.0	2.09861228866811	0.4078435119457356	0.4577019511338016	0.3959436670532981	0.7380458071729002	0.16719221068079584	0.4577019511338016	0.3959436670532981	0.7380458071729002	0.16719221068079584	0.3284754928967642	0.32492241515120607	0.9363682263085936	0.19581288433318655	0.3346178466322977	0.675077584848794	0.6	0.1	0.6	0.4	0.2	0.5	0.2	10.0	0.1	0.762887681707151	0.694964654771778	2.359854895737449	0.7810708480477011
ecf-256980	1.2079441541679836	1.0	1.6931471805599454	0.33482189780177213	0.49555572911539036	0.46587738220021746	0.7380458071729002	0.1385431188776283	0.49555572911539036	0.46587738220021746	0.7380458071729002	0.1385431188776283	0.3299687940676404	0.3267819964345201	0.9363682263085936	0.19544371966597385	0.3492755030040167	0.6732180035654799	1.0	0.1	1.0	0.0	0.0	0.7	0.3	10.0	0.2	0.788888973679295	0.7465464647486333	3.469634543215384	1.0521932177467874
ecf-408030	1.578074351579233	1.6931471805599454	2.09861228866811	0.5530599325061012	0.5952122865293434	0.5667007979129397	0.9126813362866741	0.19094198109876692	0.5952122865293434	0.5667007979129397	0.9126813362866741	0.19094198109876692	0.279505977319639	0.25065514535879385	0.9363682263085936	0.19484209105599354	0.30365749286647814	0.7493448546412061	0.4	0.3	0.4	0.2	0.0	0.2	0.3	10.0	0.1	1.6254532081865811	1.6066120539658384	5.307914028078332	1.533432280300681
ecf-331740	1.3465735902799727	1.3465735902799727	1.6931471805599454	0.49012907173427367	0.545152962573369	0.4544702241101172	0.9126813362866741	0.26752260041636006	0.545152962573369	0.4544702241101172	0.9126813362866741	0.26752260041636006	0.28003970008818435	0.2503139845684622	0.9363682263085936	0.1954798060693271	0.26382635195115456	0.7496860154315378	0.2222222222222222	0.1111111111111111	0.2222222222222222	0.0	0.0	0.1111111111111111	0.1111111111111111	9.0	0.0	1.2618076774382423	0.9309816639112145	5.867529816013755	1.3967476214796752
ecf-256985	1.0	1.0	1.0	0.0	0.5680780319044848	0.49942046040639076	0.8616033789950089	0.22610111160021906	0.5680780319044848	0.49942046040639076	0.8616033789950089	0.22610111160021906	0.2810999186979997	0.25071049971310627	0.9363682263085936	0.19644329361359122	0.3390002594340808	0.7492895002868938	0.5	0.4	0.5	0.0	0.1	0.4	0.0	10.0	0.3	0.9972153537414923	0.0	6.848359069025481	1.5342615124583576
ecf-317919	2.8598505983356506	2.90333124488516	3.5649493574615367	0.7054488529801592	0.6566252278975533	0.5002262418463533	1.0	0.23673119635051498	0.6566252278975533	0.5002262418463533	1.0	0.23673119635051498	0.3121429769643675	0.30924389970977556	0.9363682263085936	0.19726917706926902	0.27580722356954934	0.6907561002902245	0.6	0.2	0.6	0.0	0.0	0.6	0.0	10.0	0.2	0.29083293473693383	0.0	3.712864853096331	0.9165391399920713
ecf-197604	1.0	1.0	1.0	0.0	0.6478955416463945	0.5996563790279581	1.0	0.23839090462287568	0.6478955416463945	0.5996563790279581	1.0	0.23839090462287568	0.3254657207347233	0.3233809162659772	0.9363682263085936	0.19648727937193936	0.3271454055379079	0.6766190837340228	0.6	0.2	0.6	0.1	0.6	0.1	0.0	10.0	0.0	1.2663959804975458	0.3145702310921369	6.155211888465535	1.800920953539002
ecf-336365	1.519860385419959	1.6931471805599454	1.6931471805599454	0.3465735902799727	0.5860210036151497	0.5335648730961402	1.0	0.23261926882342035	0.5860210036151497	0.5335648730961402	1.0	0.23261926882342035	0.2755453902555323	0.2481759264822413	0.9363682263085936	0.19748476140341717	0.32972856842586623	0.7518240735177587	0.4	0.1	0.4	0.1	0.0	0.1	0.3	10.0	0.3	2.0066965334236455	2.1254058473810056	6.5606769965737	1.8534951742972712
ecf-317931	1.6931471805599454	1.6931471805599454	1.6931471805599454	0.0	0.5036617825911802	0.537680305771573	0.8253631221551779	0.24497484074072504	0.5036617825911802	0.537680305771573	0.8253631221551779	0.24497484074072504	0.2797739357024927	0.24953980007927462	0.9363682263085936	0.19636309376651123	0.2909605207232161	0.7504601999207254	0.125	0.125	0.125	0.0	0.0	0.0	0.125	8.0	0.5	1.3825835283466303	0.8589647741749242	5.382022000232054	1.532282162000422
ecf-471541	1.7099733285108574	1.6931471805599454	3.0794415416798357	0.7842186313384042	0.8453744448659033	0.9563406681433371	1.0	0.1969333843089807	0.8453744448659033	0.9563406681433371	1.0	0.1969333843089807	0.2765535945720777	0.2489131086720927	0.9363682263085936	0.19668840196223591	0.33474010011260813	0.7510868913279073	0.7	0.2	0.7	0.0	0.0	0.6	0.1	10.0	0.0	0.2104921506286641	0.0	4.015145724969265	0.7798914997767714
ecf-342002	1.6931471805599454	1.6931471805599454	1.6931471805599454	0.0	0.79138056743483	0.8434832505750934	1.0	0.13400224914941697	0.79138056743483	0.8434832505750934	1.0	0.13400224914941697	0.27433742133091643	0.24772874091197164	0.9363682263085936	0.1970760651803463	0.3030955800362943	0.7522712590880284	0.0	0.0	0.0	0.1	0.0	0.1	0.0	10.0	0.1	2.646425557278009	3.8263094871541163	6.848359069025481	2.3724212358757337
ecf-270332	1.0866433975699932	1.0	1.6931471805599454	0.2450645358671368	0.803040772242622	0.8616033789950089	1.0	0.13377050391716702	0.803040772242622	0.8616033789950089	1.0	0.13377050391716702	0.2818807723876161	0.2514172816793744	0.9363682263085936	0.19561539413034137	0.29439181041056134	0.7485827183206256	0.7	0.3	0.7	0.1	0.0	0.8	0.0	10.0	0.0	0.3630036925206806	0.0	6.848359069025481	1.2954579437442033
ecf-268281	1.7742402021815784	1.6931471805599454	2.386294361119891	0.5225963047494059	0.6259804585459151	0.5970846571864178	1.0	0.24183360512833962	0.6259804585459151	0.5970846571864178	1.0	0.24183360512833962	0.2762694459755691	0.2483878918168636	0.9363682263085936	0.1963404600835441	0.23258211659520622	0.7516121081831364	0.4	0.1	0.4	0.1	0.1	0.1	0.3	10.0	0.2	2.1123540189602816	2.22502157908194	5.867529816013755	1.6448551262498525
