eclipse.jdt.core-470535	1.680239476332431	1.6931471805599454	2.6094379124341005	0.7007252747878299	0.46654944969884904	0.4002021048316574	1.0	0.2400711519161091	0.46654944969884904	0.4002021048316574	1.0	0.2400711519161091	0.31142109290150155	0.3176092290642202	0.6838014947650576	0.17387830540327626	0.3738171483823357	0.6823907709357798	0.5	0.2	0.5	0.0	0.0	0.4	0.1	10.0	0.3	1.3804263744095713	1.3571186753411715	3.832032379731653	0.9844034299692187
eclipse.jdt.core-337415	1.5123963979403259	1.3465735902799727	2.9459101490553135	0.6505872240216227	0.69017363660619	0.6816364955661339	1.0	0.23455059495981861	0.69017363660619	0.6816364955661339	1.0	0.23455059495981861	0.23366570047123883	0.19086118204163582	0.5808169306862567	0.18204722372541798	0.32079805703621544	0.8091388179583642	0.8	0.0	0.8	0.2	0.0	0.8	0.2	10.0	0.1	0.9424496432342083	0.0	3.6342066364017334	1.2076064027036195
eclipse.jdt.core-42243	1.4276666119016057	1.3465735902799727	2.09861228866811	0.47449032937408914	0.4857906594328278	0.46462528219666194	0.9201819031845418	0.20324249215406692	0.4857906594328278	0.46462528219666194	0.9201819031845418	0.20324249215406692	0.31472953052860536	0.32360838420700166	0.6838014947650576	0.17306847939434292	0.31664899098959604	0.6763916157929983	0.9	0.3	0.9	0.1	0.0	0.7	0.3	10.0	0.0	2.0777390657050976	1.8741206746915766	4.899873009733009	0.9432360817748479
eclipse.jdt.core-46084	3.2711481998369654	3.302585092994046	3.5649493574615367	0.31071465056314634	0.6697842076222589	0.6814086635275438	0.8734913905634314	0.1610058214066441	0.6697842076222589	0.6814086635275438	0.8734913905634314	0.1610058214066441	0.3235376413703393	0.32920794367660644	0.6838014947650576	0.16258926203048515	0.44138805379297663	0.6707920563233936	0.3	0.1	0.3	0.0	0.0	0.3	0.0	10.0	0.1	1.9746746826186592	0.6989187124526502	6.8923031744232155	2.3177824000164233
eclipse.jdt.core-268802	1.519860385419959	1.3465735902799727	2.386294361119891	0.6636379003329688	0.4792441151175079	0.41277105555571286	1.0	0.2721445463094884	0.4792441151175079	0.41277105555571286	1.0	0.2721445463094884	0.31330373505903797	0.31711800743548657	0.6838014947650576	0.17330901378808253	0.28174782647783514	0.6828819925645134	0.4	0.3	0.4	0.0	0.0	0.3	0.1	10.0	0.3	1.8568818692048061	1.6023277973862946	6.486838066315051	1.2719771939783682
eclipse.jdt.core-403457	1.0	1.0	1.0	0.0	0.5334845534742991	0.5198100592751632	0.8403640012786583	0.1766826674139704	0.5334845534742991	0.5198100592751632	0.8403640012786583	0.1766826674139704	0.30885091549604204	0.31561296810804407	0.6838014947650576	0.16724229940896795	0.2731080612752938	0.6843870318919559	0.4	0.3	0.4	0.0	0.0	0.4	0.0	10.0	0.0	1.6627808553036867	1.7643787938038595	4.08894279351668	1.0619379966802092
eclipse.jdt.core-385293	1.199084385469784	1.0	2.09861228866811	0.40784351194573554	0.46483152730434046	0.433709272207478	0.6550347857476941	0.12138458164954143	0.46483152730434046	0.433709272207478	0.6550347857476941	0.12138458164954143	0.3146974836047195	0.3176092290642202	0.5948311147025853	0.14629171388619208	0.30812601258151745	0.6823907709357798	0.7	0.4	0.7	0.2	0.1	0.6	0.2	10.0	0.0	1.770817601231534	1.7004580523856954	3.695900205407073	0.6472038328744143
eclipse.jdt.core-424718	1.730337772445647	1.6931471805599454	2.6094379124341005	0.674188238747047	0.6996305534658919	0.7115062619142773	0.9201819031845418	0.19453174209299964	0.6996305534658919	0.7115062619142773	0.9201819031845418	0.19453174209299964	0.30797547621236965	0.31561296810804407	0.6838014947650576	0.16817246967931784	0.3757946216029795	0.6843870318919559	0.6	0.3	0.6	0.1	0.0	0.5	0.1	10.0	0.1	1.5857824926822248	0.0	6.19915599386327	1.8700497231848168
eclipse.jdt.core-70665	1.3972567287934932	1.3465735902799727	2.09861228866811	0.4449405632848265	0.29779010827248215	0.2902057789718525	0.5324370733810675	0.10575521610008175	0.29779010827248215	0.2902057789718525	0.5324370733810675	0.10575521610008175	0.3115711767145529	0.31717086996981597	0.6838014947650576	0.1689998210581783	0.23933472790426652	0.6828291300301841	0.8	0.2	0.8	0.0	0.0	0.4	0.4	10.0	0.3	1.34694702993168	1.311316277246942	2.1964543871775577	0.3459307316608188
eclipse.jdt.core-488461	1.1732867951399863	1.0	1.6931471805599454	0.3465735902799727	0.6068867142549406	0.6188430184589093	0.8146684455957106	0.13283109052243078	0.6068867142549406	0.6188430184589093	0.8146684455957106	0.13283109052243078	0.31134002975288916	0.317674605869208	0.6838014947650576	0.17320418578916238	0.37639047418757476	0.6823253941307921	0.2	0.1	0.2	0.2	0.0	0.3	0.1	10.0	0.2	2.46600802304154	2.510276539749334	6.158333999343014	1.8399282348766777
eclipse.jdt.core-471062	1.244136064148469	1.0	2.09861228866811	0.4844424838492204	0.6216847381386719	0.6390505361470861	0.8734913905634314	0.17380917500131035	0.6216847381386719	0.6390505361470861	0.8734913905634314	0.17380917500131035	0.33075423276465243	0.3353254318851919	0.6667341836295159	0.15718929780773605	0.40153069174636047	0.6646745681148081	0.9	0.4	0.9	0.0	0.1	0.7	0.1	10.0	0.2	1.3954223372790375	0.9951493067864745	6.19915599386327	1.6375966005929334
eclipse.jdt.core-425493	1.2772588722239782	1.0	2.386294361119891	0.6199696856577435	0.6329733064168264	0.6054764409850693	1.0	0.1949260368250575	0.6329733064168264	0.6054764409850693	1.0	0.1949260368250575	0.31361401721814575	0.3199497686679096	0.6838014947650576	0.17149112350050205	0.31595288217474304	0.6800502313320904	0.4	0.2	0.4	0.1	0.0	0.5	0.0	10.0	0.0	2.1255081556815822	1.8717175494737914	6.8923031744232155	1.7798611172349552
eclipse.jdt.core-28951	1.4158883083359672	1.0	2.386294361119891	0.5845130251449102	0.6463317891599258	0.662722988805827	0.9201819031845418	0.1648266177651205	0.6463317891599258	0.662722988805827	0.9201819031845418	0.1648266177651205	0.3306488366773076	0.33630080747886865	0.6667341836295159	0.15739803055720186	0.38272396819426086	0.6636991925211313	0.7	0.3	0.7	0.3	0.0	0.8	0.2	10.0	0.0	1.7764547909836885	2.0720216088181784	4.58971808142917	1.5266339499139026
eclipse.jdt.core-363293	1.154032706791099	1.0	1.6931471805599454	0.30564917695453336	0.5129103396365259	0.47937941967079556	0.775922895311158	0.17916943269169253	0.5129103396365259	0.47937941967079556	0.775922895311158	0.17916943269169253	0.3364797074717511	0.34076003246102726	0.6667341836295159	0.15718110462307291	0.39918521558323394	0.6592399675389727	0.9	0.4	0.9	0.0	0.2	0.6	0.1	10.0	0.1	1.7480125056476568	1.8264102321619538	4.582600613660306	1.0688183575627872
eclipse.jdt.core-480029	1.6292178311262164	1.6931471805599454	2.09861228866811	0.39574728049469204	0.5868577918830872	0.5745058261001088	0.9201819031845418	0.14789523550654732	0.5868577918830872	0.5745058261001088	0.9201819031845418	0.14789523550654732	0.33530583080157406	0.34076003246102726	0.6667341836295159	0.15463651533821807	0.3575793476848025	0.6592399675389727	0.9	0.3	0.9	0.0	0.0	0.7	0.2	10.0	0.1	0.9818405010970377	0.4829509992085118	3.8965709008692246	1.1759158018285032
eclipse.jdt.core-69658	1.138629436111989	1.0	1.6931471805599454	0.30998484282887173	0.5048561993478666	0.4689203844391324	0.8403640012786583	0.18945662751457906	0.5048561993478666	0.4689203844391324	0.8403640012786583	0.18945662751457906	0.3096968546774831	0.3164584507931346	0.6838014947650576	0.16834002699866585	0.30989234287495016	0.6835415492068654	0.4	0.1	0.4	0.1	0.1	0.4	0.0	10.0	0.3	1.3404364074250845	1.4542238655000201	3.554163928728197	0.9626244072237686
eclipse.jdt.core-418843	2.242453324894	2.242453324894	2.791759469228055	0.7768361992120931	0.7291801833113848	0.7154785481754562	0.9201819031845418	0.12995714149875523	0.7291801833113848	0.7154785481754562	0.9201819031845418	0.12995714149875523	0.33508420123409166	0.33981200532620137	0.6838014947650576	0.15808307140767397	0.33088789402827645	0.6601879946737986	0.2	0.1	0.2	0.0	0.0	0.2	0.0	10.0	0.0	1.5895433817758053	0.0	6.19915599386327	2.044401863627625
eclipse.jdt.core-31261	1.4839001263634863	1.0	2.791759469228055	0.7308891265147661	0.3716871785006086	0.33873927345184884	0.6550347857476941	0.13655802071115772	0.3716871785006086	0.33873927345184884	0.6550347857476941	0.13655802071115772	0.3146579151334796	0.32360838420700166	0.6838014947650576	0.1732328028860143	0.3422144643125781	0.6763916157929983	0.5	0.1	0.5	0.3	0.2	0.4	0.2	10.0	0.0	1.6542282822744356	1.5606655654778785	2.8405182266199107	0.4064801699664527
eclipse.jdt.core-388634	1.2559656384611508	1.0	2.09861228866811	0.4525433898572623	0.6791413317546054	0.7010089783522961	1.0	0.21467699372516252	0.6791413317546054	0.7010089783522961	1.0	0.21467699372516252	0.31234721620624484	0.31711800743548657	0.6838014947650576	0.1679211106783945	0.39399475154316627	0.6828819925645134	0.7	0.2	0.7	0.0	0.0	0.5	0.2	10.0	0.1	1.1303465342829842	0.0	5.97601244254906	1.4845477337789759
eclipse.jdt.core-25377	1.0866433975699932	1.0	1.6931471805599454	0.24506453586713683	0.3905809859194969	0.41338654878564984	0.556651172163195	0.1274725119874066	0.3905809859194969	0.41338654878564984	0.556651172163195	0.1274725119874066	0.31412308143696593	0.3233314744779114	0.6838014947650576	0.17325800831982138	0.36769790756845655	0.6766685255220886	0.6	0.2	0.6	0.2	0.1	0.7	0.0	10.0	0.0	1.5190860633236403	1.4312358444617337	3.282887891663526	0.5884360629340999
eclipse.jdt.core-410402	1.0	1.0	1.0	0.0	0.4719947392053767	0.5696024259319487	0.649416624743956	0.24150264138982971	0.4719947392053767	0.5696024259319487	0.649416624743956	0.24150264138982971	0.3371056146162366	0.3443625207074609	0.6667341836295159	0.15367909400956184	0.2905126033949528	0.6556374792925391	0.3333333333333333	0.0	0.3333333333333333	0.0	0.3333333333333333	0.0	0.0	3.0	0.0	0.867937645456404	1.1064733138411	1.4973396225281117	0.7766472398180253
eclipse.jdt.core-448800	1.2310490601866484	1.0	1.6931471805599454	0.4001887112843146	0.6534918485447048	0.6515444133602979	0.9201819031845418	0.16920677997908004	0.6534918485447048	0.6515444133602979	0.9201819031845418	0.16920677997908004	0.31078743471672676	0.3173573611145242	0.6838014947650576	0.17285949565643188	0.461015936716215	0.6826426388854758	0.1	0.0	0.1	0.2	0.0	0.2	0.1	10.0	0.2	3.483435476852478	3.8477807366997925	6.19915599386327	1.539655730817845
eclipse.jdt.core-448043	1.8283022165960003	1.6931471805599454	2.09861228866811	0.23409538931324955	0.7278056827411571	0.768234692250056	1.0	0.17904116721511057	0.7278056827411571	0.768234692250056	1.0	0.17904116721511057	0.3254467179993921	0.330491600991472	0.6838014947650576	0.16293160077048058	0.2865272399334251	0.669508399008528	0.3	0.1	0.3	0.1	0.0	0.3	0.0	10.0	0.0	1.129368841432177	0.0	7.29776828253138	1.867810461852053
eclipse.jdt.core-483895	1.4332169878499659	1.3465735902799727	2.386294361119891	0.5157180055768339	0.40694096796832546	0.4210762674293844	0.556651172163195	0.10841086339445404	0.40694096796832546	0.4210762674293844	0.556651172163195	0.10841086339445404	0.341580610097823	0.34787506047660127	0.6667341836295159	0.15111006016218076	0.2513715443097416	0.6521249395233988	0.7	0.4	0.7	0.1	0.2	0.3	0.3	10.0	0.2	1.5289054637590316	1.6051591084733041	2.6739571344309874	0.5752631819974511
eclipse.jdt.core-145202	1.4549271735802334	1.0	2.6094379124341005	0.6016141603297251	0.44747852207369937	0.4204222165799372	0.775922895311158	0.23138065360413743	0.44747852207369937	0.4204222165799372	0.775922895311158	0.23138065360413743	0.31480824531880325	0.3176092290642202	0.6838014947650576	0.17180926736017355	0.34065262351444037	0.6823907709357798	0.7	0.3	0.7	0.2	0.1	0.5	0.3	10.0	0.1	1.2496084177404914	1.1738145523773191	3.9247417778359206	0.9445549147322396
eclipse.jdt.core-104245	1.640924555088197	1.6931471805599454	2.6094379124341005	0.5848991299244275	0.6181274447797187	0.7060187111820607	1.0	0.2455598996924658	0.6181274447797187	0.7060187111820607	1.0	0.2455598996924658	0.31145164823985855	0.3169656039345179	0.6838014947650576	0.1693269607025576	0.30332075925343005	0.6830343960654821	0.9	0.2	0.9	0.0	0.0	0.9	0.0	10.0	0.0	1.3589732509138186	1.3229892995829116	4.899873009733009	1.2144000867190403
eclipse.jdt.core-30516	1.0	1.0	1.0	0.0	0.4321124234196056	0.3899192374369834	0.8403640012786583	0.20392508844825852	0.4321124234196056	0.3899192374369834	0.8403640012786583	0.20392508844825852	0.3140235126749299	0.3199497686679096	0.6838014947650576	0.1733219255822012	0.34541101334285407	0.6800502313320904	0.4	0.0	0.4	0.0	0.2	0.2	0.0	10.0	0.4	1.77888232449009	1.389108736550484	4.4355674016019115	1.196420494947266
eclipse.jdt.core-341296	1.0770163533955495	1.0	1.6931471805599454	0.23104906018664842	0.7583742140923283	0.7077904425661725	1.0	0.2098821415396922	0.7583742140923283	0.7077904425661725	1.0	0.2098821415396922	0.33752033219474553	0.344144226735832	0.6667341836295159	0.1537580751909741	0.30595752009027843	0.655855773264168	0.7	0.4	0.7	0.3	0.1	0.7	0.1	10.0	0.0	0.9829413333693772	0.0	5.593020190292955	1.6352199236129474
eclipse.jdt.core-149562	1.2011797390542625	1.0	2.6094379124341005	0.5690222308904368	0.48540682809156255	0.4834924516310753	0.7348511284126118	0.19701146431971742	0.48540682809156255	0.4834924516310753	0.7348511284126118	0.19701146431971742	0.3160857625703952	0.3200576950910292	0.6838014947650576	0.17183362090222984	0.3614676170061015	0.6799423049089708	0.8	0.4	0.8	0.0	0.2	0.6	0.0	10.0	0.0	1.2025458249174057	1.229118705037817	3.5482642066010084	0.9366163521739778
eclipse.jdt.core-208186	1.1732867951399863	1.0	1.6931471805599454	0.32086479593153566	0.607392764125338	0.556521093815247	0.9201819031845418	0.16987004710198558	0.607392764125338	0.556521093815247	0.9201819031845418	0.16987004710198558	0.3126070037321915	0.3164584507931346	0.6838014947650576	0.17268379557190125	0.30854005942822427	0.6835415492068654	0.7	0.2	0.7	0.1	0.0	0.7	0.1	10.0	0.2	1.4746935700440067	1.6528263078981122	4.327353816961678	1.3259296697602885
eclipse.jdt.core-405051	1.7167037876912221	1.6931471805599454	2.09861228866811	0.4490218126680613	0.7224995539968252	0.7154794252329124	1.0	0.22680806953423518	0.7224995539968252	0.7154794252329124	1.0	0.22680806953423518	0.3075650003143261	0.31561296810804407	0.6838014947650576	0.1677098262200856	0.4094713081555711	0.6843870318919559	0.4	0.2	0.4	0.1	0.0	0.4	0.1	10.0	0.0	2.0286753594713014	2.5351937869431684	7.9909154630913255	2.1455494977072362
eclipse.jdt.core-190268	1.3465735902799727	1.3465735902799727	1.6931471805599454	0.49012907173427367	0.7180253272694972	0.7596540037817806	0.9201819031845418	0.1765254648040457	0.7180253272694972	0.7596540037817806	0.9201819031845418	0.1765254648040457	0.34465683953268134	0.3485026754137342	0.6838014947650576	0.15570722834654102	0.35728972974518336	0.6514973245862659	0.2	0.0	0.2	0.0	0.0	0.2	0.0	10.0	0.1	2.4592823030174817	2.4457380186117628	7.07462473121717	2.204226309184197
eclipse.jdt.core-416313	1.0	1.0	1.0	0.0	0.6554663235767796	0.627437709646673	0.9201819031845418	0.19074505204176306	0.6554663235767796	0.627437709646673	0.9201819031845418	0.19074505204176306	0.30762408217597287	0.31561296810804407	0.6838014947650576	0.1677973516837727	0.37496122131564397	0.6843870318919559	0.3	0.2	0.3	0.2	0.1	0.4	0.0	10.0	0.2	1.677607031874248	1.6023540575456954	7.179985246874996	1.7398723983162514
eclipse.jdt.core-158274	1.2772588722239782	1.0	1.6931471805599454	0.3796523464637884	0.8237264379420824	0.8802729522316001	1.0	0.1802715553476936	0.8237264379420824	0.8802729522316001	1.0	0.1802715553476936	0.31430527712274553	0.3173573611145242	0.6838014947650576	0.17256553503773242	0.3934946027527014	0.6826426388854758	0.3	0.2	0.3	0.2	0.0	0.5	0.0	10.0	0.2	0.9252917192139768	0.0	6.604621101971435	1.8659748422113642
eclipse.jdt.core-301894	1.2310490601866484	1.0	1.6931471805599454	0.3465735902799727	0.6879864495673438	0.6288813259942105	1.0	0.18135102023260918	0.6879864495673438	0.6288813259942105	1.0	0.18135102023260918	0.3136207080372245	0.3176092290642202	0.6838014947650576	0.1730601384565858	0.41552594566026774	0.6823907709357798	0.8	0.4	0.8	0.1	0.0	0.8	0.1	10.0	0.0	0.9516914859117448	0.0	3.8477807366997925	1.2604093740421574
eclipse.jdt.core-401989	1.4986230058205345	1.3465735902799727	2.09861228866811	0.5493243487474814	0.6417689803699161	0.7049820442181232	0.9201819031845418	0.2087861897303264	0.6417689803699161	0.7049820442181232	0.9201819031845418	0.2087861897303264	0.30790909441871384	0.31561296810804407	0.6838014947650576	0.16747275834341416	0.27151801515468366	0.6843870318919559	0.8	0.3	0.8	0.1	0.0	0.5	0.3	10.0	0.2	1.48199711516071	1.854268906138845	3.5600986642480112	1.279688780812144
eclipse.jdt.core-11076	1.3850817669777475	1.6931471805599454	1.6931471805599454	0.36532064071556886	0.6967302752596081	0.6527767803608495	1.0	0.1824054619873805	0.6967302752596081	0.6527767803608495	1.0	0.1824054619873805	0.3375701061892034	0.34030257459604374	0.6667341836295159	0.1522463166287046	0.47382379300949373	0.6596974254039563	0.7	0.1	0.7	0.2	0.2	0.6	0.1	10.0	0.0	1.4069186059331862	0.0	6.604621101971435	1.9118203696814258
eclipse.jdt.core-421711	1.2599301927099795	1.0	1.6931471805599454	0.35873774764475586	0.5393509869087346	0.5385713052864927	0.8403640012786583	0.18508586905742222	0.5393509869087346	0.5385713052864927	0.8403640012786583	0.18508586905742222	0.3440125496574718	0.3457564932889147	0.6838014947650576	0.15404738900882048	0.38092737075135064	0.6542435067110852	0.8	0.2	0.8	0.0	0.1	0.4	0.3	10.0	0.1	2.619079887839177	2.2608156801177506	5.059721710674905	1.1559780910761814
eclipse.jdt.core-451660	1.3178053830347947	1.0	2.09861228866811	0.42665434717999146	0.5543979403530586	0.46748247904807455	1.0	0.2548163277685454	0.5543979403530586	0.46748247904807455	1.0	0.2548163277685454	0.3106054587990202	0.3173573611145242	0.6838014947650576	0.1729839730042147	0.39234565794275666	0.6826426388854758	0.8	0.1	0.8	0.2	0.0	0.6	0.4	10.0	0.0	1.2940339367198697	1.6317602555467954	3.469126886042285	0.97398230125356
eclipse.jdt.core-29516	1.138629436111989	1.0	1.6931471805599454	0.30998484282887173	0.4827363672925049	0.5247581108442547	0.8403640012786583	0.21220272688103703	0.4827363672925049	0.5247581108442547	0.8403640012786583	0.21220272688103703	0.3140119104300017	0.317674605869208	0.6838014947650576	0.17315331879750062	0.3945195892504268	0.6823253941307921	0.4444444444444444	0.1111111111111111	0.4444444444444444	0.1111111111111111	0.0	0.4444444444444444	0.1111111111111111	9.0	0.0	1.7785211523299138	1.6248102443924402	4.0396717445098975	1.09205702683834
eclipse.jdt.core-228691	1.5296756383913244	1.6931471805599454	2.09861228866811	0.4393108947284702	0.6521907625434021	0.6593701021986418	0.9201819031845418	0.20383075443389012	0.6521907625434021	0.6593701021986418	0.9201819031845418	0.20383075443389012	0.31263572564445724	0.31686606296787856	0.6838014947650576	0.17286113120240518	0.25189318060785537	0.6831339370321214	0.5	0.2	0.5	0.2	0.0	0.3	0.3	10.0	0.0	1.4755645087296065	1.385110228358674	6.738152494595957	1.7568912804068155
eclipse.jdt.core-41554	1.4332169878499659	1.0	2.386294361119891	0.6350097250964445	0.5089623902328458	0.5076410106022295	0.8146684455957106	0.12744134405651192	0.5089623902328458	0.5076410106022295	0.8146684455957106	0.12744134405651192	0.31425890613186314	0.3200576950910292	0.6838014947650576	0.17210455361569177	0.30511142361456145	0.6799423049089708	0.7	0.3	0.7	0.1	0.0	0.6	0.2	10.0	0.1	1.5937792676519387	1.7026852247985196	2.869932111826204	0.7830922015710381
eclipse.jdt.core-234074	1.0866433975699932	1.0	1.6931471805599454	0.2450645358671368	0.5570608715601209	0.5286777044481544	1.0	0.21853070895017077	0.5570608715601209	0.5286777044481544	1.0	0.21853070895017077	0.3433159854568223	0.3474279224166298	0.6838014947650576	0.15619625276663723	0.30261955454230366	0.6525720775833702	0.7	0.4	0.7	0.1	0.2	0.6	0.0	10.0	0.1	1.4329011321467064	1.634807802395434	3.9588896652684826	1.051998793041271
eclipse.jdt.core-170843	1.3465735902799727	1.0	2.386294361119891	0.5799285384793035	0.6694773495618288	0.7304200610245954	0.9201819031845418	0.2231124645501197	0.6694773495618288	0.7304200610245954	0.9201819031845418	0.2231124645501197	0.31459857093943383	0.3173573611145242	0.6838014947650576	0.17267955444960836	0.36945663606672646	0.6826426388854758	0.5	0.4	0.5	0.1	0.0	0.5	0.1	10.0	0.1	1.9001681204410044	1.6919662162353826	6.8923031744232155	1.919824901786158
eclipse.jdt.core-403036	1.6719098009605209	1.6931471805599454	2.09861228866811	0.4552085360701494	0.5668191597230586	0.5108200048539914	0.9201819031845418	0.20988584756373488	0.5668191597230586	0.5108200048539914	0.9201819031845418	0.20988584756373488	0.3146635118388094	0.32360838420700166	0.6838014947650576	0.17322997671211415	0.3388402617133764	0.6763916157929983	0.5	0.2	0.5	0.3	0.0	0.6	0.2	10.0	0.0	1.3857451566492256	1.7091604063584158	4.658710952916121	1.0047347645902207
eclipse.jdt.core-421469	0.0	0.0	0.0	0.0	0.6166630892596876	0.6309278871423086	0.7936736835661323	0.12963594213322277	0.0	0.0	0.0	0.0	0.3499296636700338	0.3517921287443464	0.6838014947650576	0.15526807052229358	0.31691837645551546	0.6482078712556536	0.0	0.0	0.0	0.0	0.0	0.0	0.0	10.0	0.1	1.9433813324400893	1.9602302028300618	5.020500997521624	1.5701586951706412
eclipse.jdt.core-186457	1.9939626599152003	2.09861228866811	2.386294361119891	0.29866668654449635	0.7327826723983913	0.7605464891889542	1.0	0.1561050807576149	0.7327826723983913	0.7605464891889542	1.0	0.1561050807576149	0.31366692589764633	0.31706514490115717	0.6838014947650576	0.17239982582773225	0.259445882648232	0.6829348550988428	0.5	0.2	0.5	0.0	0.0	0.4	0.1	10.0	0.0	3.8618541466876053	4.658710952916121	7.29776828253138	2.4514620762794364
eclipse.jdt.core-451677	1.8500917932268182	1.6931471805599454	2.386294361119891	0.28060461141829796	0.4194612380004843	0.3331540483067297	1.0	0.21983397229585638	0.4194612380004843	0.3331540483067297	1.0	0.21983397229585638	0.3112529749661834	0.317674605869208	0.6838014947650576	0.173507439047091	0.32813283976606744	0.6823253941307921	0.7	0.3	0.7	0.0	0.0	0.7	0.0	10.0	0.0	1.9131069117431894	1.6755021064195634	4.289613488978832	0.7677434096480817
eclipse.jdt.core-438875	1.2239699336535068	1.0	2.09861228866811	0.42863599696924565	0.45621386099206473	0.436074079436675	0.8403640012786583	0.1949882421899721	0.45621386099206473	0.436074079436675	0.8403640012786583	0.1949882421899721	0.3438650309243959	0.3485026754137342	0.6838014947650576	0.15607710679679346	0.4060549248313431	0.6514973245862659	0.7	0.2	0.7	0.1	0.2	0.4	0.2	10.0	0.0	1.5552242493380524	1.6265950914408065	3.533665407179856	0.7748251795814856
eclipse.jdt.core-431963	1.138629436111989	1.0	1.6931471805599454	0.30998484282887173	0.5052812792160207	0.4803337493038031	0.8734913905634314	0.15893168566245883	0.5052812792160207	0.4803337493038031	0.8734913905634314	0.15893168566245883	0.3139955706375367	0.32331619054222815	0.6838014947650576	0.17216058620351812	0.30556769548526597	0.6766838094577718	0.5	0.1	0.5	0.0	0.1	0.3	0.1	10.0	0.0	1.6667100741522418	1.8592190487875064	3.768999858846678	0.9868427945021747
eclipse.jdt.core-83297	1.7607246985779728	1.6931471805599454	2.09861228866811	0.1655304372279036	0.39024739203952263	0.3514997338149064	0.5905960185822635	0.11096780495868463	0.39024739203952263	0.3514997338149064	0.5905960185822635	0.11096780495868463	0.31336639806000727	0.32266015966427375	0.6838014947650576	0.17355634437313971	0.24701231573067262	0.6773398403357263	0.6	0.3	0.6	0.0	0.0	0.1	0.5	10.0	0.2	1.687167372339333	1.5440698056051494	3.732469890188798	0.621127370108799
eclipse.jdt.core-418919	1.2310490601866484	1.0	1.6931471805599454	0.4001887112843146	0.7129227883399095	0.7099909974432395	1.0	0.18749297841338228	0.7129227883399095	0.7099909974432395	1.0	0.18749297841338228	0.308875561874692	0.31603943452719785	0.6838014947650576	0.16819173672030785	0.3969134159640618	0.6839605654728022	0.2	0.0	0.2	0.1	0.0	0.3	0.0	10.0	0.1	1.5625356697237893	0.0	6.486838066315051	1.9178851969013406
eclipse.jdt.core-92005	3.596478425445105	3.596478425445105	3.70805020110221	0.15778631831232603	0.7969241729143448	0.7876075648456351	1.0	0.15819101815105074	0.7969241729143448	0.7876075648456351	1.0	0.15819101815105074	0.3112664405436164	0.31717086996981597	0.6838014947650576	0.16773864267389682	0.5258158715648633	0.6828291300301841	0.2	0.0	0.2	0.0	0.0	0.2	0.0	10.0	0.1	1.1065765207442144	0.0	7.9909154630913255	2.0966915677928926
eclipse.jdt.core-24934	1.2599301927099795	1.0	1.6931471805599454	0.35873774764475586	0.3888002414352356	0.37785375463699444	0.6248238040019658	0.11969280794662597	0.3888002414352356	0.37785375463699444	0.6248238040019658	0.11969280794662597	0.3487804073245438	0.35157296966019413	0.6838014947650576	0.15582733547383562	0.3109798673511906	0.6484270303398059	0.6	0.2	0.6	0.2	0.3	0.2	0.3	10.0	0.0	1.765748847250146	1.7481193645613675	3.0280708328314176	0.43541208646783935
eclipse.jdt.core-385132	1.2746530721670275	1.0	2.09861228866811	0.5085586693530303	0.5844992083551005	0.6207948613879415	1.0	0.19588633340642525	0.5844992083551005	0.6207948613879415	1.0	0.19588633340642525	0.348639041614109	0.3512515291020987	0.6838014947650576	0.15579990109868042	0.37896514893914984	0.6487484708979012	0.6	0.1	0.6	0.2	0.1	0.7	0.0	10.0	0.1	1.7688280374705947	2.114877955141878	4.223473686474287	1.3679342546043818
eclipse.jdt.core-417388	1.3583518938456112	1.0	2.09861228866811	0.511204845345069	0.439963594032803	0.3503712921277302	1.0	0.2518871337284565	0.439963594032803	0.3503712921277302	1.0	0.2518871337284565	0.309576161003056	0.31585736479709586	0.6838014947650576	0.16846221783154283	0.3538433719289552	0.6841426352029041	0.4	0.1	0.4	0.1	0.0	0.3	0.2	10.0	0.0	1.2381770743284641	1.3098292560792084	2.614249130132312	0.6996070077089842
eclipse.jdt.core-148328	1.3106133312235002	1.0	2.09861228866811	0.4465758384448279	0.4578649192876795	0.35192244329226574	0.9201819031845418	0.23868106361761895	0.4578649192876795	0.35192244329226574	0.9201819031845418	0.23868106361761895	0.3153421508428229	0.317674605869208	0.6838014947650576	0.17200437531196575	0.33242750111024355	0.6823253941307921	0.5	0.2	0.5	0.4	0.0	0.5	0.3	10.0	0.2	0.9770050305155408	1.0142756518240492	3.880041598918014	1.0031546130776776
eclipse.jdt.core-396139	1.2599301927099795	1.0	1.6931471805599454	0.35873774764475586	0.7715953292234429	0.7936737810196	1.0	0.14906293303589313	0.7715953292234429	0.7936737810196	1.0	0.14906293303589313	0.3103539224480871	0.31642683879718725	0.6838014947650576	0.16826556977848872	0.4263620946896987	0.6835731612028128	0.7	0.3	0.7	0.1	0.0	0.8	0.0	10.0	0.0	0.8507594099685044	0.0	5.425966105629788	1.6170152038842602
eclipse.jdt.core-483690	1.462098120373297	1.6931471805599454	1.6931471805599454	0.4001887112843146	0.6086494548820929	0.6288821055658715	0.8734913905634314	0.22630300798959913	0.6086494548820929	0.6288821055658715	0.8734913905634314	0.22630300798959913	0.3111739252270488	0.3173573611145242	0.6838014947650576	0.1738340313580713	0.41227384831109126	0.6826426388854758	0.3	0.2	0.3	0.0	0.0	0.2	0.1	10.0	0.4	2.0758764517494215	2.0289129487136592	6.486838066315051	1.6954468301552035
eclipse.jdt.core-430451	1.4986230058205345	1.3465735902799727	2.09861228866811	0.5493243487474814	0.6328621962087913	0.6441789624254326	0.8146684455957106	0.15781215521060352	0.6328621962087913	0.6441789624254326	0.8146684455957106	0.15781215521060352	0.3086699544648893	0.31585736479709586	0.6838014947650576	0.16741450786634743	0.30204840068763406	0.6841426352029041	0.8	0.3	0.8	0.0	0.0	0.7	0.1	10.0	0.1	1.4677497640437158	1.9117453355642375	5.46518681878307	1.5026346325456639
eclipse.jdt.core-423280	2.370159730835498	2.4978661367769956	2.791759469228055	0.4808349360320469	0.8495015275619522	0.8802729522316001	1.0	0.12164231406690569	0.8495015275619522	0.8802729522316001	1.0	0.12164231406690569	0.33263420446274555	0.3366579190209502	0.6838014947650576	0.15977606013677412	0.3899128652420654	0.6633420809790498	0.4	0.0	0.4	0.0	0.0	0.4	0.0	10.0	0.1	2.0407702660171765	0.0	8.68406264365127	3.1531540607046864
eclipse.jdt.core-401790	1.3465735902799727	1.3465735902799727	1.6931471805599454	0.37050275260909293	0.5466114994746779	0.5229738668596424	0.7469835607605417	0.12329831828774547	0.5466114994746779	0.5229738668596424	0.7469835607605417	0.12329831828774547	0.34913258297917843	0.35150834658769353	0.6838014947650576	0.1550589575853162	0.36138284863551023	0.6484916534123064	0.7	0.3	0.7	0.1	0.1	0.3	0.4	10.0	0.3	2.053324022762528	2.2314880650232305	3.2287415282935688	0.8276794450301894
eclipse.jdt.core-23162	1.4332169878499659	1.3465735902799727	2.386294361119891	0.5157180055768339	0.5002624210871827	0.47259397147659377	0.9201819031845418	0.20733818068883933	0.5002624210871827	0.47259397147659377	0.9201819031845418	0.20733818068883933	0.35058585418343013	0.3521781341962989	0.6838014947650576	0.15540591919159644	0.30786794670672385	0.6478218658037012	0.7	0.3	0.7	0.1	0.0	0.5	0.3	10.0	0.1	1.3608943455142717	1.5851161687698399	2.9802801689950695	0.8472955549812906
eclipse.jdt.core-55930	1.462098120373297	1.6931471805599454	1.6931471805599454	0.4001887112843146	0.4879864874748079	0.446746846588586	0.8734913905634314	0.1769452324120099	0.4879864874748079	0.446746846588586	0.8734913905634314	0.1769452324120099	0.31235688877863615	0.3201656215141489	0.6838014947650576	0.17344181190015945	0.35954485378767626	0.6798343784858512	0.3	0.3	0.3	0.1	0.0	0.1	0.2	10.0	0.1	2.4880690293580106	2.2930596071047633	5.282865261989115	0.9241244850619333
eclipse.jdt.core-406396	1.3531170922608828	1.0	2.09861228866811	0.43676121550370045	0.614072208113237	0.6687890100799495	0.8403640012786583	0.17512778031572662	0.614072208113237	0.6687890100799495	0.8403640012786583	0.17512778031572662	0.3138693733710151	0.323300906606545	0.6838014947650576	0.17352417596486225	0.33429588552284073	0.676699093393455	0.9	0.3	0.9	0.0	0.2	0.6	0.1	10.0	0.0	1.6801409271511207	1.8733690775122644	5.506008813303325	1.3147213918460667
eclipse.jdt.core-17531	1.5202368030138023	1.0	2.791759469228055	0.6772126651043205	0.6030251853370554	0.61286919372297	0.8734913905634314	0.20761659376508812	0.6030251853370554	0.61286919372297	0.8734913905634314	0.20761659376508812	0.31475779708632906	0.3175438522592323	0.6838014947650576	0.17259714002088422	0.367300326944669	0.6824561477407677	0.8	0.5	0.8	0.2	0.1	0.7	0.1	10.0	0.0	1.294349655106649	1.2064829925325744	5.425966105629788	1.431927417438831
eclipse.jdt.core-429949	1.138629436111989	1.0	1.6931471805599454	0.30998484282887173	0.5602723840229992	0.5246998850208383	1.0	0.25650161419310197	0.5602723840229992	0.5246998850208383	1.0	0.25650161419310197	0.31473799432872734	0.323300906606545	0.6838014947650576	0.1718645616440208	0.3227410590076168	0.676699093393455	0.3	0.0	0.3	0.2	0.0	0.5	0.0	10.0	0.2	1.284004946344368	1.270092353460826	4.225846870619843	1.1752014332796568
eclipse.jdt.core-150655	1.3465735902799727	1.0	2.386294361119891	0.5799285384793035	0.4778481165836834	0.49306593914710717	0.660941190840643	0.15120969822682892	0.4778481165836834	0.49306593914710717	0.660941190840643	0.15120969822682892	0.3166271631497257	0.3201656215141489	0.6838014947650576	0.17156235141180473	0.3746513147295958	0.6798343784858512	0.5	0.4	0.5	0.1	0.1	0.4	0.1	10.0	0.0	1.8059540766782483	1.7465058734323438	3.195124917494584	0.7020605697668475
eclipse.jdt.core-439431	2.242453324894	2.242453324894	2.791759469228055	0.7768361992120931	0.7253059206386808	0.6816364955661339	1.0	0.14960068593912323	0.7253059206386808	0.6816364955661339	1.0	0.14960068593912323	0.3277626026240399	0.3313770940936607	0.6838014947650576	0.16212470295518375	0.33088789402827645	0.6686229059063393	0.2	0.1	0.2	0.0	0.0	0.2	0.0	10.0	0.0	1.595056645362257	0.0	6.19915599386327	2.0112940932533423
eclipse.jdt.core-277382	1.4251496727077695	1.0	2.6094379124341005	0.6360227326443643	0.650549148399627	0.6926846593437919	0.9201819031845418	0.19389622541747584	0.650549148399627	0.6926846593437919	0.9201819031845418	0.19389622541747584	0.34354658561547186	0.34718004715768475	0.6838014947650576	0.15553357693655173	0.41344191584434753	0.6528199528423153	0.7	0.2	0.7	0.1	0.0	0.8	0.0	10.0	0.0	1.5230848197529347	0.4423594839214517	6.8923031744232155	1.7928707663891548
eclipse.jdt.core-222080	1.1220680320742344	1.0	2.09861228866811	0.36620409622270333	0.5483958388296151	0.5193309918698206	0.8403640012786583	0.13838781288641774	0.5483958388296151	0.5193309918698206	0.8403640012786583	0.13838781288641774	0.28890021132782556	0.317674605869208	0.5808169306862567	0.1561959962244572	0.3177255753376451	0.6823253941307921	0.9	0.4	0.9	0.0	0.2	0.6	0.1	10.0	0.0	1.6412553960674476	1.9449627306992734	4.36657453011496	1.2531531219711856
eclipse.jdt.core-442245	1.2772588722239782	1.0	2.386294361119891	0.4846525973703096	0.6417945490834904	0.6525005350122854	0.8403640012786583	0.1416654469176751	0.6417945490834904	0.6525005350122854	0.8403640012786583	0.1416654469176751	0.28588785492833435	0.2898135306309021	0.5808169306862567	0.14576024260812911	0.3441341443028987	0.7101864693690979	0.9	0.6	0.9	0.1	0.1	0.6	0.3	10.0	0.0	2.1091793473766676	2.3384262828226747	5.911473921411489	1.5517600711676434
eclipse.jdt.core-417669	1.0	1.0	1.0	0.0	0.5877755476826484	0.5682477143590795	1.0	0.1683392023639661	0.5877755476826484	0.5682477143590795	1.0	0.1683392023639661	0.30975837695528047	0.3163952268012398	0.6838014947650576	0.16806657235907832	0.2511620684254353	0.6836047731987602	0.3	0.2	0.3	0.0	0.1	0.2	0.0	10.0	0.0	1.8665304997151386	1.940710420960743	5.073144731007046	1.4921329388619524
eclipse.jdt.core-405125	1.138629436111989	1.0	1.6931471805599454	0.2922565125724551	0.4987831759185365	0.4336244155576289	0.7469835607605417	0.18817672578987807	0.4987831759185365	0.4336244155576289	0.7469835607605417	0.18817672578987807	0.3137949292267525	0.323300906606545	0.6838014947650576	0.173713916272353	0.3119485672795598	0.676699093393455	1.0	0.4	1.0	0.0	0.5	0.3	0.2	10.0	0.0	1.9371497157790145	1.9294585441633083	4.471935045772787	0.9722013680285813
eclipse.jdt.core-455042	1.0693147180559945	1.0	1.6931471805599454	0.21919238442934133	0.6721480423706606	0.6704579201206048	0.8734913905634314	0.16847941945832798	0.6721480423706606	0.6704579201206048	0.8734913905634314	0.16847941945832798	0.2849926359350822	0.28427126547037035	0.5808169306862567	0.14344037189197653	0.4087049049887271	0.7157287345296297	0.9	0.2	0.9	0.1	0.2	0.7	0.1	10.0	0.0	1.4036104877541602	1.5451956437057468	4.752237010926945	1.576811871062556
eclipse.jdt.core-405889	1.1732867951399863	1.0	1.6931471805599454	0.3465735902799727	0.5520856466211107	0.4643851163775407	0.9201819031845418	0.2262944269989905	0.5520856466211107	0.4643851163775407	0.9201819031845418	0.2262944269989905	0.30763132839476404	0.31556048284140825	0.6838014947650576	0.16764883148470638	0.2970740599945604	0.6844395171585917	0.4	0.1	0.4	0.0	0.2	0.2	0.0	10.0	0.0	1.7486892617884646	1.8638037077206446	4.449956139054011	1.0611325583204625
eclipse.jdt.core-424591	1.5522014777306667	1.6931471805599454	2.386294361119891	0.5648315851940942	0.6717401494325005	0.7258115613641962	1.0	0.237875345585378	0.6717401494325005	0.7258115613641962	1.0	0.237875345585378	0.3051826773852333	0.31717086996981597	0.5948311147025853	0.15361333202762295	0.31148699112017464	0.6828291300301841	0.7	0.2	0.7	0.2	0.0	0.8	0.1	10.0	0.0	1.3835838073709934	1.4466439699772506	6.486838066315051	1.532965663067349
eclipse.jdt.core-85384	1.577622650466621	1.6931471805599454	1.6931471805599454	0.2829761515034443	0.391126210987828	0.3503696725293088	0.649416624743956	0.19134473301649443	0.391126210987828	0.3503696725293088	0.649416624743956	0.19134473301649443	0.3246280509034976	0.32921731916511765	0.6667341836295159	0.16125618108489842	0.27705425647954346	0.6707826808348823	0.8571428571428571	0.42857142857142855	0.8571428571428571	0.0	0.0	0.14285714285714285	0.7142857142857143	7.0	0.0	1.4755681080629142	1.2252220666174425	3.5600986642480112	0.6705309328881247
eclipse.jdt.core-168331	1.2310490601866484	1.0	1.6931471805599454	0.4001887112843146	0.561506601421152	0.6011399329553391	1.0	0.27365889263114046	0.561506601421152	0.6011399329553391	1.0	0.27365889263114046	0.31498654154344014	0.317674605869208	0.6838014947650576	0.17267353000229932	0.31468373395203897	0.6823253941307921	0.3	0.1	0.3	0.0	0.0	0.3	0.0	10.0	0.0	1.1719326815181539	1.122108934247763	7.29776828253138	1.3115558286456737
eclipse.jdt.core-393356	2.2347572207803874	2.386294361119891	2.791759469228055	0.5148503427480927	0.7758404664067863	0.8041710645809215	1.0	0.1554869915343466	0.7758404664067863	0.8041710645809215	1.0	0.1554869915343466	0.34120054144201245	0.34458081467908974	0.6838014947650576	0.1564149471142129	0.45556647754678975	0.6554191853209103	0.4	0.0	0.4	0.1	0.0	0.5	0.0	10.0	0.1	2.205870961474342	0.0	7.9909154630913255	2.8016092248636237
eclipse.jdt.core-483467	2.174875806875973	2.2424533248940004	3.0794415416798357	0.6781740467962158	0.7916507633294824	0.8170188424223953	1.0	0.1369672518801632	0.7916507633294824	0.8170188424223953	1.0	0.1369672518801632	0.31633173761740635	0.3234546454067733	0.6838014947650576	0.16589337607803295	0.4558288287722001	0.6765453545932267	0.6	0.0	0.6	0.0	0.0	0.6	0.0	10.0	0.0	1.8333852518458726	0.0	7.9909154630913255	2.739452562673867
eclipse.jdt.core-474762	2.2347572207803874	2.386294361119891	2.791759469228055	0.5148503427480927	0.7577779360087691	0.8170188424223953	0.9201819031845418	0.1476351383348026	0.7577779360087691	0.8170188424223953	0.9201819031845418	0.1476351383348026	0.3172370857368517	0.32378268433977886	0.6838014947650576	0.1657912859609502	0.4485199250000949	0.6762173156602211	0.5	0.1	0.5	0.0	0.0	0.5	0.0	10.0	0.1	2.4807561118460564	1.1885206997670144	7.9909154630913255	2.7538092077707805
eclipse.jdt.core-424075	1.0990210257942779	1.0	1.6931471805599454	0.2619850088181714	0.649416075495071	0.6224872313139511	1.0	0.15904774806590646	0.649416075495071	0.6224872313139511	1.0	0.15904774806590646	0.3135289969237112	0.3183721876086443	0.6838014947650576	0.17152755018924026	0.2995615316768017	0.6816278123913557	0.5	0.2	0.5	0.2	0.0	0.7	0.0	10.0	0.0	2.275131266796033	2.374144365424754	5.73962366448483	1.802027502159212
eclipse.jdt.core-430987	1.4279617533648559	1.0	2.6094379124341005	0.6149712168623269	0.6608254076158221	0.6174775959340253	1.0	0.28868824328252446	0.6608254076158221	0.6174775959340253	1.0	0.28868824328252446	0.313915310346895	0.32298053313540936	0.6838014947650576	0.17248650017643694	0.3003569503695904	0.6770194668645906	0.7	0.4	0.7	0.0	0.1	0.6	0.0	10.0	0.0	2.141984797627783	1.4263549664912276	8.68406264365127	2.516842528643472
eclipse.jdt.core-252556	1.2484906649788001	1.0	2.09861228866811	0.41504737116956814	0.38808434102588407	0.4284519514410195	0.5542269942784451	0.1370593589354697	0.38808434102588407	0.4284519514410195	0.5542269942784451	0.1370593589354697	0.3381206024260114	0.34832219853657276	0.6667341836295159	0.15971926748131765	0.35959184924266707	0.6516778014634272	1.0	0.3	1.0	0.1	0.3	0.4	0.3	10.0	0.1	1.6594481446013318	1.4899595152304892	3.5850376125952637	0.6668859995971214
eclipse.jdt.core-409236	1.2310490601866484	1.0	1.6931471805599454	0.3465735902799727	0.539384411358105	0.5396106031272571	0.9201819031845418	0.2627212064347792	0.539384411358105	0.5396106031272571	0.9201819031845418	0.2627212064347792	0.33385893446073334	0.34245212959842963	0.6667341836295159	0.1599314542960401	0.25835213259755957	0.6575478704015704	0.9	0.2	0.9	0.0	0.2	0.5	0.2	10.0	0.1	1.5832502892858609	1.6216373392056886	4.87740015388095	1.1423862070486026
eclipse.jdt.core-181393	1.7167037876912221	1.6931471805599454	2.09861228866811	0.4490218126680613	0.5361595142082909	0.44973908214091624	0.8403640012786583	0.25405402182946996	0.5361595142082909	0.44973908214091624	0.8403640012786583	0.25405402182946996	0.31448517447201796	0.3173573611145242	0.6838014947650576	0.17253198789926624	0.40290592180988294	0.6826426388854758	0.5	0.1	0.5	0.0	0.0	0.2	0.3	10.0	0.2	1.759093896664515	1.1974493305113159	7.07462473121717	1.7558920753085459
eclipse.jdt.core-409245	1.3531170922608828	1.0	2.09861228866811	0.4367612155037005	0.6957398366686638	0.7258115613641962	0.9201819031845418	0.1660385343806253	0.6957398366686638	0.7258115613641962	0.9201819031845418	0.1660385343806253	0.330401352553526	0.3330958193941126	0.6667341836295159	0.15492039124310256	0.30877241040240344	0.6669041806058874	0.8	0.4	0.8	0.1	0.0	0.5	0.4	10.0	0.0	1.3233228986560828	0.0	5.282865261989115	1.6802330336791502
eclipse.jdt.core-380313	1.0866433975699932	1.0	1.6931471805599454	0.2450645358671368	0.546184769307486	0.5347065209523832	0.6807297567197331	0.101934383475429	0.546184769307486	0.5347065209523832	0.6807297567197331	0.101934383475429	0.3330408219096115	0.338056406402535	0.6667341836295159	0.15215282165938723	0.3048628213369127	0.661943593597465	0.7	0.1	0.7	0.1	0.0	0.8	0.0	10.0	0.0	1.7656480970074782	1.8673267630563017	2.7759797054823396	0.7950920311547985
eclipse.jdt.core-413083	1.0	1.0	1.0	0.0	0.3958415060172884	0.3753423110352508	0.6737488170472423	0.1685122110415511	0.3958415060172884	0.3753423110352508	0.6737488170472423	0.1685122110415511	0.3383413308784717	0.34076003246102726	0.6667341836295159	0.15597473739979037	0.31199752616899784	0.6592399675389727	0.7	0.3	0.7	0.2	0.8	0.1	0.0	10.0	0.1	1.5396674128109906	1.5308316061192895	2.3604207842049565	0.45359325485296165
eclipse.jdt.core-399769	1.3531170922608828	1.0	2.386294361119891	0.5575604118369778	0.5781036296601065	0.5755816681652953	0.9201819031845418	0.18456925581506464	0.5781036296601065	0.5755816681652953	0.9201819031845418	0.18456925581506464	0.33821294734652496	0.3443625207074609	0.6667341836295159	0.15495259083025642	0.26877738537014517	0.6556374792925391	0.7	0.3	0.7	0.3	0.1	0.7	0.1	10.0	0.0	1.4094306767520135	1.8841710105450782	4.58971808142917	1.2037271266305576
eclipse.jdt.core-415911	1.1732867951399863	1.0	1.6931471805599454	0.3465735902799727	0.45488489252540676	0.42241897387003924	0.7469835607605417	0.1648363818215989	0.45488489252540676	0.42241897387003924	0.7469835607605417	0.1648363818215989	0.3074985873099273	0.31556048284140825	0.6838014947650576	0.16801045126691233	0.22319913774466435	0.6844395171585917	0.3	0.1	0.3	0.1	0.1	0.3	0.0	10.0	0.0	1.7573163602218964	1.69104752071831	3.4529540267966836	0.6550731197173885
eclipse.jdt.core-420004	1.198042051588556	1.0	1.6931471805599454	0.33822119203626044	0.5798248895261833	0.5416407716265681	0.9201819031845418	0.18251169313064422	0.5798248895261833	0.5416407716265681	0.9201819031845418	0.18251169313064422	0.3375589308761269	0.34600436854785976	0.6667341836295159	0.15460660341749594	0.25875198067749416	0.6539956314521402	0.5	0.3	0.5	0.2	0.2	0.3	0.2	10.0	0.0	1.330124267320632	1.528666341754536	4.030102293493747	1.159710948508264
eclipse.jdt.core-421796	1.1732867951399863	1.0	2.386294361119891	0.4901290717342736	0.6619946169990768	0.7409173445865768	0.8146684455957106	0.171149681696805	0.6619946169990768	0.7409173445865768	0.8146684455957106	0.171149681696805	0.31382854767152624	0.3199497686679096	0.6838014947650576	0.17164689615026776	0.35894258021799236	0.6800502313320904	0.8	0.3	0.8	0.0	0.1	0.7	0.0	10.0	0.0	1.8376398995450347	1.8717175494737914	5.282865261989115	1.6531623323574842
eclipse.jdt.core-467618	1.462098120373297	1.0	2.386294361119891	0.6002830669264719	0.5599599936150857	0.6106963266196617	0.7138565612886493	0.14555988505512757	0.5599599936150857	0.6106963266196617	0.7138565612886493	0.14555988505512757	0.3379362611534073	0.344144226735832	0.6667341836295159	0.15113285161982862	0.4619949608804517	0.655855773264168	0.8	0.4	0.8	0.1	0.1	0.6	0.2	10.0	0.1	1.1765665757140151	1.2557294494604645	3.941306794710616	1.142489928556021
eclipse.jdt.core-217002	1.5972531564093517	1.6931471805599454	2.09861228866811	0.4968975653826383	0.5506385303715153	0.4917520851065722	0.9201819031845418	0.20808288047461604	0.5506385303715153	0.4917520851065722	0.9201819031845418	0.20808288047461604	0.31308906078651	0.31686606296787856	0.6838014947650576	0.17284651657554015	0.4476201556893765	0.6831339370321214	0.5	0.1	0.5	0.1	0.0	0.6	0.0	10.0	0.2	1.8848513710632429	2.015580297913227	4.6767294584188	1.2086191711166527
eclipse.jdt.core-431275	1.8958797346140277	1.8958797346140277	2.09861228866811	0.23409538931324955	0.6915443339575925	0.7003727649530755	0.8403640012786583	0.11591371176588561	0.6915443339575925	0.7003727649530755	0.8403640012786583	0.11591371176588561	0.34696868777549306	0.34944385181010873	0.6838014947650576	0.1551657895234569	0.44057595154992496	0.6505561481898913	0.4	0.0	0.4	0.0	0.0	0.4	0.0	10.0	0.2	1.6951172885685721	0.0	6.119113286189734	2.109118662510843
eclipse.jdt.core-426678	1.3080654135821979	1.0	1.6931471805599454	0.36532064071556886	0.5370350636648082	0.5315539706778692	0.9201819031845418	0.21181593241719837	0.5370350636648082	0.5315539706778692	0.9201819031845418	0.21181593241719837	0.343241252444145	0.3474279224166298	0.6667341836295159	0.15052808412624338	0.27208243921275255	0.6525720775833702	0.8	0.2	0.8	0.1	0.1	0.6	0.2	10.0	0.1	1.317613076110044	1.3094336284323256	3.4349355212940056	1.0504813822114156
eclipse.jdt.core-485302	1.0	1.0	1.0	0.0	0.306885751686818	0.24741160236847812	0.5472464443845282	0.14015123852582884	0.306885751686818	0.24741160236847812	0.5472464443845282	0.14015123852582884	0.3444756886281316	0.34832219853657276	0.6667341836295159	0.15022549404636648	0.2757904690424537	0.6516778014634272	0.4	0.0	0.4	0.0	0.4	0.0	0.0	5.0	0.0	1.4060974853833041	1.3645254046731858	2.2067057393225094	0.38500067615172623
eclipse.jdt.core-88757	1.6742695098049012	1.6931471805599454	2.791759469228055	0.7497420083862942	0.49452699678669454	0.466356436606906	1.0	0.23941385346979424	0.49452699678669454	0.466356436606906	1.0	0.23941385346979424	0.3137399601760735	0.323300906606545	0.6838014947650576	0.17380752445887335	0.3420553641633868	0.676699093393455	0.8	0.3	0.8	0.1	0.0	0.6	0.3	10.0	0.1	1.3626809752955353	1.4920516098909826	3.060948072062524	0.927322990065319
eclipse.jdt.core-29621	1.7921682063542232	1.6931471805599454	2.386294361119891	0.6236490632753796	0.5256452726190093	0.5299921758190493	0.8146684455957106	0.151139597752173	0.5256452726190093	0.5299921758190493	0.8146684455957106	0.151139597752173	0.3407593201854894	0.3474279224166298	0.6667341836295159	0.15257506431572607	0.45790600402908355	0.6525720775833702	0.6	0.1	0.6	0.1	0.0	0.7	0.0	10.0	0.1	2.1273006780466015	2.122886918824253	3.816528193195688	0.7671318158334498
eclipse.jdt.core-162740	1.138629436111989	1.0	1.6931471805599454	0.2922565125724551	0.5721671616174505	0.5438356032946692	0.8734913905634314	0.2062571217274246	0.5721671616174505	0.5438356032946692	0.8734913905634314	0.2062571217274246	0.34049287531177463	0.34458081467908974	0.6667341836295159	0.15274100864635576	0.36454750792235047	0.6554191853209103	0.9	0.2	0.9	0.1	0.1	0.9	0.0	10.0	0.0	1.4281153900606374	1.63365106426761	4.078892457663179	1.0960396894768212
eclipse.jdt.core-460465	1.4611099317642422	1.3465735902799727	2.6094379124341005	0.5770207327745621	0.5448398103756394	0.5499892514445852	0.775922895311158	0.18664372469236015	0.5448398103756394	0.5499892514445852	0.775922895311158	0.18664372469236015	0.31128336453180466	0.3176092290642202	0.6838014947650576	0.17350407336179138	0.3136094306843775	0.6823907709357798	0.7	0.3	0.7	0.1	0.2	0.3	0.3	10.0	0.0	1.7746992356912363	1.8435161143625833	4.4355674016019115	1.0613270697932946
eclipse.jdt.core-476859	1.3080654135821979	1.0	1.6931471805599454	0.36532064071556886	0.5892626705111614	0.5362215905380919	0.9201819031845418	0.1726621173345211	0.5892626705111614	0.5362215905380919	0.9201819031845418	0.1726621173345211	0.34046238462968365	0.34600436854785976	0.6667341836295159	0.15298524652371867	0.3045738116958327	0.6539956314521402	0.9	0.2	0.9	0.0	0.1	0.6	0.2	10.0	0.0	1.7869249987373488	1.9180355244978347	4.995183189537334	1.3260102322733196
eclipse.jdt.core-15036	2.916781821216981	2.9459101490553135	3.4849066497880004	0.4519227296649537	0.4661736213779025	0.383516517647959	0.7469835607605417	0.18235750841863796	0.4661736213779025	0.383516517647959	0.7469835607605417	0.18235750841863796	0.313604009695106	0.317674605869208	0.6838014947650576	0.16786687594620356	0.3529553701993627	0.6823253941307921	0.5	0.0	0.5	0.1	0.0	0.4	0.2	10.0	0.0	2.1667516877884503	2.1789779938762965	5.7936908857551055	1.0266432547881859
eclipse.jdt.core-464570	2.5634572028938685	2.4978661367769956	3.5649493574615367	1.0106393427816338	0.8058089834998976	0.9367456952817157	1.0	0.23040372271453236	0.8058089834998976	0.9367456952817157	1.0	0.23040372271453236	0.32001835678114776	0.32559924464787104	0.6838014947650576	0.1645773439376738	0.4331899190729347	0.674400755352129	0.4	0.1	0.4	0.0	0.0	0.4	0.0	10.0	0.0	2.7267993954338503	2.168165469371081	8.68406264365127	3.1066778602080496
eclipse.jdt.core-401848	1.0990210257942779	1.0	1.6931471805599454	0.2619850088181714	0.492956871338411	0.4959885614009102	0.649416624743956	0.09374551403985305	0.492956871338411	0.4959885614009102	0.649416624743956	0.09374551403985305	0.3433649455007533	0.3474279224166298	0.6667341836295159	0.15239326285614396	0.3265838989937295	0.6525720775833702	0.6	0.4	0.6	0.1	0.1	0.5	0.1	10.0	0.0	1.2605322695906869	1.3788744282582333	3.9942093704331403	0.9322490109913513
eclipse.jdt.core-488888	2.6448128030025253	2.700598690831078	2.791759469228055	0.19258748064688902	0.8460504118594636	0.8802729522316001	1.0	0.15450056204326934	0.8460504118594636	0.8802729522316001	1.0	0.15450056204326934	0.3122138763067796	0.3175438522592323	0.6838014947650576	0.16761894286929077	0.5249493377596824	0.6824561477407677	0.4	0.0	0.4	0.0	0.0	0.4	0.0	10.0	0.0	2.336565109246397	0.0	8.68406264365127	3.0274611888303498
eclipse.jdt.core-434630	1.3465735902799727	1.3465735902799727	1.6931471805599454	0.36532064071556886	0.492782737318429	0.4936384569042809	0.7348511284126118	0.11743276036237452	0.492782737318429	0.4936384569042809	0.7348511284126118	0.11743276036237452	0.3438619204608769	0.3474279224166298	0.6667341836295159	0.15175879268911918	0.2767294036825454	0.6525720775833702	1.0	0.2	1.0	0.0	0.1	0.8	0.1	10.0	0.1	1.6094025767028666	1.9405083803498933	3.5680668338971886	1.0549319586359616
eclipse.jdt.core-79809	1.3465735902799727	1.3465735902799727	1.6931471805599454	0.37050275260909293	0.5889113361615106	0.6270819068376596	1.0	0.20994609039659645	0.5889113361615106	0.6270819068376596	1.0	0.20994609039659645	0.3121821371056933	0.31950976900799505	0.6838014947650576	0.1734231173629578	0.3182699063110489	0.6804902309920049	0.6	0.1	0.6	0.2	0.0	0.8	0.0	10.0	0.0	1.3725460190968255	1.611923508561846	4.3845122308016276	1.2342392532326045
eclipse.jdt.core-176320	1.4158883083359672	1.3465735902799727	2.386294361119891	0.4846525973703096	0.6899698661863891	0.7605464891889542	0.8403640012786583	0.1508548016439585	0.6899698661863891	0.7605464891889542	0.8403640012786583	0.1508548016439585	0.3410110579017081	0.34076003246102726	0.6667341836295159	0.1508277112678679	0.3867367996577538	0.6592399675389727	1.0	0.5	1.0	0.1	0.0	0.7	0.3	10.0	0.0	0.9060162685275509	0.0	4.449956139054011	1.3693613148545498
eclipse.jdt.core-124099	1.4969813299576002	1.6931471805599454	2.09861228866811	0.4829344616552179	0.685752375976906	0.7293635776803951	1.0	0.23380501818349184	0.685752375976906	0.7293635776803951	1.0	0.23380501818349184	0.31052495028638094	0.3164584507931346	0.6838014947650576	0.16999132497034777	0.5011838374142255	0.6835415492068654	0.5	0.1	0.5	0.0	0.1	0.4	0.0	10.0	0.2	1.4575648780406358	0.3263342268860602	8.68406264365127	1.9196385944371905
eclipse.jdt.core-126914	1.4301334456564323	1.0	2.386294361119891	0.5505149878376742	0.5100587817474983	0.4391382900677987	0.8403640012786583	0.230611218128475	0.5100587817474983	0.4391382900677987	0.8403640012786583	0.230611218128475	0.3132225364850944	0.3173573611145242	0.6838014947650576	0.17107982165096872	0.32942987919747074	0.6826426388854758	0.7	0.4	0.7	0.2	0.1	0.5	0.3	10.0	0.1	2.09685523741695	1.887425162456756	5.351858133476067	1.1537110749282111
eclipse.jdt.core-435397	1.9134398205569987	1.8958797346140277	3.0794415416798357	0.8480018466135107	0.8314507660910953	0.9201820006393291	1.0	0.20462637794621233	0.8314507660910953	0.9201820006393291	1.0	0.20462637794621233	0.311143707482493	0.317674605869208	0.6838014947650576	0.1731853650982802	0.3497457736729651	0.6823253941307921	0.3	0.1	0.3	0.3	0.0	0.6	0.0	10.0	0.0	4.449131631841554	4.641011375816721	8.68406264365127	2.9009075566171165
eclipse.jdt.core-373953	1.4346692228253497	1.0	2.6094379124341005	0.7036154669308311	0.37572226060717845	0.39265525094720993	0.6248238040019658	0.1763650915850323	0.37572226060717845	0.39265525094720993	0.6248238040019658	0.1763650915850323	0.34317475952903276	0.34458081467908974	0.6838014947650576	0.15442174835071631	0.32804973109109886	0.6554191853209103	0.8	0.3	0.8	0.1	0.1	0.5	0.3	10.0	0.0	1.3199527921012804	1.2585793018504003	3.2013425541054548	0.6463158617823651
eclipse.jdt.core-426434	1.3106133312235002	1.0	2.386294361119891	0.5802605183653424	0.5557055052859555	0.4864637451658015	0.7936736835661323	0.12838094546601878	0.5557055052859555	0.4864637451658015	0.7936736835661323	0.12838094546601878	0.30863622769383425	0.31603943452719785	0.6838014947650576	0.16764338465613068	0.39981334380597844	0.6839605654728022	0.7	0.3	0.7	0.1	0.2	0.5	0.1	10.0	0.1	2.072137027678565	2.2983062890332495	3.896570900869224	1.063594291829318
eclipse.jdt.core-429763	1.0990210257942779	1.0	1.6931471805599454	0.26198500881817144	0.3179722066986121	0.2851223419156802	0.4884297358106707	0.11810765220637638	0.3179722066986121	0.2851223419156802	0.4884297358106707	0.11810765220637638	0.3147031180206166	0.32298053313540936	0.6838014947650576	0.1717522828452735	0.34014746869820767	0.6770194668645906	0.6	0.1	0.6	0.1	0.3	0.4	0.0	10.0	0.2	1.28264582793282	1.3165119120159217	2.969779934361203	0.7561488328735005
eclipse.jdt.core-399567	1.7607246985779728	1.6931471805599454	2.09861228866811	0.1655304372279036	0.6718649959767302	0.667523634022605	0.9201819031845418	0.1852578029704276	0.6718649959767302	0.667523634022605	0.9201819031845418	0.1852578029704276	0.3087291853600526	0.31576140908588785	0.6838014947650576	0.16788440618651115	0.335954888735367	0.6842385909141122	0.5	0.2	0.5	0.1	0.0	0.6	0.0	10.0	0.1	2.7836077036572044	3.15067315492375	7.585450354983161	2.1160721706229744
eclipse.jdt.core-180169	1.2079441541679836	1.0	1.6931471805599454	0.3348218978017722	0.5159488257669121	0.46729159256691916	0.8734913905634314	0.16443471282277125	0.5159488257669121	0.46729159256691916	0.8734913905634314	0.16443471282277125	0.3447528277500039	0.3469321718987397	0.6838014947650576	0.15364780709722486	0.42257564441614603	0.6530678281012603	1.0	0.5	1.0	0.0	0.2	0.5	0.3	10.0	0.0	2.3648164367124203	1.9987125522772908	5.388225777646941	0.998732782015247
eclipse.jdt.core-65738	1.6292178311262164	1.6931471805599454	2.386294361119891	0.5260505332175749	0.4802865661752017	0.4841991182365108	0.6737488170472423	0.13792087141872403	0.4802865661752017	0.4841991182365108	0.6737488170472423	0.13792087141872403	0.3479926578280065	0.34841243697515345	0.6838014947650576	0.1534597448707601	0.34551730390527746	0.6515875630248465	0.7	0.4	0.7	0.3	0.1	0.7	0.1	10.0	0.0	1.68275976540407	1.7645004187127908	3.5200933296343124	0.8548153909904058
eclipse.jdt.core-403147	1.2079441541679836	1.0	1.6931471805599454	0.33482189780177213	0.724223366669733	0.7215447643494212	1.0	0.1917201481662077	0.724223366669733	0.7215447643494212	1.0	0.1917201481662077	0.34401902013245683	0.34718004715768475	0.6838014947650576	0.15510247589807746	0.4592710724226144	0.6528199528423153	1.0	0.6	1.0	0.1	0.0	0.7	0.3	10.0	0.0	1.6298174255762985	0.0	7.29776828253138	1.8400355027953799
eclipse.jdt.core-176591	1.138629436111989	1.0	1.6931471805599454	0.30998484282887173	0.5869998492541897	0.5749342975868389	0.8403640012786583	0.13310341178530763	0.5869998492541897	0.5749342975868389	0.8403640012786583	0.13310341178530763	0.31479062337688335	0.3175438522592323	0.6838014947650576	0.17240190414279913	0.38208614559092685	0.6824561477407677	0.4	0.3	0.4	0.1	0.2	0.2	0.1	10.0	0.0	2.2267269801980567	2.410842642761147	4.946393025367902	1.3873892634373404
eclipse.jdt.core-456395	1.0990210257942779	1.0	1.6931471805599454	0.2619850088181714	0.37017246682137883	0.3856527544484034	0.5752203920449158	0.145335073139195	0.37017246682137883	0.3856527544484034	0.5752203920449158	0.145335073139195	0.31468802613391883	0.3234786351597382	0.6838014947650576	0.17298949188462018	0.37386997295984997	0.6765213648402618	0.7	0.3	0.7	0.0	0.1	0.5	0.1	10.0	0.0	1.3809900292040374	1.2085474901168887	2.4809044614370035	0.5435536460133311
eclipse.jdt.core-427218	1.0770163533955495	1.0	1.6931471805599454	0.23104906018664842	0.3803360017919501	0.335428177500462	0.775922895311158	0.16804365913198344	0.3803360017919501	0.335428177500462	0.775922895311158	0.16804365913198344	0.34619625919787134	0.3485026754137342	0.6838014947650576	0.15470872413644274	0.2693723960349544	0.6514973245862659	0.9	0.1	0.9	0.0	0.2	0.7	0.0	10.0	0.1	1.7671665034822033	1.7940085651464754	3.1828044331065435	0.5525739357336932
eclipse.jdt.core-412882	1.9506304124427003	2.151292546497023	2.791759469228055	0.8305716960119943	0.625331535729815	0.5530888812888651	1.0	0.23436104064445215	0.625331535729815	0.5530888812888651	1.0	0.23436104064445215	0.30673328899393293	0.3153398037424089	0.6838014947650576	0.1678812699843314	0.41220453291951636	0.6846601962575911	0.6	0.2	0.6	0.1	0.0	0.3	0.3	10.0	0.2	2.5006340855686093	3.009207375863175	6.8923031744232155	1.7077529500095476
eclipse.jdt.core-391376	1.4836281906951478	1.0	2.9459101490553135	0.6945786072935971	0.6902653733316104	0.753765024974748	0.9201819031845418	0.19801806512543382	0.6902653733316104	0.753765024974748	0.9201819031845418	0.19801806512543382	0.3428402529546417	0.3469321718987397	0.6838014947650576	0.1555577773602757	0.300832214476946	0.6530678281012603	0.9	0.2	0.9	0.1	0.0	0.7	0.3	10.0	0.1	0.8741763888016457	0.0	4.407396524635215	1.3658322103922065
eclipse.jdt.core-427216	1.2599301927099795	1.0	2.386294361119891	0.5157180055768339	0.8521135863655634	0.8440799180795711	1.0	0.12889300729072	0.8521135863655634	0.8440799180795711	1.0	0.12889300729072	0.32899295211969826	0.333839543606263	0.6838014947650576	0.1616110325220617	0.2786333294686328	0.666160456393737	0.5	0.0	0.5	0.3	0.0	0.8	0.0	10.0	0.0	0.5045451403604376	0.0	7.585450354983161	1.6992095717493776
eclipse.jdt.core-412639	2.6566044331920002	2.791759469228055	3.4849066497880004	0.9034935869814078	0.8224036280170266	0.8335825370647818	1.0	0.1428102571022844	0.8224036280170266	0.8335825370647818	1.0	0.1428102571022844	0.3380607974592115	0.34339617463198285	0.6838014947650576	0.15801108094751334	0.38534296020073583	0.6566038253680171	0.3	0.0	0.3	0.0	0.0	0.3	0.0	10.0	0.0	3.2584561244408174	4.327353816961678	8.68406264365127	3.1088340475132017
eclipse.jdt.core-478427	1.7324081924454067	2.09861228866811	2.09861228866811	0.6342841005975641	0.6660931302855942	0.6650749447948016	1.0	0.26512720591925365	0.6660931302855942	0.6650749447948016	1.0	0.26512720591925365	0.30815827326952544	0.31576140908588785	0.6838014947650576	0.1681952148537734	0.3916501092690458	0.6842385909141122	0.3	0.0	0.3	0.0	0.0	0.2	0.1	10.0	0.0	3.782193609765836	3.2591126261698675	8.68406264365127	2.1593589340244685
eclipse.jdt.core-432603	1.3981687709395678	1.0	2.09861228866811	0.4934519503074531	0.6095939387797344	0.5978511797767184	1.0	0.25730932274569834	0.6095939387797344	0.5978511797767184	1.0	0.25730932274569834	0.3131660867391265	0.3214128905892113	0.6838014947650576	0.17231405159315846	0.35095635864640384	0.6785871094107887	0.8	0.1	0.8	0.1	0.2	0.5	0.2	10.0	0.0	2.33629605325549	2.1517283514289214	6.8923031744232155	1.6089466923451896
eclipse.jdt.core-422107	1.6148132423523227	1.6931471805599454	2.6094379124341005	0.5939153976626947	0.5089287150538476	0.4336244155576289	0.7138565612886493	0.13610875470808367	0.5089287150538476	0.4336244155576289	0.7138565612886493	0.13610875470808367	0.3138935483048832	0.32331619054222815	0.6838014947650576	0.17343380875785583	0.3006895766574711	0.6766838094577718	0.6	0.2	0.6	0.1	0.0	0.3	0.3	10.0	0.0	2.1377660144920347	1.9755997001611634	4.184252973321005	0.8227052420017454
eclipse.jdt.core-413913	1.0	1.0	1.0	0.0	0.4719947392053767	0.5696024259319487	0.649416624743956	0.24150264138982971	0.4719947392053767	0.5696024259319487	0.649416624743956	0.24150264138982971	0.3438650309243959	0.3485026754137342	0.6838014947650576	0.15607710679679346	0.2905126033949528	0.6514973245862659	0.3333333333333333	0.0	0.3333333333333333	0.0	0.3333333333333333	0.0	0.0	3.0	0.0	0.867937645456404	1.1064733138411	1.4973396225281117	0.7766472398180253
eclipse.jdt.core-369381	1.0	1.0	1.0	0.0	0.3852763167215551	0.41957478207392973	0.5364775702657973	0.14163038154015448	0.3852763167215551	0.41957478207392973	0.5364775702657973	0.14163038154015448	0.3464853258594689	0.3496003444181256	0.6838014947650576	0.15626400368529372	0.37346972372852116	0.6503996555818744	0.5	0.125	0.5	0.25	0.75	0.0	0.0	8.0	0.0	1.635806359620001	1.658975441544988	2.591622179203286	0.5255614797105331
eclipse.jdt.core-165346	1.0	1.0	1.0	0.0	0.540817203499385	0.5049704046958534	0.9201819031845418	0.20648438659250146	0.540817203499385	0.5049704046958534	0.9201819031845418	0.20648438659250146	0.3151478266031538	0.31881218726855876	0.6838014947650576	0.17255544488669694	0.445711232193655	0.6811878127314412	0.2	0.1	0.2	0.2	0.1	0.3	0.0	10.0	0.0	2.362925994976578	2.238342824265692	6.045005314036012	1.2619088727579075
eclipse.jdt.core-327143	1.9301122979153509	2.09861228866811	2.6094379124341005	0.4728012787161517	0.5521750040174374	0.5752203920449158	0.775922895311158	0.15726439325927008	0.5521750040174374	0.5752203920449158	0.775922895311158	0.15726439325927008	0.31401037339637333	0.317674605869208	0.6838014947650576	0.17293438950069534	0.3859126019009479	0.6823253941307921	0.9	0.3	0.9	0.0	0.0	0.6	0.3	10.0	0.2	2.3169841219955614	2.368102050968791	4.995183189537334	1.2087446631844398
eclipse.jdt.core-396258	1.3106133312235002	1.0	2.386294361119891	0.5802605183653424	0.6586637191637328	0.7142577944580145	1.0	0.24261586029417379	0.6586637191637328	0.7142577944580145	1.0	0.24261586029417379	0.30928226635838296	0.31585736479709586	0.6838014947650576	0.1677492262157818	0.37871360446755103	0.6841426352029041	0.7	0.4	0.7	0.1	0.1	0.5	0.2	10.0	0.1	1.3370420942357264	1.2575135712539658	4.899873009733009	1.3210951385406973
eclipse.jdt.core-126180	1.1373265360835139	1.0	2.09861228866811	0.3884180996060467	0.37196234307611625	0.29269052424389586	0.7138565612886493	0.17340714328785983	0.37196234307611625	0.29269052424389586	0.7138565612886493	0.17340714328785983	0.31287110678811464	0.31717086996981597	0.6838014947650576	0.17095027945901708	0.3218616480418315	0.6828291300301841	0.6	0.4	0.6	0.2	0.3	0.5	0.0	10.0	0.0	1.4076452890032256	1.3717158774932532	2.9314900048256374	0.5503242240499658
eclipse.jdt.core-472815	1.0866433975699932	1.0	1.6931471805599454	0.24506453586713683	0.5125253636310568	0.44657365539704375	0.8403640012786583	0.2109687309050391	0.5125253636310568	0.44657365539704375	0.8403640012786583	0.2109687309050391	0.3491050014443669	0.35163759273269474	0.6838014947650576	0.15597357586663047	0.4141740961984497	0.6483624072673053	0.6	0.1	0.6	0.2	0.5	0.2	0.1	10.0	0.1	1.7613539212444793	1.8440510167556527	4.658710952916121	1.0546038184591087
eclipse.jdt.core-412650	1.0	1.0	1.0	0.0	0.5047338275613735	0.4568931742985374	1.0	0.2370304726857462	0.5047338275613735	0.4568931742985374	1.0	0.2370304726857462	0.34849097225375497	0.3512515291020987	0.6838014947650576	0.15625866561014462	0.28990080379837585	0.6487484708979012	0.6	0.3	0.6	0.1	0.1	0.6	0.0	10.0	0.1	1.5366072347506186	1.5119384219492642	4.658710952916121	0.942966236488341
eclipse.jdt.core-357110	1.7418509786986016	1.6931471805599454	2.6094379124341005	0.5933933800986342	0.6646917902650713	0.6564933792938101	1.0	0.19984303225973749	0.6646917902650713	0.6564933792938101	1.0	0.19984303225973749	0.34700421348397864	0.3509947116165039	0.6838014947650576	0.1559083875240239	0.376262151171863	0.649005288383496	0.7	0.0	0.7	0.0	0.0	0.7	0.0	10.0	0.0	1.611151605115667	1.7873683120285582	5.506008813303325	1.6323277110670955
eclipse.jdt.core-479474	1.4564348191467837	1.6931471805599454	2.09861228866811	0.4117559402672115	0.5352946595167885	0.4702966110072549	0.7936736835661323	0.1662021658187842	0.5352946595167885	0.4702966110072549	0.7936736835661323	0.1662021658187842	0.3478758406797343	0.35150834658769353	0.6838014947650576	0.1556140624598813	0.29524602023391633	0.6484916534123064	0.9	0.3	0.9	0.1	0.0	0.7	0.3	10.0	0.1	1.9246482471203714	1.9619487115877627	4.494407901624845	0.956763772676249
eclipse.jdt.core-90612	1.0	1.0	1.0	0.0	0.4316414581904799	0.401414968368704	0.8403640012786583	0.23822109958849544	0.4316414581904799	0.401414968368704	0.8403640012786583	0.23822109958849544	0.3484212468483831	0.35150834658769353	0.6838014947650576	0.15644062763725672	0.24124678583245052	0.6484916534123064	0.8	0.3	0.8	0.1	0.1	0.8	0.0	10.0	0.1	1.2797984251454981	1.2252220666174425	3.347005448787303	0.8110155663696109
eclipse.jdt.core-423409	1.9222198635284842	2.039720770839918	2.6094379124341005	0.7281477773147561	0.6069970010791158	0.7003727649530755	0.775922895311158	0.17000160434862402	0.6069970010791158	0.7003727649530755	0.775922895311158	0.17000160434862402	0.3477363025463133	0.3509947116165039	0.6838014947650576	0.1557656917550064	0.2919323326097817	0.649005288383496	0.4	0.0	0.4	0.0	0.0	0.2	0.2	10.0	0.0	1.9777669262406157	2.2101719472989956	4.732818925069843	1.3168152291598008
eclipse.jdt.core-193784	1.661182505843081	1.6931471805599454	2.386294361119891	0.5654059779946152	0.7570189348596488	0.8734913905634314	1.0	0.2136925009319781	0.7570189348596488	0.8734913905634314	1.0	0.2136925009319781	0.3128442586336999	0.3166622568805066	0.6838014947650576	0.17309155326710302	0.4396027582499873	0.6833377431194934	0.9	0.0	0.9	0.1	0.1	0.8	0.0	10.0	0.1	0.8550876655274364	0.0	6.486838066315051	1.7077929172384019
eclipse.jdt.core-441338	1.0	1.0	1.0	0.0	0.5909891445483226	0.5782872477124501	0.9201819031845418	0.18339461651964653	0.5909891445483226	0.5782872477124501	0.9201819031845418	0.18339461651964653	0.3113596933799328	0.317674605869208	0.6838014947650576	0.17314010978122718	0.3140328017997325	0.6823253941307921	0.2	0.1	0.2	0.2	0.0	0.4	0.0	10.0	0.0	2.6816902832319633	2.944913025157778	5.046476483924884	1.3155622442196964
eclipse.jdt.core-471034	1.5991464547107983	1.6931471805599454	2.6094379124341005	0.6626299968410058	0.7441432227831416	0.8170188424223953	1.0	0.22748219599109065	0.7441432227831416	0.8170188424223953	1.0	0.22748219599109065	0.31749836437001266	0.323956984472556	0.6838014947650576	0.16572867036830166	0.29983032386582176	0.676043015527444	0.4	0.2	0.4	0.1	0.0	0.4	0.1	10.0	0.1	0.9659801682145971	0.0	7.585450354983161	1.7114656678619293
eclipse.jdt.core-341499	1.6212266624470002	1.6931471805599454	2.09861228866811	0.4561303629843955	0.6178961110204774	0.6445379894299587	0.7936736835661323	0.14789796927216453	0.6178961110204774	0.6445379894299587	0.7936736835661323	0.14789796927216453	0.31377557990278643	0.3176092290642202	0.6838014947650576	0.17241571540154924	0.49333674184502707	0.6823907709357798	0.4	0.2	0.4	0.0	0.0	0.3	0.1	10.0	0.3	2.5502799934114115	2.952109292028373	6.304516509521097	1.8979739555842383
eclipse.jdt.core-403705	1.1732867951399863	1.0	1.6931471805599454	0.3465735902799727	0.43775454537029057	0.48443615866432654	0.649416624743956	0.1625694435412101	0.43775454537029057	0.48443615866432654	0.649416624743956	0.1625694435412101	0.3515098031882725	0.35288192300898147	0.6838014947650576	0.15566121869319438	0.28292577475449066	0.6471180769910185	0.4444444444444444	0.0	0.4444444444444444	0.0	0.0	0.3333333333333333	0.1111111111111111	9.0	0.0	1.6154866119549514	1.6337527244868304	3.5680668338971886	0.7046945727101042
