40707	41
170502	1
34052	2
335363	25
229380	118
77064	5
13834	95
6411	8
94474	116
12300	6
125196	7
23568	6
286229	7
5653	28
321043	26
112670	-1
24863	4
21792	6
40744	1
223530	1
124203	62
15662	44
399913	1
13364	48
255031	748
372030	1
16446	3
15678	2
167740	5
10817	1
22081	1
300614	26
9026	94
77125	3
125771	108
30028	2
369480	-1
149076	1
189012	73
12636	1
9825	129
33893	13
206693	24
18792	3
124522	1
120170	4
33644	1
268393	33
34670	105
78449	2
29297	32
30837	10
112503	1
187000	31
144253	57
173187	85
18306	156
53634	67
463236	2
280192	6
31110	22
138377	1
142476	30
34190	6
197011	1
54417	2
401815	5
324246	15
139152	13
64663	30
12695	25
43927	15
49047	1
21400	1
506014	10
73624	144
275614	28
392607	14
43418	10
49052	2
49054	1
266651	3
85665	11
9122	658
19363	20
23716	2
183206	13
179111	7
324268	1
244395	1
56235	12
271785	2
16046	44
9649	172
72371	8
49077	14
64951	6
108473	142
30650	2
8634	400
304057	1
350918	7
300992	7
49092	3
35525	5
323020	310
60364	75
178641	1
19412	6
27093	2
181204	32
13015	71
64984	14
212442	74
58078	1
7392	7
112613	2
218086	1
8679	4
42984	90
310511	1
7404	81
74477	1
330987	11
32494	42
18926	23
124147	1
380918	8
29683	8
38387	15
20468	1
248054	73
94452	97
265714	2
394225	321
400636	816
52474	1
16378	68
110074	83
396795	3
33534	293
178912	58
297248	12
301584	1
312038	4
337658	1
342962	2
345196	510
386188	3
388172	332
403700	21
404731	711
414076	18
443727	3
446040	1
465363	61
472568	4
472612	276
476930	3
478019	4
68233	7
10009	2
101118	5
103700	1
114589	257
11947	1
125868	1
12633	28
127195	135
13028	21
13042	2
134865	152
13525	474
136638	1
137513	94
147773	3
148006	1
151808	8
153122	116
153124	5
157055	44
15792	215
16193	282
164376	5
169565	254
172989	19
18100	55
18115	87
182807	12
191486	138
217736	799
22842	164
229394	40
231790	342
261846	2
267914	7
27276	96
273858	6
287084	1
33144	1
33746	155
42487	6
468252	1
47003	69
506863	64
53135	384
53247	170
53250	23
63256	1
63323	339
65149	21
66417	28
73680	16
74085	163
76860	2
77190	11
78422	1343
78534	11
80069	7
80191	28
80879	6
84259	6
86028	23
8683	88
88674	14
89566	1
93578	169
94687	1
217994	5
220654	62
249593	17
308879	1
311848	1
320269	2
339414	1
342681	3
350733	1
356712	1
368483	483
371300	1
383625	2
383637	1
404784	1
432190	5
455199	154
462932	1
94047	57
10096	145
105573	26
10811	43
109392	2
120651	36
12640	25
126437	1
12665	630
13957	127
145553	49
145592	83
148615	16
161364	58
16219	50
162399	1
165174	191
16702	34
167182	6
167426	7
16930	14
169542	4
171075	2
17691	1
180496	1
18174	47
184862	226
197282	1
204455	7
21769	353
21776	1
228985	3
232699	39
23328	181
241394	18
24579	22
24839	32
260402	12
261837	2
28195	184
287834	1
29036	205
296505	-1
296552	1
297808	1
297840	1
33292	7
33297	1
375856	2
37918	12
394220	1
403383	1
422016	1
428862	210
434722	1
4348	276
442645	1
46871	2
47281	6
47390	1
491299	-1
491302	-1
506865	1
53115	37
53952	743
53959	4
57257	574
62564	1
72169	124
72305	2
76675	17
77680	8
7858	1
78866	1
80707	2
86863	4
86887	5
89643	3
90805	67
151487	1
102427	161
