149506	9
199169	7
173060	44
182277	27
153093	28
329218	1
205833	2
169480	521
232463	12
296970	135
297483	1
173072	124
394260	119
273943	5
155158	272
211477	37
170516	1
352274	49
276509	1
177177	106
218648	59
441883	33
313381	3
119843	11
222753	658
202272	32
179238	1
206887	1215
230447	84
226349	306
190515	1
172080	66
280630	39
56371	30
280119	3
355890	10
401983	17
163384	4
191545	2
173119	2
177212	11
251970	57
229441	76
118850	1567
129093	21
129094	2
220235	3
322637	4
233034	4
166984	111
151112	30
218697	51
267848	20
229453	2
164438	28
174168	3
321624	15
418392	1551
140381	969
203356	43
406119	2
210529	19
308321	16
149604	214
293474	1690
153195	18
232041	5
172137	2
203375	1
183405	248
277611	20
154739	856
227963	3
183417	2
196735	1
216703	12
96384	2
266880	1
203914	3
152200	1
164495	4
263306	2
214156	9
166546	16
209554	19
173712	109
179345	29
155796	127
238235	3
201369	324
315039	7
295577	4
297115	3
94366	767
221852	247
147619	13
324773	7
268966	218
209056	123
229024	4
134311	5
178855	2
128683	33
311979	20
172721	6
211127	6
116919	1572
165045	1
89782	1
264383	37
168126	12
224447	28
215743	98
228031	3
95935	1
96962	20
436418	27
476867	2
180420	17
475855	35
179401	5
269007	10
113870	114
182483	31
270549	81
274646	95
174800	6
229584	106
309469	1
264413	1
280286	8
289502	70
199896	9
173791	49
180960	2
158945	271
291559	1
154853	34
430305	68
461549	7
184041	4
443114	34
201966	11
128236	6
371944	15
272107	248
209138	15
94448	1
274678	57
298742	40
153329	2
171767	7
204021	5
226037	42
323827	2
118008	10
229626	12
496382	17
229624	42
274687	37
172793	2
156414	7
416507	4
185597	450
196866	1
232706	563
61185	6
206081	33
247553	81
262918	51
213255	7
272641	3
170756	36
184068	453
400129	8
196874	1
216329	2
332047	1
188168	1113
212745	4
231688	108
196878	1
212755	116
196882	1
197906	1
215314	32
206610	640
160017	1
134426	1
461083	9
183070	1
354586	6
139037	907
132893	8
274724	34
150305	102
183073	10
125221	1
208164	349
159020	8
266548	33
107312	10
198961	34
198965	3
95542	9
182075	3
171838	208
131391	2
131394	1
173378	5
181058	13
312646	2
184646	93
97605	7
184644	316
281923	3
235336	1
252751	202
326472	12
126796	24
186701	432
313175	1
172374	106
302928	10
141655	2
217941	4
201044	26
344914	10
221019	12
163161	288
459100	1
241503	13
187228	6
261474	19
185696	7
50018	105
201572	20
287599	1
247663	581
113004	113
370536	251
130414	3
138093	492
269685	1
372087	7
34165	34
130424	87
405375	1
188280	2
195454	13
264057	19
82302	18
154493	238
225148	15
150916	24
166795	3
311183	1
138127	150
149900	320
167313	11
190869	2
164762	5
220569	1
108954	1194
121245	13
308633	8
183708	7
228765	12
172451	6
183715	2
198050	1
344996	563
266144	103
326561	1
154030	2
264106	96
176045	59
76211	1
250801	12
240053	4
381875	47
231860	4
179125	1
163258	141
171962	17
309693	1
256954	42
155070	6
380857	1288
143293	96
283588	116
197056	11
286656	13
238539	4
307149	137
109003	30
443338	846
143823	2
248268	2
151501	3
308693	12
213457	6
201681	146
266711	2
231382	1
197077	6
125913	6
223194	24
149976	1
199129	32
183260	6
168417	8
154593	34
115173	11
117732	2
137700	72
176613	8
228840	96
136172	1
151538	1
219123	1
231409	285
252913	45
465909	1
164337	36
226800	105
152054	30
266737	1
152059	1
218618	7
264696	16
335353	3
136314	522
151884	52
153460	4
156021	194
156385	1098
157504	191
158326	1
162557	11
166826	841
168337	44
173715	30
175138	953
175356	458
175566	403
176509	166
177379	1492
179677	387
181063	2
187094	367
190780	1130
191973	6
195267	3
195394	1
199134	5
202124	535
203795	2241
205655	745
205767	38
208855	18
209155	577
214914	117
215014	1071
217824	1126
219250	4
220745	1646
225210	24
229382	6
230911	2161
231001	334
237764	4
238934	4
280070	2
290138	3
296917	4
311927	61
312434	116
334523	25
343455	559
94956	111
97109	40
98123	130
124815	2
125179	198
138803	536
167774	371
168198	319
186963	621
206721	46
207466	44
211931	8
212771	11
226352	154
228935	228
231652	67
238392	159
248334	344
255587	254
262976	31
268751	18
269001	3
271362	425
275296	28
278598	464
279697	487
288343	17
290756	37
304426	3
313952	3
344929	103
355873	6
357654	2
393597	410
406018	1676
409680	58
424597	519
458995	50
486911	220
65572	400
108466	9
146912	1154
149816	1397
150081	1
151324	2
152199	2
158418	28
166680	16
168669	1
169852	1
170474	2030
170678	19
172675	62
173447	30
173741	1
178491	4
181343	2
181476	5
183245	1
183250	14
185955	2
187390	1
191231	1
197410	3
197817	17
198881	6
203993	53
205493	9
207836	648
210026	1
215579	114
216937	1
216946	640
220069	274
226788	4
228044	3
231977	45
232771	40
234376	1
238487	1
256859	2
307524	2094
312466	2
313187	1
321891	2
120938	12
129817	5136
144967	1
160043	1
172398	3
201304	4
201306	9
201308	2
201880	54
210018	9
218223	77
220179	3
248519	11
250340	1
257852	6
258129	30
258881	9
260953	14
272021	14
272309	2
272985	1
273049	51
273421	1
274765	1
292938	5
296113	1
304041	1
305232	1
308547	6
319268	80
330278	2
334843	1
342512	1498
356209	8
35888	867
367980	13
383448	179
391828	1
409969	53
417603	135
435321	84
466783	3
477658	8
482554	348
484548	101
488805	25
489924	2
63287	2
65204	6
68606	34
98790	6
166801	53
183587	4
405015	96
409352	36
