ecf-209410	1.0770163533955495	1.0	1.6931471805599454	0.23104906018664845	0.6518746952132851	0.5745581371005699	0.9126813362866741	0.18812777471797396	0.6518746952132851	0.5745581371005699	0.9126813362866741	0.18812777471797396	0.20539706841015498	0.09030389118643205	0.5199127910262646	0.2138280706205621	0.32606710856474835	0.909696108813568	1.0	0.3	1.0	0.0	0.5	0.5	0.0	9.0	0.0	0.2073792967161408	0.0	3.1106894507421123	0.8031765625298197
ecf-259072	1.0990210257942779	1.0	1.6931471805599454	0.26198500881817144	0.4583691190488599	0.3898108853032364	0.7548669549834176	0.2094255009798982	0.4583691190488599	0.3898108853032364	0.7548669549834176	0.2094255009798982	0.20675362169143957	0.0	0.9932368987362996	0.2589967823624008	0.3802226165457794	1.0	0.5	0.0	0.5	0.5	0.0	0.8	0.2	7.0	0.2	1.6620881150573545	1.5702444097949635	3.102784271234999	1.2939553823724246
ecf-426497	1.4951051289713895	1.6931471805599454	1.6931471805599454	0.33822119203626044	0.28518204994232715	0.20977584099137966	0.7742856144405287	0.2893002151175716	0.28518204994232715	0.20977584099137966	0.7742856144405287	0.2893002151175716	0.2181533803592048	0.0	0.9932368987362996	0.26482161302973917	0.3003815967788233	1.0	0.7	0.3	0.7	0.3	0.3	0.0	0.7	7.0	0.2	0.23477903590454238	0.07795007866315387	1.8277734440760567	0.6431593072165288
ecf-303125	1.4730237042397827	1.0	3.3978952727983707	0.8384336049156845	0.40296865292912665	0.5204760375493837	0.622621612880069	0.2241061403145548	0.40296865292912665	0.5204760375493837	0.622621612880069	0.2241061403145548	0.29120232343162306	0.27390685100245904	0.9932368987362996	0.27465920165532753	0.31647942200879453	0.726093148997541	0.7	0.3	0.7	0.3	0.2	0.7	0.1	8.0	0.0	0.8678442509915788	0.7892358734436838	3.1287079562447904	0.8508083963872668
ecf-198161	1.2599301927099795	1.0	1.6931471805599454	0.35873774764475586	0.6407324492618913	0.6430935622492024	0.9126813362866741	0.18350203434733464	0.6407324492618913	0.6430935622492024	0.9126813362866741	0.18350203434733464	0.28574121914440975	0.2775461212572288	0.9541357903523484	0.2782578206023463	0.31492822184870417	0.7224538787427712	1.0	0.0	1.0	0.0	0.0	0.8	0.2	8.0	0.0	1.8379195499359502	1.679138498034101	4.6147668475183865	1.2012809398432027
ecf-266262	2.126364168409911	1.6931471805599454	3.0794415416798357	0.8232751243350495	0.36565900724738554	0.30299212332346653	0.6106158262213178	0.1659725733231133	0.36565900724738554	0.30299212332346653	0.6106158262213178	0.1659725733231133	0.29266564471057116	0.27390685100245904	0.9932368987362996	0.27544614191425676	0.3505900392342624	0.726093148997541	0.9	0.1	0.9	0.1	0.1	0.9	0.0	8.0	0.2	0.8899375776390045	0.8704830483133796	1.51927004381069	0.4691012199202845
ecf-476180	1.4301334456564323	1.6931471805599454	2.09861228866811	0.42773063761480096	0.2717078345286302	0.28630215279812327	0.4433740703796203	0.1197895953240383	0.2717078345286302	0.28630215279812327	0.4433740703796203	0.1197895953240383	0.2080524370340008	0.0	0.9932368987362996	0.2596351149484821	0.2691643599445113	1.0	0.9	0.2	0.9	0.1	0.2	0.4	0.4	9.0	0.3	0.5855986991577704	0.5627104368285663	1.286538485722822	0.39943102827610727
ecf-202772	1.1155245300933243	1.0	1.6931471805599454	0.2829761515034443	0.6283751729717606	0.5910817638570423	0.9126813362866741	0.2068469273912684	0.6283751729717606	0.5910817638570423	0.9126813362866741	0.2068469273912684	0.22630666730281188	0.0	0.9932368987362996	0.27162351085502756	0.34778357577016095	1.0	1.0	0.4	1.0	0.0	0.2	0.6	0.2	6.0	0.0	0.7131346223915824	0.0	7.253824177133645	1.8618321677321954
ecf-329247	1.6931471805599454	1.6931471805599454	2.386294361119891	0.4001887112843146	0.43561536710989585	0.5715477014927666	0.5895730108767131	0.25121380837509044	0.43561536710989585	0.5715477014927666	0.5895730108767131	0.25121380837509044	0.22068749056564607	0.0	0.9932368987362996	0.26596262383719443	0.31490863246106343	1.0	1.0	0.0	1.0	0.0	0.1	0.0	0.9	6.0	0.2	1.091436635750113	1.1523847768170914	3.260221184713076	1.2230985127028284
ecf-280601	1.138629436111989	1.0	2.386294361119891	0.43838476885868266	0.14478018281615618	0.159528240939201	0.23807575704113956	0.1014765881357025	0.14478018281615618	0.159528240939201	0.23807575704113956	0.1014765881357025	0.21258969724734383	0.0	0.9932368987362996	0.2627769068698669	0.3009887391311643	1.0	1.0	0.3	1.0	0.0	0.0	0.9	0.1	10.0	0.2	0.35450118659486424	0.03426593101962491	1.08456218047833	0.6338362601979063
ecf-229921	1.0	1.0	1.0	0.0	0.07855788041251269	0.027046457421892215	0.20421775430986489	0.1094116615774687	0.07855788041251269	0.027046457421892215	0.20421775430986489	0.1094116615774687	0.31081841529489457	0.3400817866134093	0.9541357903523484	0.2687093836215216	0.26188110016860083	0.6599182133865906	0.6666666666666666	0.3333333333333333	0.6666666666666666	0.3333333333333333	0.3333333333333333	0.6666666666666666	0.0	3.0	0.0	0.08410223084708197	0.02507294666979375	0.20216079920165864	0.102241719329485
ecf-420897	1.5117930702777627	1.3465735902799727	2.6094379124341005	0.6167528109096301	0.15710051347598614	0.08476737099312306	0.3516220024924225	0.1702948695927542	0.15710051347598614	0.08476737099312306	0.3516220024924225	0.1702948695927542	0.2554945387793553	0.15986408032635563	0.9932368987362996	0.27767702274600575	0.34306144085399404	0.8401359196736444	1.0	0.0	1.0	0.0	0.1	0.9	0.0	8.0	0.0	0.09693152257475329	-0.013496360214174167	0.3913991456508121	0.18579751930669647
ecf-204329	1.7560080465021828	1.6931471805599454	3.302585092994046	0.8273108739708527	0.39638558516104677	0.33666758628119836	0.7380458071729002	0.2186630084546946	0.39638558516104677	0.33666758628119836	0.7380458071729002	0.2186630084546946	0.21688630941432552	0.0	0.9932368987362996	0.26428017694407235	0.3135525253626035	1.0	1.0	0.1	1.0	0.0	0.2	0.6	0.2	9.0	0.1	0.3894625326102852	0.42205733549700375	1.1294049122668226	0.5295597519455058
ecf-282667	1.199084385469784	1.0	2.09861228866811	0.40784351194573554	0.46296838460417483	0.43040926025513837	0.6869691985882167	0.20816503144739207	0.46296838460417483	0.43040926025513837	0.6869691985882167	0.20816503144739207	0.2255985653690469	0.0	0.9932368987362996	0.26851051601509585	0.37099966921657335	1.0	1.0	0.1	1.0	0.0	0.0	0.7	0.3	9.0	0.1	0.77539863690934	0.44988220295892645	3.102784271234999	0.9343544521065899
ecf-265269	1.7454719949364002	1.6931471805599454	2.386294361119891	0.4603363554618148	0.3729891609781736	0.3789957777077736	0.6106158262213178	0.18619092327038833	0.3729891609781736	0.3789957777077736	0.6106158262213178	0.18619092327038833	0.2245122404609275	0.0	0.9932368987362996	0.2702721752171857	0.30336074741238783	1.0	0.9	0.2	0.9	0.1	0.0	0.8	0.2	10.0	0.1	0.6065445066306614	0.3301955489952179	2.6521896459778613	0.8313189151546964
ecf-332852	1.2559656384611508	1.0	2.09861228866811	0.4525433898572623	0.4081213105406606	0.4081213105406606	0.4703441399679949	0.08799636926536387	0.4081213105406606	0.4081213105406606	0.4703441399679949	0.08799636926536387	0.22130068812440506	0.0	0.9932368987362996	0.2661138531188721	0.3230338115324615	1.0	0.9	0.0	0.9	0.1	0.5	0.1	0.4	7.0	0.3	0.8260420584347341	0.8260420584347341	0.8260420584347341	0.0
ecf-198193	1.2079441541679836	1.0	1.6931471805599454	0.33482189780177213	0.5664638936290027	0.5233066027156972	0.9126813362866741	0.17304036482022364	0.5664638936290027	0.5233066027156972	0.9126813362866741	0.17304036482022364	0.32577876782893395	0.3671573453461756	0.9541357903523484	0.2722595601509458	0.29699837633455983	0.6328426546538244	0.8	0.1	0.8	0.2	0.2	0.6	0.2	9.0	0.0	0.45899474207910673	0.0	1.9808246185698983	0.6980442006054185
ecf-397877	1.1220680320742344	1.0	2.09861228866811	0.36620409622270333	0.33832293107952943	0.3383229310795295	0.5233066027156972	0.26160641724543965	0.33832293107952943	0.3383229310795295	0.5233066027156972	0.26160641724543965	0.2194308634197414	0.0	0.9932368987362996	0.2655948283140613	0.3375561640425202	1.0	0.9	0.1	0.9	0.1	0.2	0.7	0.1	9.0	0.1	0.4703372034968969	0.4703372034968969	0.4703372034968969	0.0
ecf-406064	1.0990210257942779	1.0	1.6931471805599454	0.2619850088181714	0.6860026697070842	0.6358934891014116	0.9126813362866741	0.15534615828108364	0.6860026697070842	0.6358934891014116	0.9126813362866741	0.15534615828108364	0.21947313891866882	0.0	0.9932368987362996	0.26513948311030394	0.33436731368950756	1.0	0.9	0.1	0.9	0.1	0.5	0.4	0.1	7.0	0.0	0.9206444077784918	0.0	5.056599599797425	1.7275559509781906
ecf-264242	1.7945134575869865	1.6931471805599454	2.09861228866811	0.2027325540540823	0.04802130718764463	0.03049342039198108	0.08652404374906059	0.0333888593765591	0.04802130718764463	0.03049342039198108	0.08652404374906059	0.0333888593765591	0.20675362169143957	0.0	0.9932368987362996	0.2589967823624008	0.33891023258726144	1.0	1.0	0.0	1.0	0.0	0.0	0.0	1.0	4.0	0.25	0.051871782002710254	-0.019926154667731084	0.20935507483568594	0.13656117949906157
ecf-419902	1.4951051289713895	1.6931471805599454	1.6931471805599454	0.3382211920362604	0.38882430178933375	0.37891361091573783	0.5996554800102895	0.16469008553879005	0.38882430178933375	0.37891361091573783	0.5996554800102895	0.16469008553879005	0.21832810972656555	0.0	0.9932368987362996	0.26500532039503166	0.34450576784613923	1.0	0.8	0.1	0.8	0.3	0.0	0.4	0.6	7.0	0.2	0.4435138737428539	0.3015052716546216	1.0435454368726824	0.4042829164229306
ecf-192574	1.0	1.0	1.0	0.0	0.6871924889445589	0.6487940857558698	0.9126813362866741	0.17496205075065416	0.6871924889445589	0.6487940857558698	0.9126813362866741	0.17496205075065416	0.3152880835901665	0.3454459213516886	0.9541357903523484	0.26715691600901725	0.41639736615270584	0.6545540786483114	1.0	0.4	1.0	0.0	0.5	0.5	0.0	6.0	0.1	1.7665572758912027	0.0	7.253824177133645	2.539441162435433
ecf-371768	1.1155245300933243	1.0	1.6931471805599454	0.2829761515034443	0.5548745042861603	0.6366773002351251	0.7972530959450946	0.2873370121065722	0.5548745042861603	0.6366773002351251	0.7972530959450946	0.2873370121065722	0.30855717435447755	0.33398283557604047	0.9541357903523484	0.2663975038015772	0.31084503313469114	0.6660171644239595	0.4	0.1	0.4	0.6	0.2	0.7	0.1	6.0	0.2	2.4882666344351176	1.1773293808410874	6.33753344525949	2.527775812854924
ecf-192573	1.0	1.0	1.0	0.0	0.3994557078176752	0.3615536263127316	0.7972530959450946	0.22252810998851663	0.3994557078176752	0.3615536263127316	0.7972530959450946	0.22252810998851663	0.3107085776399375	0.33584661995187187	0.9541357903523484	0.2675129318988234	0.3384857105211161	0.6641533800481281	0.9	0.3	0.9	0.1	0.0	1.0	0.0	9.0	0.1	0.89220488366342	0.6082848977487093	3.382623166225754	0.83872769398692
ecf-327749	1.3080654135821979	1.0	1.6931471805599454	0.36532064071556886	0.43553449708211095	0.4821602468279842	0.7380458071729002	0.2563847943884154	0.43553449708211095	0.4821602468279842	0.7380458071729002	0.2563847943884154	0.2762399755023782	0.2294020723456611	0.9932368987362996	0.2769491371032913	0.2898419487294134	0.7705979276543389	1.0	0.3	1.0	0.1	0.0	1.0	0.0	9.0	0.0	0.7252186097134913	0.4367995256313687	2.7764873626554385	1.3453797311051048
ecf-328772	1.8089943543051352	1.6931471805599454	2.791759469228055	0.7394660208339899	0.5657966208236819	0.5657966208236818	0.8616033789950089	0.4183339292475091	0.5657966208236819	0.5657966208236818	0.8616033789950089	0.4183339292475091	0.2218543964727787	0.0	0.9932368987362996	0.2667446795251021	0.319473708484569	1.0	1.0	0.1	1.0	0.0	0.0	0.5	0.5	6.0	0.3	1.034228537200414	1.034228537200414	1.034228537200414	0.0
ecf-256580	1.8086717106532697	1.6931471805599454	2.386294361119891	0.28297615150344435	0.020649769106551426	0.027046457421892215	0.03049342039198108	0.01416975162769466	0.020649769106551426	0.027046457421892215	0.03049342039198108	0.01416975162769466	0.22354389750794623	0.0	0.9932368987362996	0.26959276187582276	0.2912240487075553	1.0	1.0	0.1	1.0	0.3	0.0	0.0	1.0	6.0	0.4	0.043501159486382904	0.02507294666979375	0.20935507483568594	0.05827512570672872
ecf-198731	1.0	1.0	1.0	0.0	0.6638094090248067	0.6638094090248067	0.7380458071729002	0.10498612108276285	0.6638094090248067	0.6638094090248067	0.7380458071729002	0.10498612108276285	0.31251325325111784	0.33584661995187187	0.9541357903523484	0.26435509733929113	0.3764446177524971	0.6641533800481281	0.8	0.2	0.8	0.2	0.6	0.4	0.0	5.0	0.0	0.0	0.0	0.0	0.0
ecf-472661	1.154032706791099	1.0	1.6931471805599454	0.30564917695453336	0.37131342808124174	0.3663596474650883	1.0	0.3334847181772659	0.37131342808124174	0.3663596474650883	1.0	0.3334847181772659	0.21685915018042246	0.0	0.9932368987362996	0.26447417143827057	0.24449324649517973	1.0	1.0	0.1	1.0	0.0	0.1	0.7	0.2	9.0	0.0	0.2480377657362841	0.11735493064686539	1.8640502000972734	0.4554529220636706
ecf-339024	1.7701635339554949	1.6931471805599454	2.386294361119891	0.5418580765959241	0.28481835471507866	0.28481835471507866	0.28761533753324336	0.003955531035173009	0.28481835471507866	0.28481835471507866	0.28761533753324336	0.003955531035173009	0.2389077484728825	0.08722155263450124	0.9932368987362996	0.27513711306612554	0.30985587177148116	0.9127784473654987	1.0	0.0	1.0	0.0	0.1111111111111111	0.6666666666666666	0.2222222222222222	9.0	0.1111111111111111	0.7134127984398081	0.7134127984398081	0.7134127984398081	0.0
ecf-420433	1.0693147180559945	1.0	1.6931471805599454	0.21919238442934133	0.3720054319716631	0.3013408808398407	0.7972530959450946	0.21961423528280027	0.3720054319716631	0.3013408808398407	0.7972530959450946	0.21961423528280027	0.21874474713855124	0.0	0.9932368987362996	0.2651106714417748	0.33482832149650177	1.0	0.9	0.3	0.9	0.1	0.6	0.3	0.1	10.0	0.2	0.6368678276063363	0.4794271455933628	1.9162032096209323	0.6632987275761107
ecf-227939	1.2599301927099795	1.0	1.6931471805599454	0.35873774764475586	0.5093479907187572	0.37575379709126033	0.9126813362866741	0.2807496675333503	0.5093479907187572	0.37575379709126033	0.9126813362866741	0.2807496675333503	0.3104785433064927	0.3345494738830366	0.9541357903523484	0.26244110291161654	0.3225817428717594	0.6654505261169634	1.0	0.25	1.0	0.0	0.0	0.75	0.25	7.0	0.125	0.8894607092325113	0.8699576728519529	2.2702175554253086	0.8293178248535829
ecf-252002	1.549306144334055	1.549306144334055	2.09861228866811	0.6342841005975641	0.21271241177857225	0.22929841532193043	0.3878433869646472	0.1718333333892266	0.21271241177857225	0.22929841532193043	0.3878433869646472	0.1718333333892266	0.31231945042944564	0.33584661995187187	0.9541357903523484	0.26360217953296106	0.32348041818460094	0.6641533800481281	0.75	0.0	0.75	0.25	0.25	0.5	0.25	4.0	0.25	0.2245281172475017	0.08389646041763582	0.6170445872875148	0.2730521902103163
ecf-331878	1.661182505843081	1.6931471805599454	3.0794415416798357	0.7482716264239531	0.45266385229157313	0.5088389867016786	0.5715477014927666	0.1578398532923219	0.45266385229157313	0.5088389867016786	0.5715477014927666	0.1578398532923219	0.271916000167176	0.21892658541889537	0.9932368987362996	0.276174150533884	0.31184835697978197	0.7810734145811047	1.0	0.4	1.0	0.0	0.0	0.8	0.2	9.0	0.0	1.2723394473477259	1.0658167934661955	4.162781723775329	1.1986952636793962
ecf-292972	1.2310490601866484	1.0	1.6931471805599454	0.4001887112843146	0.31287144168365294	0.31287144168365294	0.31287144168365294	0.0	0.31287144168365294	0.31287144168365294	0.31287144168365294	0.0	0.31068915528092855	0.3326856895072051	0.9932368987362996	0.2667307003184742	0.33596792459683283	0.6673143104927949	0.6666666666666666	0.0	0.6666666666666666	0.3333333333333333	0.3333333333333333	0.3333333333333333	0.3333333333333333	2.0	0.0	0.0	0.0	0.0	0.0
ecf-222824	1.2559656384611508	1.0	2.09861228866811	0.4525433898572623	0.6454189693922286	0.675057648325296	0.9126813362866741	0.27981584554185446	0.6454189693922286	0.675057648325296	0.9126813362866741	0.27981584554185446	0.3093339811692909	0.3315473094363249	0.9932368987362996	0.2668139313759918	0.3110639558981501	0.6684526905636752	1.0	0.3	1.0	0.0	0.2	0.6	0.2	6.0	0.0	1.3285816419673604	0.5531397572417431	7.253824177133645	1.6117302325466063
ecf-485482	1.4540076900497065	1.6931471805599454	2.09861228866811	0.4482274579193942	0.18774949757519707	0.0881094046760945	0.6507302904313014	0.2476855584151959	0.18774949757519707	0.0881094046760945	0.6507302904313014	0.2476855584151959	0.2083045135956302	0.0	0.9932368987362996	0.25967150095261293	0.2606382985369565	1.0	1.0	0.1	1.0	0.0	0.0	0.4	0.6	7.0	0.0	0.018038168263450706	-0.010766032988589467	2.129860197730386	0.46117252399980524
ecf-490090	1.2310490601866484	1.0	1.6931471805599454	0.3465735902799727	0.34928096947496573	0.34895761234074163	0.8616033789950089	0.32587756468052814	0.34928096947496573	0.34895761234074163	0.8616033789950089	0.32587756468052814	0.20814872683243452	0.0	0.9932368987362996	0.25958347423403816	0.3114787551128394	1.0	1.0	0.3	1.0	0.0	0.2	0.7	0.1	9.0	0.1	0.13834128333401588	0.02260075752440459	1.2678748107137734	0.4237305867373076
ecf-318070	1.635610766069589	1.6931471805599454	2.791759469228055	0.5557383043739893	0.20408214262423033	0.2214297342701689	0.24509130464231416	0.051904725235488336	0.20408214262423033	0.2214297342701689	0.24509130464231416	0.051904725235488336	0.28471751920418265	0.2549202921928725	0.9932368987362996	0.2752715252165773	0.26754916417291963	0.7450797078071275	1.0	0.2	1.0	0.0	0.0	1.0	0.0	10.0	0.1	0.38983047295587603	0.45530053329687753	0.4567654071117568	0.11466842804195468
ecf-318074	2.409966447225315	2.6094379124341005	3.3978952727983707	0.779039753654902	0.39358834197284204	0.4259996960268669	0.5895730108767131	0.1903320427073415	0.39358834197284204	0.4259996960268669	0.5895730108767131	0.1903320427073415	0.2847604167120887	0.26166465790350374	0.9932368987362996	0.2748553850216909	0.3126664226287479	0.7383353420964962	0.8	0.2	0.8	0.2	0.0	1.0	0.0	8.0	0.1	0.5745393519247155	0.19528837756946557	3.4361118511767406	1.3203835773437307
ecf-318075	1.138629436111989	1.0	1.6931471805599454	0.30998484282887173	0.26960799017031317	0.26960799017031317	0.26960799017031317	0.0	0.26960799017031317	0.26960799017031317	0.26960799017031317	0.0	0.22295676452499377	0.0	0.9932368987362996	0.2678770799375586	0.26596796020493035	1.0	1.0	0.0	1.0	0.0	0.7	0.2	0.1	4.0	0.5	2.1388288677131464	2.1388288677131464	2.1388288677131464	0.0
ecf-408185	1.0	1.0	1.0	0.0	0.33859048791292423	0.2688874315450228	0.6675509886888685	0.22745850192744163	0.33859048791292423	0.2688874315450228	0.6675509886888685	0.22745850192744163	0.2071337199572964	0.0	0.9932368987362996	0.2600095978237847	0.33809742975395984	1.0	0.8888888888888888	0.0	0.8888888888888888	0.1111111111111111	0.0	1.0	0.0	9.0	0.1111111111111111	0.07545668063030796	0.03256187681907976	0.839709697163398	0.7134173208419121
ecf-211585	1.0990210257942779	1.0	1.6931471805599454	0.2619850088181714	0.346316105640911	0.38211896739502155	0.5233066027156972	0.17585177510187733	0.346316105640911	0.38211896739502155	0.5233066027156972	0.17585177510187733	0.3002286676475774	0.34506719650859663	0.7493821353495512	0.2745989953990865	0.317138122827393	0.6549328034914034	1.0	0.2	1.0	0.0	0.4	0.3	0.3	7.0	0.1	0.8709816526881999	0.2479855267223533	3.957987311129316	1.4691725195045475
ecf-318086	1.0	1.0	1.0	0.0	0.03049342039198108	0.03049342039198108	0.03049342039198108	0.0	0.03049342039198108	0.03049342039198108	0.03049342039198108	0.0	0.3350799452688132	0.41115349772029786	0.8927003872085865	0.30222544009100644	0.30155434254006397	0.5888465022797021	1.0	0.0	1.0	0.0	1.0	0.0	0.0	2.0	0.5	0.0	0.0	0.0	0.0
ecf-482434	1.462098120373297	1.3465735902799727	2.386294361119891	0.5659523030068886	0.41321430936166925	0.3127886721501776	1.0	0.33921060247419177	0.41321430936166925	0.3127886721501776	1.0	0.33921060247419177	0.3283201122768741	0.37388449307717303	0.8927003872085865	0.28128186881359396	0.314220724423126	0.626115506922827	0.9	0.2	0.9	0.1	0.1	0.2	0.7	6.0	0.1	0.45394354603715076	0.3227012046908322	3.7573166156671647	0.795384142340044
ecf-125572	1.3178053830347947	1.0	2.386294361119891	0.5374023338187616	0.2227832830789937	0.23430853890829267	0.2734799546266066	0.05325097387049411	0.2227832830789937	0.23430853890829267	0.2734799546266066	0.05325097387049411	0.2326662766359592	0.08009518842402688	0.9932368987362996	0.274968986038438	0.2556154497244858	0.9199048115759731	0.9	0.1	0.9	0.1	0.2	0.8	0.0	10.0	0.1	0.33111286778835414	0.5723924308753128	0.7711633264267492	0.566235643767579
ecf-414337	1.3080654135821979	1.0	1.6931471805599454	0.36532064071556886	0.45446797364651315	0.4528239200391691	0.6979299943329438	0.2426441711964724	0.45446797364651315	0.4528239200391691	0.6979299943329438	0.2426441711964724	0.20764419479124516	0.0	0.9932368987362996	0.2599764697148574	0.2899472385225597	1.0	1.0	0.2	1.0	0.0	0.1	0.5	0.4	9.0	0.2	1.1898756166870879	1.085085512369908	1.6912213159402234	0.2532667555263903
ecf-323208	1.982334923387099	1.6931471805599454	3.8903717578961645	0.9167495493866044	0.34496083773351893	0.34496083773351893	0.6507302904313014	0.43242330696460246	0.34496083773351893	0.34496083773351893	0.6507302904313014	0.43242330696460246	0.2792924462776718	0.23396459426940275	0.9932368987362996	0.277106447686832	0.3012776571653005	0.7660354057305973	0.8888888888888888	0.1111111111111111	0.8888888888888888	0.1111111111111111	0.0	1.0	0.0	9.0	0.0	-0.38726007204126917	-0.38726007204126917	-0.38726007204126917	0.0
ecf-199309	1.2484906649788001	1.0	2.09861228866811	0.41504737116956814	0.480513022760464	0.5087358686132342	0.6588600714984729	0.1731481890955004	0.480513022760464	0.5087358686132342	0.6588600714984729	0.1731481890955004	0.3072664685645949	0.34807159781242447	0.9541357903523484	0.2940188857431877	0.27136945226977	0.6519284021875755	0.8	0.2	0.8	0.3	0.1	0.9	0.0	10.0	0.0	0.31779431179852125	0.3285253072156708	1.1280472924180691	0.7004621097903433
ecf-222865	1.0990210257942779	1.0	1.6931471805599454	0.2619850088181714	0.6079860905587814	0.497512152051349	0.9126813362866741	0.2671755977226863	0.6079860905587814	0.497512152051349	0.9126813362866741	0.2671755977226863	0.2757232747805331	0.23556615754791033	0.9541357903523484	0.2755988515085066	0.3186331844576845	0.7644338424520897	1.0	0.2	1.0	0.0	0.4	0.6	0.0	7.0	0.0	2.922049244418277	3.2284724863984957	7.253824177133645	1.754318321622245
ecf-222864	1.6173786103901937	1.6931471805599454	2.6094379124341005	0.5150987972882872	0.37776489640970373	0.4250496168920286	0.5848191282012647	0.21983451133194917	0.37776489640970373	0.4250496168920286	0.5848191282012647	0.21983451133194917	0.2491625017823719	0.13549391080725265	0.9932368987362996	0.2766129206289511	0.3589137282708523	0.8645060891927474	1.0	0.0	1.0	0.0	0.0	0.9	0.1	10.0	0.1	0.7535592933430436	0.5050364559629088	3.208750663918327	0.9865796746420356
ecf-222868	1.3465735902799727	1.3465735902799727	1.6931471805599454	0.3796523464637884	0.4741252057725219	0.4310563477670779	0.7548669549834176	0.20535599720971714	0.4741252057725219	0.4310563477670779	0.7548669549834176	0.20535599720971714	0.2827660689923282	0.25078789501621224	0.9541357903523484	0.27239598812678084	0.33105419625705157	0.7492121049837878	1.0	0.3333333333333333	1.0	0.0	0.0	0.5	0.5	6.0	0.16666666666666666	1.091268299767747	1.4829884586562718	1.8901873444649657	0.9132160958183044
ecf-447633	1.534583264877007	1.3465735902799727	2.386294361119891	0.6011808444961455	0.6214047127744868	0.4998664412328988	1.0	0.21284323503092148	0.6214047127744868	0.4998664412328988	1.0	0.21284323503092148	0.28304778314467965	0.25691599653703073	0.9541357903523484	0.2662960122962225	0.36032837826533304	0.7430840034629693	0.9	0.2	0.9	0.1	0.0	0.9	0.1	8.0	0.0	0.889106962093591	0.0	7.946971357693591	1.6395664478886849
ecf-342686	3.203111109992231	3.0794415416798357	4.637586159726386	0.8537918342121555	0.4694919349056066	0.22565740060589834	1.0	0.45993249532167435	0.4694919349056066	0.22565740060589834	1.0	0.45993249532167435	0.26797518857055025	0.20322399593592605	0.9932368987362996	0.27608456677081034	0.30705778548806123	0.7967760040640739	1.0	0.1	1.0	0.0	0.0	1.0	0.0	10.0	0.1	1.0805917943676322	1.4501963675077278	1.7985030617759437	0.9577825514702147
ecf-237726	1.6984716320118265	1.3465735902799727	2.791759469228055	0.8041469014907923	0.4563394454022402	0.5557820912675814	0.6106158262213178	0.17479676292703572	0.4563394454022402	0.5557820912675814	0.6106158262213178	0.17479676292703572	0.3011356154006134	0.3084945088442158	0.9932368987362996	0.270190194731629	0.38745081601604225	0.6915054911557842	1.0	0.4	1.0	0.0	0.1	0.9	0.0	10.0	0.0	1.0860278086702682	0.8818718422714681	2.1519272917590646	0.6142012097628191
ecf-222878	2.2582008002515703	1.8958797346140277	3.995732273553991	0.9659413205886307	0.1858490107974749	0.1858490107974749	0.296738964721073	0.15682207676968002	0.1858490107974749	0.1858490107974749	0.296738964721073	0.15682207676968002	0.22325021000656262	0.0	0.9932368987362996	0.27076350189704446	0.33082129894517365	1.0	0.9	0.0	0.9	0.1	0.0	1.0	0.0	8.0	0.1	0.17649300678230936	0.17649300678230936	0.17649300678230936	0.0
ecf-259233	1.4158883083359672	1.6931471805599454	1.6931471805599454	0.3796523464637884	0.3092452309336947	0.3092452309336947	0.3364690899704754	0.03850035066994862	0.3092452309336947	0.3092452309336947	0.3364690899704754	0.03850035066994862	0.3132554551552155	0.34431695327494677	0.9541357903523484	0.26976195031350003	0.24062004918549773	0.6556830467250532	1.0	0.0	1.0	0.0	0.5	0.0	0.5	5.0	0.0	0.9887980339167726	0.3665777747830483	2.233238552184221	1.0777171023182832
ecf-339616	1.2970630773828338	1.0	1.6931471805599454	0.37050275260909293	0.4404934351288322	0.4710789358671561	0.5715477014927666	0.13935445861129409	0.4404934351288322	0.4710789358671561	0.5715477014927666	0.13935445861129409	0.20848492044554706	0.0	0.9932368987362996	0.26068190219692944	0.31033005815241754	1.0	1.0	0.1	1.0	0.0	0.2	0.3	0.5	7.0	0.3	1.2313373136429195	1.1213152670154127	4.015145724969265	1.1009978840840886
ecf-463008	1.2079441541679836	1.0	2.386294361119891	0.4678386898000714	0.7511327926326399	0.7511327926326399	1.0	0.35195137988883823	0.7511327926326399	0.7511327926326399	1.0	0.35195137988883823	0.20594029908697742	0.0	0.9932368987362996	0.259332426563589	0.28372558425314887	1.0	1.0	0.0	1.0	0.0	0.1	0.7	0.2	10.0	0.2	0.0	0.0	0.0	0.0
ecf-274604	1.154032706791099	1.0	2.386294361119891	0.46209812037329684	0.6590325497759449	0.7380458071729002	1.0	0.3308089159319705	0.6590325497759449	0.7380458071729002	1.0	0.3308089159319705	0.21372055977780086	0.0	0.9932368987362996	0.2628104655227896	0.3256544718586673	1.0	0.9	0.3	0.9	0.1	0.4	0.6	0.0	9.0	0.2	0.7220658994113168	0.0	3.42518278064455	1.0387003739456768
ecf-308908	1.3211524175440184	1.0	2.09861228866811	0.4957445231535669	0.40210535310815537	0.41500549587598634	0.7742856144405287	0.2540030094621669	0.40210535310815537	0.41500549587598634	0.7742856144405287	0.2540030094621669	0.21183408135112305	0.0	0.9932368987362996	0.26245206274067306	0.2990350176004176	1.0	0.9	0.2	0.9	0.1	0.0	0.7	0.3	9.0	0.0	0.15915917840645	0.0	1.4870669033160555	0.7451766821407076
ecf-207530	1.1220680320742344	1.0	2.09861228866811	0.3662040962227034	0.4840749916087353	0.38993299354982136	0.9126813362866741	0.335560136356669	0.4840749916087353	0.38993299354982136	0.9126813362866741	0.335560136356669	0.3100780950084893	0.33584661995187187	0.9541357903523484	0.2752750019704952	0.3495508277095555	0.6641533800481281	0.7	0.1	0.7	0.3	0.2	0.7	0.1	9.0	0.1	0.37306539465138366	0.21337535642604277	1.260694350706602	0.4532117994970796
ecf-471213	1.154032706791099	1.0	1.6931471805599454	0.30564917695453336	0.1721848811176346	0.0881094046760945	0.42636828790439024	0.19291175320764117	0.1721848811176346	0.0881094046760945	0.42636828790439024	0.19291175320764117	0.20626781383542886	0.0	0.9932368987362996	0.2593823135594047	0.245204017011489	1.0	1.0	0.0	1.0	0.0	0.1	0.7	0.2	9.0	0.1	0.1706001301865514	0.08596931553223117	1.1523847768170914	0.24509172836514653
ecf-199336	1.1791759469228056	1.0	2.09861228866811	0.38963826174969923	0.52585939112006	0.551266559100799	0.7972530959450946	0.2034802561916589	0.52585939112006	0.551266559100799	0.7972530959450946	0.2034802561916589	0.31059377796598814	0.33584661995187187	0.9541357903523484	0.27533226434996794	0.37476444158768746	0.6641533800481281	0.9	0.4	0.9	0.1	0.0	0.8	0.2	10.0	0.0	0.767482682850288	0.7764672728048843	2.9165334363011546	0.7548073525328101
ecf-270516	1.154032706791099	1.0	1.6931471805599454	0.30564917695453336	0.49130416299246854	0.497512152051349	0.8253631221551779	0.2428150103679894	0.49130416299246854	0.497512152051349	0.8253631221551779	0.2428150103679894	0.21603877509386732	0.0	0.9932368987362996	0.2634029957406971	0.2972179768281908	1.0	0.8	0.2	0.8	0.2	0.0	0.7	0.3	9.0	0.4	1.109619895274694	0.8295064850096888	3.264840130569371	1.0005993462341647
ecf-274613	1.0770163533955495	1.0	1.6931471805599454	0.23104906018664845	0.5882142357472823	0.5379659546598042	0.9126813362866741	0.22807534325823745	0.5882142357472823	0.5379659546598042	0.9126813362866741	0.22807534325823745	0.32430058397894557	0.36402414442464	0.9541357903523484	0.27389036970216596	0.36388374298356996	0.6359758555753601	1.0	0.3333333333333333	1.0	0.0	0.2222222222222222	0.7777777777777778	0.0	8.0	0.2222222222222222	1.2265935092376938	1.0512602496441397	5.056599599797425	1.5445722488229965
ecf-277176	1.2310490601866484	1.0	1.6931471805599454	0.4001887112843146	0.0	0.0	0.0	0.0	0.0	0.0	0.0	0.0	0.31198663768869883	0.34431695327494677	0.9541357903523484	0.26768816381868493	0.24963755490351486	0.6556830467250532	1.0	0.0	1.0	0.0	0.0	0.6666666666666666	0.3333333333333333	3.0	0.3333333333333333	0.0	0.0	0.0	0.0
ecf-146622	1.4158883083359672	1.6931471805599454	1.6931471805599454	0.35793966490390583	0.2799009868326878	0.3332656964066226	0.34801440744281525	0.10546128770344713	0.2799009868326878	0.3332656964066226	0.34801440744281525	0.10546128770344713	0.3034993469356199	0.3084945088442158	0.9932368987362996	0.2689261550465387	0.30550931157267125	0.6915054911557842	0.9	0.0	0.9	0.1	0.0	0.9	0.1	10.0	0.0	0.5507647057577331	0.5255781341595814	1.0938668035201453	0.5309570341490941
ecf-198334	1.462098120373297	1.6931471805599454	1.6931471805599454	0.35793966490390583	0.6630812917805893	0.6037212695615439	0.9126813362866741	0.17564885052191354	0.6630812917805893	0.6037212695615439	0.9126813362866741	0.17564885052191354	0.22672505225787495	0.0	0.9932368987362996	0.27217249895350665	0.3609751180237528	1.0	1.0	0.3333333333333333	1.0	0.0	0.0	0.3333333333333333	0.6666666666666666	6.0	0.0	0.8093134448890569	0.0	2.6239613785551823	1.2598974183823222
ecf-338107	2.7294023828980065	2.386294361119891	5.418840607796598	1.186851345668916	0.0	0.0	0.0	0.0	0.0	0.0	0.0	0.0	0.20898082481932048	0.0	0.9932368987362996	0.261128333303978	0.32946279552100294	1.0	1.0	0.0	1.0	0.0	0.0	1.0	0.0	8.0	0.25	0.0	0.0	0.0	0.0
ecf-265412	1.4332169878499659	1.6931471805599454	1.6931471805599454	0.35873774764475586	0.38834245419490715	0.35772313782897275	0.7742856144405287	0.29497903390014785	0.38834245419490715	0.35772313782897275	0.7742856144405287	0.29497903390014785	0.22532234592675288	0.0	0.9932368987362996	0.27014090640470817	0.2553727841074513	1.0	0.8	0.0	0.8	0.2	0.1	0.4	0.5	8.0	0.1	0.2861403303775312	0.13243028490788614	2.03707846427942	0.49338275462633485
ecf-265413	1.3106133312235002	1.0	2.09861228866811	0.44657583844482795	0.4011398885258583	0.4747915811877693	0.7232085562948732	0.25877964643948836	0.4011398885258583	0.4747915811877693	0.7232085562948732	0.25877964643948836	0.2256265450728716	0.0	0.9932368987362996	0.27003912578796396	0.3034028592614109	1.0	1.0	0.0	1.0	0.0	0.2	0.7	0.1	7.0	0.3	0.13668629401782445	0.10991990509034938	2.975483216237866	0.8596883526533803
ecf-313029	1.154032706791099	1.0	1.6931471805599454	0.30564917695453336	0.805305665309809	0.805305665309809	0.9126813362866741	0.15185213016439386	0.805305665309809	0.805305665309809	0.9126813362866741	0.15185213016439386	0.21106498981809968	0.0	0.9932368987362996	0.2620135974320388	0.2922384798142272	1.0	0.6	0.0	0.6	0.1	0.1	0.9	0.0	9.0	0.0	0.0	0.0	0.0	0.0
ecf-199366	1.1732867951399863	1.0	1.6931471805599454	0.3465735902799727	0.4173321577595136	0.4173321577595136	0.5895730108767131	0.24358535047305568	0.4173321577595136	0.4173321577595136	0.5895730108767131	0.24358535047305568	0.31236076413488656	0.33584661995187187	0.9541357903523484	0.26547906384652825	0.3395556061765014	0.6641533800481281	1.0	0.25	1.0	0.0	0.75	0.25	0.0	4.0	0.25	0.07128211368545984	0.07128211368545984	0.07128211368545984	0.0
ecf-183492	1.0	1.0	1.0	0.0	0.0	0.0	0.0	0.0	0.0	0.0	0.0	0.0	0.31236076413488656	0.33584661995187187	0.9541357903523484	0.26547906384652825	0.37288462968725344	0.6641533800481281	1.0	0.0	1.0	0.0	1.0	0.0	0.0	1.0	0.0	0.0	0.0	0.0	0.0
ecf-196298	1.154032706791099	1.0	1.6931471805599454	0.30564917695453336	0.5957142797999899	0.5595423643388393	1.0	0.3326121717551185	0.5957142797999899	0.5595423643388393	1.0	0.3326121717551185	0.3092425307222957	0.3277499837330931	0.9541357903523484	0.26584870479706735	0.2603929051364897	0.672250016266907	0.9	0.0	0.9	0.1	0.0	1.0	0.0	9.0	0.0	1.078788164248465	0.7565968006021347	3.351851507559	1.2008658663294278
ecf-195275	1.8589699882202986	1.6931471805599454	3.6390573296152584	0.9428133638772501	0.35086821443187277	0.3308040592924383	0.9126813362866741	0.283777978970533	0.35086821443187277	0.3308040592924383	0.9126813362866741	0.283777978970533	0.30511535892576236	0.31023754882882043	0.9932368987362996	0.26938326391277484	0.265193498119216	0.6897624511711795	0.9	0.3	0.9	0.1	0.0	1.0	0.0	10.0	0.1	0.3920807155550761	0.313728954362183	1.2836258278188297	0.3925072188085133
ecf-259273	1.2970630773828338	1.0	1.6931471805599454	0.37050275260909293	0.5753550208857332	0.5322012917125952	0.9126813362866741	0.31795345405536785	0.5753550208857332	0.5322012917125952	0.9126813362866741	0.31795345405536785	0.3086029532671667	0.3277499837330931	0.9541357903523484	0.265375154572801	0.24916606423645357	0.672250016266907	0.8571428571428571	0.14285714285714285	0.8571428571428571	0.14285714285714285	0.42857142857142855	0.14285714285714285	0.42857142857142855	7.0	0.0	0.8974084649752476	1.1554289191983196	1.5367964757274233	0.8002291971992571
ecf-278222	1.1732867951399863	1.0	1.6931471805599454	0.3208647959315358	0.26708079427369613	0.06429769169310906	0.9126813362866741	0.43164181663973605	0.26708079427369613	0.06429769169310906	0.9126813362866741	0.43164181663973605	0.21328398672771287	0.0	0.9932368987362996	0.2626421221610997	0.34969458173470286	1.0	0.9	0.0	0.9	0.1	0.0	0.9	0.1	8.0	0.1	-0.03414056162052276	0.1461450908703372	0.2336844967236498	0.3418471455934669
ecf-202958	1.0866433975699932	1.0	1.6931471805599454	0.24506453586713683	0.4238125191489422	0.4250496168920286	0.7380458071729002	0.20706486216377107	0.4238125191489422	0.4250496168920286	0.7380458071729002	0.20706486216377107	0.30734053419050744	0.3233809162659772	0.9541357903523484	0.2668164823923666	0.3388031534311904	0.6766190837340228	0.9	0.2	0.9	0.1	0.4	0.6	0.0	7.0	0.0	0.992307443724077	0.8338292489865026	5.867529816013755	1.358147349119693
ecf-286934	1.0770163533955495	1.0	1.6931471805599454	0.23104906018664845	0.5364721228161353	0.5451313354441313	0.8616033789950089	0.23775813936470372	0.5364721228161353	0.5451313354441313	0.8616033789950089	0.23775813936470372	0.3094080752741209	0.3326856895072051	0.9541357903523484	0.2647935025934831	0.30547099684792506	0.6673143104927949	1.0	0.4	1.0	0.0	0.3	0.7	0.0	9.0	0.1	0.6993647926266255	0.0	5.23892115659138	1.5122946821767638
ecf-497876	1.2310490601866484	1.0	1.6931471805599454	0.35793966490390583	0.4932972940667356	0.47223808485699337	0.7380458071729002	0.23492789280743587	0.4932972940667356	0.47223808485699337	0.7380458071729002	0.23492789280743587	0.20688527325182965	0.0	0.9932368987362996	0.25915663554257906	0.3319885117996629	1.0	1.0	0.3333333333333333	1.0	0.0	0.16666666666666666	0.6666666666666666	0.16666666666666666	6.0	0.0	1.2920304225779287	1.4456816871532012	1.6778750739873287	0.48142530546854456
ecf-255191	1.0	1.0	1.0	0.0	0.6078946013569969	0.6358934891014116	0.8253631221551779	0.15307805733119442	0.6078946013569969	0.6358934891014116	0.8253631221551779	0.15307805733119442	0.2250633488679921	0.0	0.9932368987362996	0.27025228933443296	0.3569388479907629	1.0	0.9	0.4	0.9	0.1	0.5	0.5	0.0	8.0	0.2	1.3178859322616847	1.2064519980873671	5.056599599797425	1.4244910834647533
ecf-254687	3.1643710999211785	2.5890269151739727	5.219507705176107	1.595946326612771	0.2815197565771844	0.24603595612129137	0.5557820912675814	0.16825714677246945	0.2815197565771844	0.24603595612129137	0.5557820912675814	0.16825714677246945	0.29985536266627566	0.3078222507895764	0.9932368987362996	0.2722821756824973	0.259473031007439	0.6921777492104235	1.0	0.0	1.0	0.0	0.0	0.9	0.1	10.0	0.0	0.40959116020380054	0.2291271130106946	1.9257538524362605	0.5526863364473512
ecf-267481	1.298626578204676	1.0	2.09861228866811	0.48006978148377216	0.028769938906936646	0.028769938906936646	0.03049342039198108	0.0024373708906487586	0.028769938906936646	0.028769938906936646	0.03049342039198108	0.0024373708906487586	0.2258086650963247	0.0	0.9932368987362996	0.2690849745567956	0.35889536552254486	1.0	1.0	0.3	1.0	0.0	0.0	1.0	0.0	6.0	0.0	0.20935507483568594	0.20935507483568594	0.20935507483568594	0.0
ecf-337624	1.6012940057616711	1.0	3.0794415416798357	0.852757228715509	0.4973640517449913	0.41618655246132297	1.0	0.3537206768526818	0.4973640517449913	0.41618655246132297	1.0	0.3537206768526818	0.22052464131447125	0.0	0.9932368987362996	0.26597553537648483	0.2936712351683518	1.0	0.9	0.0	0.9	0.1	0.1	0.8	0.1	9.0	0.0	1.0073074045311234	0.020633839569146547	7.946971357693591	2.233124299096138
ecf-343780	1.5940171252720432	1.0	3.9444389791664403	0.9827599386244799	0.5707664166857914	0.7380458071729002	0.8253631221551779	0.3679546964349676	0.5707664166857914	0.7380458071729002	0.8253631221551779	0.3679546964349676	0.2657883137095227	0.20252217354174526	0.9932368987362996	0.27540235672799385	0.29746415337398663	0.7974778264582547	0.8	0.1	0.8	0.2	0.2	0.7	0.1	10.0	0.1	0.3227881335207614	0.0	1.1773293808410874	0.7473935698643414
ecf-273135	1.0	1.0	1.0	0.0	0.6140911158461775	0.6055242178176319	0.9126813362866741	0.31605574172481943	0.6140911158461775	0.6055242178176319	0.9126813362866741	0.31605574172481943	0.2252776711584061	0.0	0.9932368987362996	0.26892275290262363	0.2867177503776227	1.0	1.0	0.2	1.0	0.0	0.7	0.3	0.0	6.0	0.6	0.3535786656922321	0.0	2.083340182095493	0.8475438764368847
ecf-337643	1.199084385469784	1.0	2.09861228866811	0.4078435119457356	0.4398286649852652	0.434584256324836	0.6164757287389707	0.1855631316637249	0.4398286649852652	0.434584256324836	0.6164757287389707	0.1855631316637249	0.2104320805472324	0.0	0.9932368987362996	0.26145045102859593	0.29133274806817827	1.0	0.8888888888888888	0.1111111111111111	0.8888888888888888	0.1111111111111111	0.3333333333333333	0.6666666666666666	0.0	8.0	0.0	1.5027969049995484	1.371576837647488	2.6110371275742468	0.8314067017249381
ecf-195824	1.5972531564093517	1.6931471805599454	2.386294361119891	0.592949192222693	0.6223602817056433	0.6050164715751511	0.6675509886888685	0.03948707011043646	0.6223602817056433	0.6050164715751511	0.6675509886888685	0.03948707011043646	0.22718904365495735	0.0	0.9932368987362996	0.27273059727631693	0.258790993983682	1.0	1.0	0.3	1.0	0.0	0.0	0.8	0.2	8.0	0.2	0.0	0.0	0.0	0.0
ecf-478452	1.0	1.0	1.0	0.0	0.5296014035370757	0.5296014035370757	0.8616033789950089	0.4695216964272686	0.5296014035370757	0.5296014035370757	0.8616033789950089	0.4695216964272686	0.20860772405142164	0.0	0.9932368987362996	0.26009256039218076	0.3371474625824515	1.0	1.0	0.0	1.0	0.0	0.3333333333333333	0.6666666666666666	0.0	3.0	0.6666666666666666	0.0	0.0	0.0	0.0
ecf-192756	1.1373265360835139	1.0	2.09861228866811	0.3884180996060467	0.5580428995875345	0.5238059632185083	0.9126813362866741	0.2691176996403134	0.5580428995875345	0.5238059632185083	0.9126813362866741	0.2691176996403134	0.30704631730788723	0.3233809162659772	0.9932368987362996	0.26641863004059185	0.31590691315565267	0.6766190837340228	0.9	0.0	0.9	0.1	0.3	0.6	0.1	8.0	0.0	0.8151286184931917	0.5195296832742868	5.113758013637375	1.1593349346849666
ecf-273138	1.7860185057472167	1.549306144334055	3.1972245773362196	0.9011925452200201	0.7487502322439694	0.7487502322439694	0.9126813362866741	0.23183359063198794	0.7487502322439694	0.7487502322439694	0.9126813362866741	0.23183359063198794	0.24132584309305335	0.08722155263450124	0.9932368987362996	0.2754695109162205	0.30280045677350387	0.9127784473654987	0.9	0.1	0.9	0.1	0.1	0.9	0.0	10.0	0.0	0.0	0.0	0.0	0.0
ecf-414448	1.2599301927099795	1.0	1.6931471805599454	0.35873774764475586	0.3832603055298881	0.4821602468279842	0.538500447979822	0.22188722629310856	0.3832603055298881	0.4821602468279842	0.538500447979822	0.22188722629310856	0.2072251154908786	0.0	0.9932368987362996	0.25969886331880176	0.3248334942601353	1.0	0.9	0.5	0.9	0.1	0.2	0.5	0.3	8.0	0.2	1.0875115465213818	0.5760651439277581	4.283409711563944	1.5727283799058587
ecf-342782	1.1732867951399863	1.0	1.6931471805599454	0.32086479593153566	0.40062958127181436	0.25225276284138276	1.0	0.32920121443738465	0.40062958127181436	0.25225276284138276	1.0	0.32920121443738465	0.30867854738222245	0.3216381270255615	0.9932368987362996	0.26761498381928844	0.2753469533129934	0.6783618729744385	0.7	0.0	0.7	0.3	0.4	0.4	0.2	8.0	0.0	0.9787655087601558	0.9111574001058151	7.946971357693591	1.6059696572413515
ecf-256767	1.0	1.0	1.0	0.0	0.6138615045010278	0.6310362323792824	1.0	0.3450464186810958	0.6138615045010278	0.6310362323792824	1.0	0.3450464186810958	0.2158068298197519	0.0	0.9932368987362996	0.26358144458732	0.3339356390325943	1.0	0.9	0.1	0.9	0.1	0.3	0.7	0.0	7.0	0.1	0.9839966169107802	0.4381841870593137	4.015145724969265	1.3641669360741309
ecf-242950	1.154032706791099	1.0	1.6931471805599454	0.30564917695453336	0.3097423578527319	0.23430853890829267	0.6979299943329438	0.25933389148169966	0.3097423578527319	0.23430853890829267	0.6979299943329438	0.25933389148169966	0.22585020999707658	0.0	0.9932368987362996	0.2712105515373015	0.2987388796156924	1.0	1.0	0.3	1.0	0.0	0.0	0.9	0.1	9.0	0.0	0.30154965495116315	0.025072946669793535	1.911489925168834	0.5144048727617039
ecf-264963	1.5662960480135946	1.3465735902799727	3.1972245773362196	0.7441665584710324	0.2841204732493815	0.282021371896914	0.47223808485699337	0.18707689352373735	0.2841204732493815	0.282021371896914	0.47223808485699337	0.18707689352373735	0.247152997791149	0.10430584948258802	0.9932368987362996	0.2763355660618126	0.26697470168709914	0.895694150517412	1.0	0.1	1.0	0.0	0.0	1.0	0.0	9.0	0.1	-0.9032018857761651	-1.2783068866467995	0.20478256523725294	0.9760752004346931
ecf-275722	1.0	1.0	1.0	0.0	0.004409429505780983	0.004409429505780983	0.004409429505780983	0.0	0.004409429505780983	0.004409429505780983	0.004409429505780983	0.0	0.33575750142183913	0.37388449307717303	0.9541357903523484	0.2963300260200082	0.2716143980340525	0.626115506922827	1.0	0.0	1.0	0.0	0.0	1.0	0.0	2.0	0.0	0.0	0.0	0.0	0.0
ecf-236812	1.138629436111989	1.0	1.6931471805599454	0.2922565125724551	0.3327163041363133	0.3350704607671714	0.5149989060507026	0.1677260966574624	0.3327163041363133	0.3350704607671714	0.5149989060507026	0.1677260966574624	0.22593359243580294	0.0	0.9932368987362996	0.2715742514615387	0.2494198938789766	1.0	1.0	0.1	1.0	0.0	0.2	0.6	0.2	10.0	0.2	0.06009705972738252	0.24758236204305856	0.4567654071117568	0.4470901350456071
ecf-486675	1.138629436111989	1.0	1.6931471805599454	0.30998484282887173	0.5448665143352309	0.5123471554613858	0.6358934891014116	0.07989543151536858	0.5448665143352309	0.5123471554613858	0.6358934891014116	0.07989543151536858	0.20680341064126734	0.0	0.9932368987362996	0.2589435134136875	0.3107576891477703	1.0	0.8	0.0	0.8	0.2	0.0	0.8	0.2	5.0	0.2	1.35290735114352	0.9249949346214303	3.1337271188091296	1.6100910505155517
ecf-19733	1.3332204510175205	1.0	2.9459101490553135	0.635707274202843	0.5256723670791954	0.4741609529110248	0.8616033789950089	0.2162515726782309	0.5256723670791954	0.4741609529110248	0.8616033789950089	0.2162515726782309	0.2770236503480701	0.22546444281486225	0.9541357903523484	0.2732388995443355	0.33301212234857747	0.7745355571851378	0.7	0.4	0.7	0.3	0.0	0.9	0.1	10.0	0.0	0.6696013146211838	0.2784102496776931	2.6739717991298435	0.8053435589898685
ecf-208667	1.3465735902799727	1.3465735902799727	1.6931471805599454	0.37050275260909293	0.25832709272290144	0.13278096496092123	0.5595423643388393	0.27029268646822635	0.25832709272290144	0.13278096496092123	0.5595423643388393	0.27029268646822635	0.22393200360623722	0.0	0.9932368987362996	0.2707348584416109	0.29967071760263186	1.0	0.7	0.0	0.7	0.3	0.0	0.6	0.4	8.0	0.0	0.3854983737003296	0.20935507483568594	4.309385197967204	1.0450811263672453
ecf-411935	1.7416979621381155	1.6931471805599454	3.5649493574615367	0.7024542399783006	0.2429143583042449	0.2429143583042449	0.2429143583042449	0.0	0.2429143583042449	0.2429143583042449	0.2429143583042449	0.0	0.2560582669413661	0.16601340703515968	0.9932368987362996	0.2753847216364026	0.36241811526144074	0.8339865929648403	1.0	0.1	1.0	0.0	0.0	0.6	0.4	10.0	0.1	0.0	0.0	0.0	0.0
ecf-320799	1.2559656384611508	1.0	2.09861228866811	0.4525433898572623	0.6702113642847268	0.6979299943329438	0.9126813362866741	0.1939102842900306	0.6702113642847268	0.6979299943329438	0.9126813362866741	0.1939102842900306	0.22325467614477096	0.0	0.9932368987362996	0.26705727715864463	0.36470894313712815	1.0	1.0	0.2	1.0	0.1	0.1	0.8	0.1	7.0	0.0	2.07760220963071	2.3627234517325792	5.174382635453809	1.3988376393867998
ecf-240926	1.2239699336535068	1.0	2.09861228866811	0.4286359969692456	0.5275413903311708	0.5435423567332722	0.7548669549834176	0.15576716613414465	0.5275413903311708	0.5435423567332722	0.7548669549834176	0.15576716613414465	0.2772897126456908	0.2761113472175622	0.9541357903523484	0.2572327003455269	0.29911279139240243	0.7238886527824377	0.8	0.5	0.8	0.3	0.2	0.8	0.0	8.0	0.2	0.8595559369899672	0.7831106763612016	5.056599599797425	1.1567415123603038
ecf-310554	1.4332169878499659	1.6931471805599454	1.6931471805599454	0.35873774764475586	0.4141792953284464	0.46384580302245393	0.4801122796124583	0.11105513842409231	0.4141792953284464	0.46384580302245393	0.4801122796124583	0.11105513842409231	0.21223422986878945	0.0	0.9932368987362996	0.2624295234764773	0.2762860821057035	1.0	0.9	0.5	0.9	0.1	0.1	0.2	0.7	8.0	0.3	0.7923068769549961	0.9363777795086017	1.9731617458243293	0.7670561868197773
ecf-236828	1.3960841031771116	1.6931471805599454	1.6931471805599454	0.37050275260909293	0.3426656576401671	0.33390167828354683	0.5072055097751471	0.12689378614896654	0.3426656576401671	0.33390167828354683	0.5072055097751471	0.12689378614896654	0.29318070667382007	0.31989533778514573	0.9541357903523484	0.2608887922468573	0.29002148366588587	0.6801046622148543	0.8571428571428571	0.14285714285714285	0.8571428571428571	0.14285714285714285	0.2857142857142857	0.14285714285714285	0.5714285714285714	7.0	0.42857142857142855	0.9272190829487538	0.9522831361702735	2.0446944669978335	0.571492596245776
ecf-319259	1.8946374826141719	1.6931471805599454	3.302585092994046	0.7327736484169346	0.6371344350204208	0.6371344350204209	1.0	0.5131694033122964	0.6371344350204208	0.6371344350204209	1.0	0.5131694033122964	0.2804707467626939	0.23985926974487842	0.9932368987362996	0.2752947346002892	0.2734845644805308	0.7601407302551215	1.0	0.2	1.0	0.1	0.1	0.9	0.0	10.0	0.0	2.1849199749134134	2.1849199749134134	2.1849199749134134	0.0
ecf-267035	2.195616643713824	2.09861228866811	3.4849066497880004	0.9282339964974872	0.01745142494888103	0.017451424948881033	0.03049342039198108	0.01844416683604019	0.01745142494888103	0.017451424948881033	0.03049342039198108	0.01844416683604019	0.24411423142486446	0.08722155263450124	0.9932368987362996	0.2759780381540241	0.28640162488318377	0.9127784473654987	1.0	0.0	1.0	0.0	0.0	0.875	0.125	8.0	0.125	0.02507294666979375	0.02507294666979375	0.02507294666979375	0.0
ecf-328999	1.2079441541679836	1.0	1.6931471805599454	0.3348218978017722	0.3899367663641583	0.3320068359279796	0.5557820912675814	0.14578456879190507	0.3899367663641583	0.3320068359279796	0.5557820912675814	0.14578456879190507	0.2210772551777875	0.0	0.9932368987362996	0.26631472643296955	0.3008796029534007	1.0	0.9	0.1	0.9	0.1	0.2	0.7	0.1	10.0	0.2	0.6890495182654922	0.7070387663731211	1.1917846773560603	0.5119668746536296
ecf-328998	1.2599301927099795	1.0	2.386294361119891	0.5157180055768339	0.2873365286237526	0.159528240939201	0.8616033789950089	0.3358667026862033	0.2873365286237526	0.159528240939201	0.8616033789950089	0.3358667026862033	0.22142172522240297	0.0	0.9932368987362996	0.26651531991023797	0.2902384267197367	1.0	1.0	0.2	1.0	0.0	0.2	0.6	0.2	8.0	0.2	0.3027756039845213	0.02507294666979375	2.2332385521842215	0.6011528508887142
ecf-411936	2.8046900332110694	2.7328679513998635	4.401197381662156	0.9753582059850548	0.5478235509756011	0.43921138110937574	1.0	0.3087516775517133	0.5478235509756011	0.43921138110937574	1.0	0.3087516775517133	0.2541593700106451	0.1606944585536755	0.9932368987362996	0.27494726061015834	0.34445957625971924	0.8393055414463245	0.9	0.1	0.9	0.1	0.0	0.9	0.1	10.0	0.0	0.2029280133336207	0.0	1.083167966240636	0.494439427885744
ecf-269612	1.0990210257942779	1.0	1.6931471805599454	0.2619850088181714	0.31429867106675763	0.3098511965302402	0.5047113262456289	0.19587947074693834	0.31429867106675763	0.3098511965302402	0.5047113262456289	0.19587947074693834	0.31168037082693323	0.3400817866134093	0.9541357903523484	0.2733404729172229	0.26924525180576386	0.6599182133865906	0.8	0.1	0.8	0.2	0.1	0.8	0.1	7.0	0.2	0.5612560107575506	0.25181190433184186	4.015145724969265	1.0117359904886518
ecf-266539	1.138629436111989	1.0	1.6931471805599454	0.2922565125724551	0.328502627888118	0.3320068359279796	0.5557820912675814	0.18141960058322043	0.328502627888118	0.3320068359279796	0.5557820912675814	0.18141960058322043	0.3238499089221211	0.37029054626771124	0.9541357903523484	0.2756777515183218	0.3076951090149433	0.6297094537322887	1.0	0.1	1.0	0.0	0.1	0.9	0.0	10.0	0.1	0.13918758575800988	0.014487830587140612	1.9357041832894288	0.6204004587012623
ecf-234803	1.198042051588556	1.0	1.6931471805599454	0.33822119203626044	0.38881640421095887	0.336794382468316	0.5996554800102895	0.14291149701088443	0.38881640421095887	0.336794382468316	0.5996554800102895	0.14291149701088443	0.32557189710821727	0.37388449307717303	0.9541357903523484	0.27562744697318403	0.2698723520663886	0.626115506922827	0.8	0.1	0.8	0.2	0.2	0.5	0.3	7.0	0.1	1.1123544792543476	1.0304545730428807	4.688874819672108	1.1814109692984847
ecf-273718	1.0	1.0	1.0	0.0	0.698457322326965	0.6433118897663566	1.0	0.21110609107273062	0.698457322326965	0.6433118897663566	1.0	0.21110609107273062	0.21446963016843415	0.0	0.9932368987362996	0.26309014211655163	0.36587631726179537	1.0	0.9	0.4	0.9	0.1	0.4	0.6	0.0	9.0	0.2	1.373273576524275	0.535353372901412	5.174382635453809	2.032378777089451
ecf-207670	1.422962498863369	1.0	2.6094379124341005	0.651355589962454	0.2896744467486695	0.2896744467486695	0.29816645883940873	0.01200951867055978	0.2896744467486695	0.2896744467486695	0.29816645883940873	0.01200951867055978	0.224275189140309	0.0	0.9932368987362996	0.2712421022680118	0.3682161719066751	1.0	0.9	0.0	0.9	0.1	0.1	0.6	0.3	9.0	0.2	1.182251458046516	1.182251458046516	1.182251458046516	0.0
ecf-265010	2.82169327480326	2.9356005054539454	4.663561646129646	1.3056956969195184	0.07608626903631793	0.0749590568738768	0.14889032072929603	0.07224704103027102	0.07608626903631793	0.0749590568738768	0.14889032072929603	0.07224704103027102	0.29498840404510607	0.2774862911575545	0.9932368987362996	0.27517163873271916	0.2615763778559078	0.7225137088424455	1.0	0.0	1.0	0.0	0.0	0.75	0.25	8.0	0.25	0.026503495628048476	-0.01004119403172042	0.11510755671331542	0.07712448423279243
ecf-341820	1.4708338380006185	1.0	2.09861228866811	0.58723296929938	0.5322012917125952	0.5322012917125952	0.5322012917125952	0.0	0.5322012917125952	0.5322012917125952	0.5322012917125952	0.0	0.20803596686020082	0.0	0.9932368987362996	0.2604884267157644	0.29714453724913464	1.0	0.9	0.0	0.9	0.1	0.2	0.3	0.5	7.0	0.5	0.0	0.0	0.0	0.0
ecf-464701	1.109861228866811	1.0	2.09861228866811	0.34741170976416197	0.28884999395886574	0.22352577317427122	0.5715477014927666	0.16527403132208604	0.28884999395886574	0.22352577317427122	0.5715477014927666	0.16527403132208604	0.2172504434995183	0.0	0.9932368987362996	0.26450799836731786	0.28345512485658064	1.0	0.9	0.3	0.9	0.0	0.0	1.0	0.0	10.0	0.2	0.28492609992417406	0.2378805050504752	1.4144291436490968	0.5613673287161055
ecf-261438	1.3871201010907892	1.3465735902799727	2.09861228866811	0.4255899552124949	0.4056890073264504	0.3551520636276778	0.9126813362866741	0.26622689423304285	0.4056890073264504	0.3551520636276778	0.9126813362866741	0.26622689423304285	0.21593866202002776	0.0	0.9932368987362996	0.26393884299356485	0.3026081128608375	1.0	1.0	0.3	1.0	0.0	0.1	0.6	0.3	10.0	0.0	0.5781384135838051	0.513767887690825	3.3122423694639545	1.346848114025345
ecf-327994	1.462098120373297	1.6931471805599454	2.386294361119891	0.4901290717342736	0.294500826012869	0.2579631905597681	0.5451313354441313	0.20400499238160316	0.294500826012869	0.2579631905597681	0.5451313354441313	0.20400499238160316	0.21098415390493677	0.0	0.9932368987362996	0.26178286772691917	0.29728749077543204	1.0	1.0	0.1111111111111111	1.0	0.0	0.1111111111111111	0.3333333333333333	0.5555555555555556	8.0	0.5555555555555556	0.27848336804299983	0.03808073494420472	1.438837637919103	0.4460161830888599
ecf-348487	2.0689760711085556	2.386294361119891	2.9459101490553135	0.8285522647968024	0.2444778608253977	0.3332656964066226	0.3731214286476783	0.18935266366658574	0.2444778608253977	0.3332656964066226	0.3731214286476783	0.18935266366658574	0.2621819231987596	0.18935368154112964	0.9932368987362996	0.2753382362346261	0.33615267566585366	0.8106463184588704	0.9	0.1	0.9	0.2	0.0	1.0	0.0	10.0	0.2	0.3721566665596755	0.09243373677678367	1.25045164567005	0.777153616093022
ecf-302407	1.2310490601866484	1.0	1.6931471805599454	0.3465735902799727	0.29510781703661465	0.2821360045299245	0.6430935622492024	0.23496876975627873	0.29510781703661465	0.2821360045299245	0.6430935622492024	0.23496876975627873	0.22474690911712905	0.0	0.9932368987362996	0.26839204286118185	0.3139636687263123	1.0	1.0	0.0	1.0	0.0	0.4	0.5	0.1	9.0	0.1	0.12191141325425557	0.0	1.0647655098789504	0.540567333470711
ecf-496963	1.4951051289713895	1.6931471805599454	1.6931471805599454	0.33822119203626044	0.25043877443200646	0.25043877443200646	0.2579631905597681	0.01064113133681928	0.25043877443200646	0.25043877443200646	0.2579631905597681	0.01064113133681928	0.20727598583942644	0.0	0.9932368987362996	0.2593874340945956	0.3266515059007807	1.0	1.0	0.0	1.0	0.0	0.1	0.2	0.7	7.0	0.4	1.8387027380246435	1.791426006211571	1.9332562016507886	0.08188570151604951
ecf-147269	1.6931471805599452	1.0	3.0794415416798357	0.9802581434685471	0.4228457180657904	0.4228457180657904	0.5996554800102895	0.2500467633018689	0.4228457180657904	0.4228457180657904	0.5996554800102895	0.2500467633018689	0.25295356912132566	0.14729294395252138	0.9932368987362996	0.27717464586074414	0.29478297346760957	0.8527070560474787	0.8571428571428571	0.14285714285714285	0.8571428571428571	0.0	0.0	0.8571428571428571	0.14285714285714285	7.0	0.0	0.9597889450801314	0.9597889450801314	0.9597889450801314	0.0
ecf-265551	1.138629436111989	1.0	1.6931471805599454	0.2922565125724551	0.6430821813810109	0.6166187195506934	0.9126813362866741	0.15807275430661547	0.6430821813810109	0.6166187195506934	0.9126813362866741	0.15807275430661547	0.22605311467002845	0.0	0.9932368987362996	0.26926903384640927	0.30461244401200765	1.0	0.9	0.2	0.9	0.1	0.3	0.6	0.1	9.0	0.4	0.9060288423396262	0.0	4.9512390841395995	1.3750708191755996
ecf-339790	1.154032706791099	1.0	1.6931471805599454	0.30564917695453336	0.12907853045887477	0.14889032072929603	0.24016974739714683	0.10784702014809543	0.12907853045887477	0.14889032072929603	0.24016974739714683	0.10784702014809543	0.20824746609424238	0.0	0.9932368987362996	0.260628229430277	0.2815324831591299	1.0	1.0	0.0	1.0	0.0	0.2	0.7	0.1	8.0	0.4	0.094861441233684	0.021471490522764654	0.36761670122761675	0.15091808889461353
ecf-299849	1.5841661524475315	1.6931471805599454	2.386294361119891	0.49740856310105164	0.24982750090854428	0.24107797029501501	0.3615165594743937	0.0744099558802418	0.24982750090854428	0.24107797029501501	0.3615165594743937	0.0744099558802418	0.22530955416438692	0.0	0.9932368987362996	0.26877523554050087	0.30723779226559766	1.0	0.9	0.1	0.9	0.1	0.0	0.8	0.2	9.0	0.2	0.2748323771523901	0.34376783371955155	1.1396309896518737	0.5033628255162027
ecf-321354	1.1732867951399863	1.0	1.6931471805599454	0.3208647959315357	0.49420893187435266	0.4642279710057915	0.7548669549834176	0.1605576193361081	0.49420893187435266	0.4642279710057915	0.7548669549834176	0.1605576193361081	0.3102170886141578	0.33398283557604047	0.9541357903523484	0.2653861337164373	0.28001886830990325	0.6660171644239595	0.8	0.0	0.8	0.2	0.1	0.7	0.2	8.0	0.0	0.8025816700012256	0.8325576636571059	4.015145724969265	1.1784638251497488
ecf-259917	1.6761572768804056	1.6931471805599454	2.386294361119891	0.5177012597458438	0.4205209808159051	0.37399278105163325	1.0	0.289753909665207	0.4205209808159051	0.37399278105163325	1.0	0.289753909665207	0.224522770224753	0.0	0.9932368987362996	0.2703540428256014	0.3840193776990268	1.0	0.9	0.1	0.9	0.1	0.1	0.8	0.1	10.0	0.0	0.6081399036246389	0.4030711375747394	2.1925330466850075	0.6410072172217175
ecf-134483	1.5624762087912831	1.3465735902799727	2.6094379124341005	0.6495718860332859	0.8253631221551779	0.8253631221551779	0.8253631221551779	0.0	0.8253631221551779	0.8253631221551779	0.8253631221551779	0.0	0.230259594636258	0.03538046881686585	0.9932368987362996	0.2743547917158037	0.28578346249022435	0.9646195311831341	0.9	0.0	0.9	0.1	0.2	0.5	0.3	8.0	0.1	0.0	0.0	0.0	0.0
ecf-233808	1.8553332238032112	1.6931471805599454	2.09861228866811	0.22208238599211258	0.18901033995952476	0.2579631905597681	0.282021371896914	0.1407796983137511	0.18901033995952476	0.2579631905597681	0.282021371896914	0.1407796983137511	0.22643235205503073	0.0	0.9932368987362996	0.27186851457916467	0.30903194729665523	1.0	1.0	0.2	1.0	0.0	0.0	0.0	1.0	4.0	0.6	0.26220684595848914	0.13799813605385416	0.5435283373103367	0.24418641568142258
ecf-256853	1.2310490601866484	1.0	1.6931471805599454	0.3465735902799727	0.4676082470501276	0.4595423741740841	0.7972530959450946	0.24323656114606668	0.4676082470501276	0.4595423741740841	0.7972530959450946	0.24323656114606668	0.22298215092745285	0.0	0.9932368987362996	0.26897499896985116	0.25882374810925896	1.0	0.8	0.1	0.8	0.2	0.1	0.6	0.3	9.0	0.1	0.5592808884948733	0.18990277294168137	1.8937064096801615	0.7319765462488295
ecf-328542	1.6931471805599454	1.6931471805599454	2.386294361119891	0.49012907173427367	0.4528239200391691	0.4528239200391691	0.4528239200391691	0.0	0.4528239200391691	0.4528239200391691	0.4528239200391691	0.0	0.22233423563909688	0.0	0.9932368987362996	0.2668009821002084	0.2842832251397359	1.0	1.0	0.0	1.0	0.0	0.0	0.2	0.8	5.0	0.0	0.0	0.0	0.0	0.0
ecf-329054	1.3531170922608828	1.0	2.09861228866811	0.4367612155037005	0.3719071318645977	0.4495945175724508	0.5595423643388393	0.19403574797135198	0.3719071318645977	0.4495945175724508	0.5595423643388393	0.19403574797135198	0.22074602475083446	0.0	0.9932368987362996	0.26612313071660726	0.2490830093173182	1.0	1.0	0.3	1.0	0.0	0.1	0.5	0.4	9.0	0.0	0.7079596481646511	0.6438013064567902	1.9430842905870511	0.5079275630571558
ecf-224095	1.2239699336535068	1.0	2.09861228866811	0.4286359969692456	0.3764837148357451	0.4495945175724508	0.6507302904313014	0.21972750341998507	0.3764837148357451	0.4495945175724508	0.6507302904313014	0.21972750341998507	0.2254652779330484	0.0	0.9932368987362996	0.2717685884232102	0.24289699553149907	1.0	1.0	0.2	1.0	0.0	0.0	0.6	0.4	8.0	0.2	0.14524404418121287	0.18194884023535485	2.0334683520553205	0.8491378155616977
ecf-339291	1.2559656384611508	1.0	2.09861228866811	0.4525433898572623	0.37173473117764044	0.159528240939201	0.7972530959450946	0.3685101281299927	0.37173473117764044	0.159528240939201	0.7972530959450946	0.3685101281299927	0.20849466181712553	0.0	0.9932368987362996	0.2608704530945376	0.33825633933053323	1.0	0.8	0.1	0.8	0.2	0.1	0.9	0.0	6.0	0.3	0.995617796842018	0.0	6.33753344525949	2.6292001112154986
ecf-473443	1.2878231366242558	1.0	2.6094379124341005	0.5865158802001427	0.6097030718817085	0.7255859471831414	0.9126813362866741	0.3693904831145296	0.6097030718817085	0.7255859471831414	0.9126813362866741	0.3693904831145296	0.20694077465454824	0.0	0.9932368987362996	0.2593632475666134	0.22797686758498575	1.0	0.75	0.125	0.75	0.25	0.0	0.75	0.25	7.0	0.125	0.8503148384490863	0.1644829951259229	4.283409711563944	1.7016253165416044
ecf-234342	1.198042051588556	1.0	1.6931471805599454	0.33822119203626044	0.5450047612255188	0.5149989060507026	0.6050164715751511	0.05197166568733512	0.5450047612255188	0.5149989060507026	0.6050164715751511	0.05197166568733512	0.21637709260283275	0.0	0.9932368987362996	0.26399098028775686	0.30420865473851555	1.0	0.9	0.1	0.9	0.1	0.1	0.9	0.0	7.0	0.3	0.30625664187852863	0.0	0.9187699256355859	0.530452063889038
ecf-258916	1.2772588722239782	1.0	1.6931471805599454	0.3796523464637884	0.14403344482274644	0.14889032072929603	0.26960799017031317	0.12807207215702504	0.14403344482274644	0.14889032072929603	0.26960799017031317	0.12807207215702504	0.3137317032948763	0.33584661995187187	0.9932368987362996	0.2666608880280395	0.2987385449311803	0.6641533800481281	1.0	0.2	1.0	0.0	0.8	0.2	0.0	5.0	0.2	0.23442042962074297	0.04246778017470848	0.68730688470486	0.39372478443246545
ecf-255347	1.3106133312235002	1.0	2.09861228866811	0.44657583844482795	0.37830292997516124	0.35421634253406764	0.7742856144405287	0.347971080791854	0.37830292997516124	0.35421634253406764	0.7742856144405287	0.347971080791854	0.224307121899361	0.0	0.9932368987362996	0.2698884231138986	0.2900382189099231	1.0	1.0	0.2	1.0	0.0	0.2	0.4	0.4	7.0	0.0	0.0743652848159684	-0.004917895968894543	1.1773293808410874	0.4570104224687805
ecf-254833	1.4852030263919618	1.6931471805599454	1.6931471805599454	0.33482189780177213	0.30539650912263805	0.14572538896020792	1.0	0.39442812171551656	0.30539650912263805	0.14572538896020792	1.0	0.39442812171551656	0.22432676844566282	0.0	0.9932368987362996	0.27092525706764414	0.32532448572889305	1.0	0.8	0.2	0.8	0.2	0.0	0.3	0.7	10.0	0.1	0.30345563541102927	0.11644713782148178	1.7587072346110004	0.5392573137875857
ecf-385395	2.0390933260277646	2.09861228866811	3.302585092994046	0.7751084395330126	0.17522371814334908	0.13095059337138965	0.434584256324836	0.18291375895305365	0.17522371814334908	0.13095059337138965	0.434584256324836	0.18291375895305365	0.2603065239423381	0.1874720679984841	0.9932368987362996	0.27513293189748345	0.3006984780592594	0.812527932001516	0.8	0.3	0.8	0.2	0.0	1.0	0.0	9.0	0.0	0.15010647519922982	0.02203189009401464	1.0512886599457225	0.38026713758304814
ecf-229237	1.2558427881104495	1.0	2.6094379124341005	0.5569609072732665	0.41244569317846425	0.38211896739502155	0.5204760375493837	0.09565852228936969	0.41244569317846425	0.38211896739502155	0.5204760375493837	0.09565852228936969	0.22643235205503073	0.0	0.9932368987362996	0.27186851457916467	0.3563234773492264	1.0	1.0	0.3	1.0	0.0	0.0	1.0	0.0	9.0	0.0	0.7010620643662662	0.8326670869828277	1.6296938614250633	0.6581446768882324
ecf-238970	1.2559656384611508	1.0	2.09861228866811	0.4525433898572623	0.4000756452775084	0.36936777386437425	0.6164757287389707	0.15643719214279672	0.4000756452775084	0.36936777386437425	0.6164757287389707	0.15643719214279672	0.3058871302511769	0.31989533778514573	0.9932368987362996	0.26631395229546223	0.32054171832881956	0.6801046622148543	0.9	0.2	0.9	0.1	0.0	0.6	0.4	7.0	0.0	1.0203142546056547	0.7690454681160905	3.087158953331918	0.762801297996033
ecf-369023	1.154032706791099	1.0	1.6931471805599454	0.30564917695453336	0.26223820095537986	0.21443120575175573	0.5451313354441313	0.2211620871447344	0.26223820095537986	0.21443120575175573	0.5451313354441313	0.2211620871447344	0.2197427851148289	0.0	0.9932368987362996	0.2657771554176633	0.3452646601728139	1.0	0.9	0.2	0.9	0.1	0.1	0.8	0.1	9.0	0.0	0.3746819538094052	0.27758677470914317	1.3156285589050034	0.5091013884239921
ecf-418684	1.3465735902799727	1.3465735902799727	1.6931471805599454	0.37050275260909293	0.1573308974775678	0.1573308974775678	0.28761533753324336	0.18425002209292093	0.1573308974775678	0.1573308974775678	0.28761533753324336	0.18425002209292093	0.2184572108147978	0.0	0.9932368987362996	0.2650033802716212	0.32959759986893394	1.0	1.0	0.0	1.0	0.0	0.3	0.3	0.4	8.0	0.2	0.02703351804173143	0.02703351804173143	0.02703351804173143	0.0
ecf-255352	1.2239699336535068	1.0	2.09861228866811	0.4286359969692456	0.4926715230093488	0.4926715230093488	0.5149989060507026	0.031575687909381686	0.4926715230093488	0.4926715230093488	0.5149989060507026	0.031575687909381686	0.22428410908909832	0.0	0.9932368987362996	0.2697313968643208	0.2996732841060269	1.0	1.0	0.0	1.0	0.0	0.1	0.8	0.1	8.0	0.3	1.8232261998627382	1.8232261998627382	1.8232261998627382	0.0
ecf-221053	1.1220680320742344	1.0	2.09861228866811	0.3662040962227034	0.28733580070809833	0.277881579593282	0.3705429967602997	0.052790427282433695	0.28733580070809833	0.277881579593282	0.3705429967602997	0.052790427282433695	0.22443560935173026	0.0	0.9932368987362996	0.27099136244217786	0.25661368930965045	1.0	1.0	0.1	1.0	0.0	0.1	0.9	0.0	9.0	0.0	0.6713224365722921	0.6830150776425199	1.0413064974090624	0.3198797471883381
ecf-198012	1.6212266624470002	1.6931471805599454	2.09861228866811	0.4561303629843955	0.35273002956443283	0.24509130464231416	0.5895730108767131	0.20539526865179158	0.35273002956443283	0.24509130464231416	0.5895730108767131	0.20539526865179158	0.30867854738222245	0.3216381270255615	0.9932368987362996	0.26761498381928844	0.29753891042274916	0.6783618729744385	1.0	0.25	1.0	0.0	0.0	0.5	0.5	4.0	0.25	0.4073800219711257	0.7711633264267492	0.9134648734058929	0.7566805065827164
ecf-266118	1.8844480518460378	1.6931471805599454	3.833213344056216	1.099495851353958	0.1808093293425564	0.15779968453592133	0.4801122796124583	0.16434918913586818	0.1808093293425564	0.15779968453592133	0.4801122796124583	0.16434918913586818	0.2949045246860898	0.2774862911575545	0.9932368987362996	0.2754941886681822	0.28030174697985594	0.7225137088424455	0.9	0.1	0.9	0.1	0.1	0.7	0.2	10.0	0.2	0.23549844841916828	0.07795007866315387	0.9696106289314553	0.34415786822578
ecf-238976	1.0990210257942779	1.0	1.6931471805599454	0.2619850088181714	0.5530984566969008	0.5774880883593964	0.8616033789950089	0.2740236562180269	0.5530984566969008	0.5774880883593964	0.8616033789950089	0.2740236562180269	0.33462440056707043	0.3707512921556374	0.8927003872085865	0.285330170130529	0.33107651368797353	0.6292487078443626	0.9	0.3	0.9	0.1	0.2	0.8	0.0	6.0	0.2	0.9391477009722268	0.5238721066439949	5.46206470790559	1.39400128807253
ecf-193415	1.199084385469784	1.0	2.09861228866811	0.4078435119457356	0.5171521904340632	0.48424207369853606	0.7099362305302065	0.14024463222977365	0.5171521904340632	0.48424207369853606	0.7099362305302065	0.14024463222977365	0.3056078259233631	0.36402414442464	0.8927003872085865	0.2743906594469462	0.3457643432836222	0.6359758555753601	1.0	0.4	1.0	0.0	0.1	0.7	0.2	9.0	0.1	1.440775316927383	1.50368700342531	3.159479614911544	0.9510264538479579
ecf-257926	1.3612964697370207	1.0	2.09861228866811	0.5140969646154724	0.05906042529596038	0.027046457421892215	0.14572538896020792	0.07590270550785862	0.05906042529596038	0.027046457421892215	0.14572538896020792	0.07590270550785862	0.22416764926553548	0.0	0.9932368987362996	0.2703666776960651	0.2820879272840725	1.0	1.0	0.0	1.0	0.0	0.2	0.3	0.5	8.0	0.4	0.03548732234691895	0.02507294666979375	0.058558227106859095	0.020011416686614998
ecf-425868	2.2625203944402155	2.386294361119891	3.3978952727983707	0.749467761008938	0.32670716998204086	0.3731214286476783	0.5204760375493837	0.22066784039916065	0.32670716998204086	0.3731214286476783	0.5204760375493837	0.22066784039916065	0.23493397913728434	0.08593312772410303	0.9932368987362996	0.2753407001959414	0.325798414694406	0.914066872275897	0.9	0.0	0.9	0.1	0.0	0.9	0.1	10.0	0.2	0.5956487817401628	0.13297568269079968	1.871625326604906	1.1188487463915937
ecf-479629	1.7585531985305138	1.8958797346140277	2.386294361119891	0.5210348666616647	0.6037868584437674	0.584915703012812	0.9126813362866741	0.26866906205409985	0.6037868584437674	0.584915703012812	0.9126813362866741	0.26866906205409985	0.20815869014677116	0.0	0.9932368987362996	0.25977005866911607	0.2912056076743966	1.0	1.0	0.3	1.0	0.0	0.1	0.4	0.5	8.0	0.2	1.114774105518123	0.0	5.867529816013755	1.7830161436567555
ecf-259471	2.2688498794774468	2.151292546497023	4.218875824868201	1.0296499232232932	0.12166630281180067	0.12912022178185806	0.20883222923165176	0.09112182718277015	0.12166630281180067	0.12912022178185806	0.20883222923165176	0.09112182718277015	0.29589543127872975	0.27892106519722104	0.9932368987362996	0.27356638187695864	0.2764834233689946	0.721078934802779	1.0	0.1	1.0	0.1	0.0	0.9	0.1	10.0	0.0	0.18770224173286892	0.19062793578498838	0.34113238485908476	0.15491371199018467
ecf-266120	1.199084385469784	1.0	2.09861228866811	0.4078435119457356	0.43033782690792965	0.3397561910549492	0.7099362305302065	0.1828759318560576	0.43033782690792965	0.3397561910549492	0.7099362305302065	0.1828759318560576	0.22649921147276603	0.0	0.9932368987362996	0.26920594752228655	0.28844386383991316	1.0	1.0	0.2	1.0	0.0	0.2	0.6	0.2	9.0	0.0	1.3136626412568342	0.9715058206127946	2.892850951657596	0.8252527009693728
ecf-327060	1.2970630773828338	1.0	1.6931471805599454	0.37050275260909293	0.480847546862285	0.5047113262456289	0.7972530959450946	0.23698134411341465	0.480847546862285	0.5047113262456289	0.7972530959450946	0.23698134411341465	0.30220524417168215	0.34807159781242447	0.9541357903523484	0.2865458516620395	0.2649821000150938	0.6519284021875755	1.0	0.14285714285714285	1.0	0.0	0.0	0.5714285714285714	0.42857142857142855	7.0	0.14285714285714285	0.2541492887660042	0.0	1.392088736700447	0.5783569981822669
ecf-411543	1.198042051588556	1.0	2.386294361119891	0.5239700176363429	0.42938127721903974	0.37399278105163325	0.7380458071729002	0.18589608143132758	0.42938127721903974	0.37399278105163325	0.7380458071729002	0.18589608143132758	0.20827292306658038	0.0	0.9932368987362996	0.26017873908017813	0.3537264194488453	1.0	0.7142857142857143	0.0	0.7142857142857143	0.2857142857142857	0.0	0.8571428571428571	0.14285714285714285	7.0	0.2857142857142857	0.6409152387290676	0.9180913460245319	2.216871574720016	1.1543632455024555
ecf-174480	1.2079441541679836	1.0	1.6931471805599454	0.3348218978017722	0.31981956451409915	0.26998709187337044	0.5996554800102895	0.22810400701194117	0.31981956451409915	0.26998709187337044	0.5996554800102895	0.22810400701194117	0.2288713012447892	0.0	0.9932368987362996	0.2737244666789299	0.27038176005419184	1.0	0.9	0.1	0.9	0.1	0.0	0.8	0.2	10.0	0.0	0.4595506872571209	0.32506227677137234	1.088406322902225	0.39675591622158257
ecf-326033	1.9639522006701664	1.8958797346140277	3.302585092994046	0.7010788375619897	0.3130421546367054	0.3417704838185343	0.402309121193204	0.10657579000916181	0.3130421546367054	0.3417704838185343	0.402309121193204	0.10657579000916181	0.2771782950409907	0.23011641039148106	0.9932368987362996	0.277167430942734	0.2801427727180743	0.769883589608519	0.9	0.1	0.9	0.1	0.1	0.8	0.1	10.0	0.3	0.4919009489019267	0.5876339287133938	0.6789808135779636	0.2491453232532172
ecf-198043	1.0	1.0	1.0	0.0	0.5865367453439553	0.48424207369853606	0.8616033789950089	0.2408069804329221	0.5865367453439553	0.48424207369853606	0.8616033789950089	0.2408069804329221	0.278437670007922	0.23391852812399017	0.9541357903523484	0.26546456986375144	0.29549403423220877	0.7660814718760098	1.0	0.25	1.0	0.0	0.5	0.5	0.0	4.0	0.25	0.1886974407098247	0.0	0.566092322129474	0.32683355456763213
ecf-327582	1.6109523027165795	1.6931471805599454	2.386294361119891	0.6059873455572782	0.41988643488356026	0.36391480500216716	0.6979299943329438	0.2547125695808052	0.41988643488356026	0.36391480500216716	0.6979299943329438	0.2547125695808052	0.2108845270466883	0.0	0.9932368987362996	0.2619028750335932	0.28193764798479776	1.0	0.8	0.4	0.8	0.2	0.0	0.5	0.5	7.0	0.3	1.0678970851783915	0.5586434981164835	5.54907608489522	1.3124212018252122
ecf-273823	1.2772588722239782	1.0	1.6931471805599454	0.3796523464637884	0.27681603365473306	0.27681603365473306	0.40790667834925814	0.18539016762723004	0.27681603365473306	0.27681603365473306	0.40790667834925814	0.18539016762723004	0.2143328344249503	0.0	0.9932368987362996	0.2630561700531328	0.3099941152490195	1.0	1.0	0.0	1.0	0.0	0.4	0.2	0.4	5.0	0.0	0.6325093175311829	0.6325093175311829	0.6325093175311829	0.0
ecf-172958	1.0770163533955495	1.0	1.6931471805599454	0.23104906018664845	0.6000084851826986	0.48851191765558316	0.9126813362866741	0.19219948003784296	0.6000084851826986	0.48851191765558316	0.9126813362866741	0.19219948003784296	0.26911480425023776	0.22779042660317167	0.9541357903523484	0.2621761863540783	0.28453316813284957	0.7722095733968284	0.9	0.0	0.9	0.1	0.3	0.6	0.1	9.0	0.0	0.7542653189112781	0.0	3.836097493520279	1.1798894525184371
ecf-273819	1.1569446126668728	1.0	2.09861228866811	0.41523641472790324	0.45956097888032843	0.4371011427037713	0.7380458071729002	0.20145722240439445	0.45956097888032843	0.4371011427037713	0.7380458071729002	0.20145722240439445	0.3019279714350509	0.33398283557604047	0.9541357903523484	0.26156006705082097	0.36762465323043003	0.6660171644239595	1.0	0.4	1.0	0.0	0.3	0.5	0.2	6.0	0.2	0.38147852405893595	0.0	5.867529816013755	1.5737571681575262
ecf-218027	1.0866433975699932	1.0	1.6931471805599454	0.2450645358671368	0.3977054318294381	0.37112647582552183	0.5996554800102895	0.16888656004180302	0.3977054318294381	0.37112647582552183	0.5996554800102895	0.16888656004180302	0.31053207017841733	0.3400817866134093	0.9541357903523484	0.27384351918640354	0.28027011813035646	0.6599182133865906	0.9	0.2	0.9	0.1	0.6	0.3	0.1	8.0	0.0	0.8348870604080719	0.6635231289369592	2.129860197730386	0.7847127205202159
ecf-358317	2.1585432155756976	1.6931471805599454	3.6390573296152584	0.8583918001340203	0.08476737099312306	0.08476737099312306	0.08476737099312306	0.0	0.08476737099312306	0.08476737099312306	0.08476737099312306	0.0	0.23653763192057206	0.08715019112600823	0.9932368987362996	0.27479024350506964	0.25939129695608076	0.9128498088739918	1.0	0.0	1.0	0.0	0.0	1.0	0.0	10.0	0.0	0.0	0.0	0.0	0.0
ecf-384431	1.2484906649788001	1.0	2.09861228866811	0.41504737116956814	0.5010533069858715	0.5691002097213479	0.8616033789950089	0.39585955338881834	0.5010533069858715	0.5691002097213479	0.8616033789950089	0.39585955338881834	0.2072176642449407	0.0	0.9932368987362996	0.2600398901437186	0.2878487573983231	1.0	1.0	0.1	1.0	0.0	0.1	0.9	0.0	10.0	0.3	0.15789917660989639	0.012536473334896768	0.944815403289969	0.38642026309664534
ecf-426423	1.6931471805599454	1.6931471805599454	2.386294361119891	0.7410055052181859	0.5503892324048303	0.5503892324048303	0.7742856144405287	0.3166373000411525	0.5503892324048303	0.5503892324048303	0.7742856144405287	0.3166373000411525	0.20682195899184658	0.0	0.9932368987362996	0.25962975091016244	0.33607788682474327	1.0	1.0	0.2	1.0	0.0	0.2	0.2	0.6	8.0	0.6	1.4917727943534682	1.4917727943534682	1.4917727943534682	0.0
ecf-200630	1.1732867951399863	1.0	1.6931471805599454	0.3465735902799727	0.4418761623370809	0.4418761623370809	0.622621612880069	0.2556126674951293	0.4418761623370809	0.4418761623370809	0.622621612880069	0.2556126674951293	0.32395667488663527	0.35740437147511134	0.9541357903523484	0.2717941065807161	0.31684770518859035	0.6425956285248886	0.75	0.25	0.75	0.25	0.25	0.5	0.25	4.0	0.25	1.5612150030755692	1.5612150030755692	1.5612150030755692	0.0
ecf-165815	1.2310490601866484	1.0	1.6931471805599454	0.3465735902799727	0.4275112610070827	0.45103455837016726	0.7232085562948732	0.2632834800388018	0.4275112610070827	0.45103455837016726	0.7232085562948732	0.2632834800388018	0.22910033435272006	0.0	0.9932368987362996	0.273884904855371	0.2991794120274532	1.0	0.8888888888888888	0.1111111111111111	0.8888888888888888	0.1111111111111111	0.1111111111111111	0.8888888888888888	0.0	9.0	0.0	0.8313108142889316	0.8066891289515423	1.6388729161840598	0.5676129976851496
ecf-287666	1.1831020481113517	1.0	2.09861228866811	0.44850658873134785	0.5691172819194155	0.5691172819194155	0.8253631221551779	0.36238634256310465	0.5691172819194155	0.5691172819194155	0.8253631221551779	0.36238634256310465	0.31721186499807674	0.34488143731331766	0.9541357903523484	0.2726513968638201	0.3826225676826255	0.6551185626866823	1.0	0.2	1.0	0.0	0.3	0.6	0.1	6.0	0.0	0.8305500807786297	0.0	2.491650242335889	1.4385549381390217
ecf-263613	1.109861228866811	1.0	2.09861228866811	0.34741170976416197	0.6397508588894151	0.5661845046527395	1.0	0.22942392393685954	0.6397508588894151	0.5661845046527395	1.0	0.22942392393685954	0.317876834526414	0.3481152599386357	0.9541357903523484	0.26902891926168593	0.29726609860496717	0.6518847400613643	0.9	0.5	0.9	0.1	0.2	0.7	0.1	10.0	0.1	1.0862744774536925	0.0	6.001061208638277	1.5380001067278646
ecf-272317	1.2559656384611508	1.0	2.09861228866811	0.4525433898572623	0.36509057829285263	0.21025032087397408	1.0	0.4012927273747466	0.36509057829285263	0.21025032087397408	1.0	0.4012927273747466	0.21617133906600888	0.0	0.9932368987362996	0.26368316138736536	0.2852602216340699	1.0	1.0	0.0	1.0	0.0	0.0	0.9	0.1	7.0	0.1	0.19508547057105421	0.0	1.6665755187333953	0.406766267375287
ecf-197049	1.6238324625039509	1.0	3.0794415416798357	0.8918613436940122	0.4727997617133592	0.43890246892626605	0.8616033789950089	0.24765156412490488	0.4727997617133592	0.43890246892626605	0.8616033789950089	0.24765156412490488	0.3038890643193345	0.3093660288365181	0.9932368987362996	0.2701606298954255	0.38082747177387843	0.6906339711634819	1.0	0.3	1.0	0.0	0.1	0.9	0.0	10.0	0.2	1.473231276557879	1.065060635087283	3.262446483468493	1.2569074082868634
ecf-273343	1.0	1.0	1.0	0.0	0.358159285713506	0.358159285713506	0.40451836418781406	0.06556163751748503	0.358159285713506	0.358159285713506	0.40451836418781406	0.06556163751748503	0.2156302343374331	0.0	0.9932368987362996	0.26357423372590855	0.2937768637117578	1.0	1.0	0.3	1.0	0.0	0.9	0.1	0.0	6.0	0.5	1.1188192278325928	1.1188192278325928	1.1188192278325928	0.0
ecf-168382	1.8841014310483892	1.6931471805599454	3.1972245773362196	0.71070556180808	0.5604822542408134	0.5604822542408134	0.8616033789950089	0.4258495785444239	0.5604822542408134	0.5604822542408134	0.8616033789950089	0.4258495785444239	0.2493129883471546	0.13549391080725265	0.9932368987362996	0.27689459641455616	0.2742256063174249	0.8645060891927474	1.0	0.2	1.0	0.0	0.0	0.9	0.1	10.0	0.0	1.6498620377596547	1.6498620377596547	1.6498620377596547	0.0
ecf-196541	1.0866433975699932	1.0	1.6931471805599454	0.2450645358671368	0.4925295686276416	0.4907023903682757	0.7972530959450946	0.21794578792820288	0.4925295686276416	0.4907023903682757	0.7972530959450946	0.21794578792820288	0.31230878228521164	0.3400817866134093	0.9541357903523484	0.26610633098768854	0.3386506487486934	0.6599182133865906	1.0	0.25	1.0	0.0	0.25	0.75	0.0	8.0	0.0	1.3217391705379185	1.0174545869299405	3.1186576203912892	0.927961961755576
ecf-337345	1.893062646917358	2.09861228866811	2.9459101490553135	0.7011387357573778	0.42410374035520626	0.31725002373738326	0.6869691985882167	0.22897120933525306	0.42410374035520626	0.31725002373738326	0.6869691985882167	0.22897120933525306	0.2099603494106765	0.0	0.9932368987362996	0.2613714789134076	0.29558773355643403	1.0	1.0	0.0	1.0	0.0	0.0	1.0	0.0	10.0	0.1	0.8241188459019184	0.34249633997536927	2.129860197730386	1.143698515400915
ecf-328130	2.0362802362517325	1.6931471805599454	3.8903717578961645	1.1135576203151547	0.2524853808936828	0.20977584099137966	0.5149989060507026	0.2359314516193572	0.2524853808936828	0.20977584099137966	0.5149989060507026	0.2359314516193572	0.27455742069814587	0.22546444281486225	0.9932368987362996	0.27669946522587546	0.2518035578700931	0.7745355571851378	1.0	0.2	1.0	0.1	0.0	0.8	0.2	9.0	0.0	0.12303540570854356	-0.023516935002608635	1.670327868351946	0.5900596937839793
ecf-221139	1.3465735902799727	1.3465735902799727	1.6931471805599454	0.49012907173427367	0.5417722565008734	0.5417722565008734	0.5417722565008734	0.0	0.5417722565008734	0.5417722565008734	0.5417722565008734	0.0	0.31031428371626774	0.3332523278142013	0.9541357903523484	0.2648275052285625	0.3500356914427515	0.6667476721857988	1.0	0.0	1.0	0.0	0.0	0.5	0.5	2.0	0.0	0.0	0.0	0.0	0.0
ecf-473558	1.0990210257942779	1.0	1.6931471805599454	0.26198500881817144	0.4627442169573313	0.5149989060507026	0.9126813362866741	0.3793737944552751	0.4627442169573313	0.5149989060507026	0.9126813362866741	0.3793737944552751	0.20682629933422725	0.0	0.9932368987362996	0.2591194366653802	0.25331936637084596	1.0	0.8	0.3	0.8	0.2	0.2	0.6	0.2	7.0	0.2	0.26503296059126696	0.0	5.749746780357371	1.3886311344968572
ecf-112599	1.2559656384611508	1.0	2.09861228866811	0.4525433898572623	0.4966674468986175	0.5072055097751471	0.7232085562948732	0.14965091702278258	0.4966674468986175	0.5072055097751471	0.7232085562948732	0.14965091702278258	0.30956436739798143	0.3345494738830366	0.9541357903523484	0.26374088710743654	0.3337770577824768	0.6654505261169634	0.8	0.1	0.8	0.4	0.4	0.3	0.3	5.0	0.3	1.1594089312437097	0.9290172864133777	3.1266897920885532	0.9817127106003931
ecf-256980	1.1732867951399863	1.0	1.6931471805599454	0.3208647959315357	0.39864045516831925	0.414975667899822	0.6979299943329438	0.18240841309902106	0.39864045516831925	0.414975667899822	0.6979299943329438	0.18240841309902106	0.3116360428533233	0.3400817866134093	0.9541357903523484	0.2627766211549418	0.3108658251584879	0.6599182133865906	0.9	0.0	0.9	0.1	0.2	0.4	0.4	8.0	0.5	0.39506091749996064	0.2526284599271683	3.469634543215384	1.0199587320802581
ecf-408030	1.3465735902799727	1.3465735902799727	1.6931471805599454	0.36532064071556886	0.27914804977316326	0.24016974739714683	0.6164757287389707	0.21248508874287628	0.27914804977316326	0.24016974739714683	0.6164757287389707	0.21248508874287628	0.21934284815593888	0.0	0.9932368987362996	0.26517420488408444	0.30634241714214794	1.0	0.9	0.1	0.9	0.1	0.0	0.9	0.1	9.0	0.2	0.3025896600219252	0.2749584711661476	1.33762211452621	0.7678896973942456
ecf-331740	2.3417838969117164	2.386294361119891	2.9459101490553135	0.6275664505662742	0.9126813362866741	0.9126813362866741	0.9126813362866741	0.0	0.9126813362866741	0.9126813362866741	0.9126813362866741	0.0	0.22068749056564607	0.0	0.9932368987362996	0.26596262383719443	0.26767306198195795	1.0	1.0	0.3333333333333333	1.0	0.0	0.0	0.0	1.0	3.0	0.0	0.0	0.0	0.0	0.0
ecf-256985	1.0	1.0	1.0	0.0	0.32458357385670167	0.311800207239198	0.6588600714984729	0.2043021933066468	0.32458357385670167	0.311800207239198	0.6588600714984729	0.2043021933066468	0.22525584173769841	0.0	0.9932368987362996	0.2705698465701434	0.3204046804420892	1.0	1.0	0.4	1.0	0.0	0.5	0.5	0.0	7.0	0.2	0.3707930096699791	0.11283888663628905	2.4789112165584593	0.7153208729223338
ecf-317919	1.74767677640681	1.0	3.3978952727983707	1.0487094950203555	0.36117698791881714	0.36117698791881714	0.5895730108767131	0.3230007532591332	0.36117698791881714	0.36117698791881714	0.5895730108767131	0.3230007532591332	0.2874350018618727	0.2635984541151284	0.9932368987362996	0.2745317847319871	0.2906885308082536	0.7364015458848716	0.9	0.0	0.9	0.1	0.2	0.8	0.0	8.0	0.1	-0.45278873683055143	-0.45278873683055143	-0.45278873683055143	0.0
ecf-197604	1.0770163533955495	1.0	1.6931471805599454	0.23104906018664845	0.6251833906041033	0.712507952435915	1.0	0.31884481173920937	0.6251833906041033	0.712507952435915	1.0	0.31884481173920937	0.3130077310666071	0.3345494738830366	0.9932368987362996	0.26636392321969915	0.45504137171534836	0.6654505261169634	0.9	0.2	0.9	0.1	0.6	0.3	0.1	9.0	0.0	0.8869485388061941	0.0	6.155211888465535	1.751146184934157
ecf-336365	1.2310490601866484	1.0	1.6931471805599454	0.3465735902799727	0.2935314250082752	0.2245746241391324	0.6979299943329438	0.32629105048992385	0.2935314250082752	0.2245746241391324	0.6979299943329438	0.32629105048992385	0.21044021452351935	0.0	0.9932368987362996	0.2615031390413195	0.2613860656308517	1.0	1.0	0.0	1.0	0.0	0.2	0.6	0.2	9.0	0.1	0.20162500828669533	-0.09539311207016272	2.0227155602790585	0.6569413645350549
ecf-317931	1.6931471805599454	1.6931471805599454	2.386294361119891	0.4001887112843146	0.6050164715751511	0.6050164715751511	0.6050164715751511	0.0	0.6050164715751511	0.6050164715751511	0.6050164715751511	0.0	0.2239332175083148	0.0	0.9932368987362996	0.2680557379706508	0.290960520723216	1.0	1.0	0.1	1.0	0.0	0.2	0.0	0.8	7.0	0.4	0.0	0.0	0.0	0.0
ecf-471541	1.4882721282969378	1.0	3.1972245773362196	0.7981233240727043	0.36243270460060006	0.296266712196076	1.0	0.2566431897258312	0.36243270460060006	0.296266712196076	1.0	0.2566431897258312	0.20761364476543884	0.0	0.9932368987362996	0.25988400126687794	0.2521470119143976	1.0	0.8888888888888888	0.2222222222222222	0.8888888888888888	0.1111111111111111	0.0	1.0	0.0	9.0	0.0	0.44127444830298623	0.411995475769658	1.5483764231583828	0.3870705537688885
ecf-342002	1.4276666119016057	1.3465735902799727	2.09861228866811	0.47449032937408914	0.21646977739522863	0.21265000656742652	0.25936112948661805	0.04111476131416531	0.21646977739522863	0.21265000656742652	0.25936112948661805	0.04111476131416531	0.20756476421725586	0.0	0.9932368987362996	0.2603810130615542	0.30795653122352945	1.0	1.0	0.2	1.0	0.1	0.0	0.9	0.1	10.0	0.0	0.69247845476419	0.734051037245144	0.7871040247671647	0.12089709436657081
ecf-270332	1.0693147180559945	1.0	1.6931471805599454	0.21919238442934136	0.5974543554470058	0.5557820912675814	0.9126813362866741	0.21332785246617514	0.5974543554470058	0.5557820912675814	0.9126813362866741	0.21332785246617514	0.22497622702035208	0.0	0.9932368987362996	0.26898943374434314	0.34545333388792415	1.0	0.9	0.4	0.9	0.1	0.3	0.7	0.0	10.0	0.0	0.26792081538410617	0.0	2.341169291397593	0.9418807022045288
ecf-268281	1.3106133312235002	1.0	2.09861228866811	0.4465758384448279	0.5393253735510963	0.622621612880069	1.0	0.3348776237915463	0.5393253735510963	0.622621612880069	1.0	0.3348776237915463	0.21593590974873778	0.0	0.9932368987362996	0.26361646877231415	0.289912111091036	1.0	0.8	0.1	0.8	0.2	0.4	0.6	0.0	7.0	0.0	0.8707609415073148	0.0	7.946971357693591	1.8587682769307792
