ecf-209410	1.2310490601866484	1.0	1.6931471805599454	0.3465735902799727	0.5304160225592296	0.5241252706521264	1.0	0.22762853532488653	0.5304160225592296	0.5241252706521264	1.0	0.22762853532488653	0.33958394032202044	0.3980755034581198	0.6725093313035466	0.26295258877304356	0.3008079794052615	0.6019244965418802	0.9	0.2	0.9	0.0	0.3	0.5	0.1	10.0	0.0	0.3361439232931568	0.0	2.8976982708919206	0.8412564917974422
ecf-259072	1.0	1.0	1.0	0.0	0.5014221017243232	0.40790667834925814	0.8616033789950089	0.272455774092173	0.5014221017243232	0.40790667834925814	0.8616033789950089	0.272455774092173	0.36100795254804163	0.3855360592929705	0.9932368987362996	0.22877659441467643	0.38994830205739106	0.6144639407070295	0.3	0.0	0.3	0.2	0.0	0.5	0.0	10.0	0.3	1.1128643649468763	0.9063794969380365	6.848359069025481	1.8900177637876938
ecf-426497	1.616130827164396	1.6931471805599454	1.6931471805599454	0.23104906018664842	0.24609726741149995	0.1511147900863289	0.7742856144405287	0.27274746978755565	0.24609726741149995	0.1511147900863289	0.7742856144405287	0.27274746978755565	0.37202238619683814	0.39719278234653843	0.9932368987362996	0.2279819205827281	0.29907917243536664	0.6028072176534616	0.8	0.2	0.8	0.2	0.0	0.1	0.8	10.0	0.3	0.16273620527810667	0.035493611944494526	1.8277734440760567	0.42938458495993986
ecf-303125	2.311355671231609	2.386294361119891	3.3978952727983707	0.8539715194271231	0.46006606260068417	0.4747915811877693	0.8616033789950089	0.2620102841829782	0.46006606260068417	0.4747915811877693	0.8616033789950089	0.2620102841829782	0.3933675391656414	0.4195447087362176	0.9932368987362996	0.23120098557036217	0.43168218735815156	0.5804552912637824	0.5	0.1	0.5	0.0	0.0	0.5	0.0	10.0	0.2	1.8406944725964465	0.5983838267659974	5.46206470790559	1.9915566865597594
ecf-198161	1.462098120373297	1.6931471805599454	1.6931471805599454	0.35793966490390583	0.45196292579074104	0.5353114903984842	0.6675509886888685	0.22192864052329128	0.45196292579074104	0.5353114903984842	0.6675509886888685	0.22192864052329128	0.43662746939010766	0.435572592468337	0.9541357903523484	0.23294422743517743	0.3213154012672647	0.564427407531663	0.6	0.2	0.6	0.0	0.0	0.3	0.3	10.0	0.0	0.5323109310168619	0.08848065332654446	2.9252862274107496	0.9262001481583424
ecf-266262	3.2329980791156636	3.302585092994046	4.178053830347945	0.5278452798698323	0.3032966829623441	0.3117330621728762	0.5758179948968974	0.16248360021794603	0.3032966829623441	0.3117330621728762	0.5758179948968974	0.16248360021794603	0.3947997737942543	0.4216304363932476	0.9932368987362996	0.2318079101081727	0.35581528465963685	0.5783695636067524	0.7	0.3	0.7	0.0	0.0	0.7	0.0	10.0	0.2	0.9122815049668099	0.5584532303139781	3.5714473005072755	0.9483717868711109
ecf-476180	2.1077041997108283	1.8958797346140277	2.9459101490553135	0.5905892313662768	0.3644643457792012	0.4008517906740372	0.5674174579644162	0.16013756511036734	0.3644643457792012	0.4008517906740372	0.5674174579644162	0.16013756511036734	0.36207103332214696	0.38641416849456467	0.9932368987362996	0.22835472017589223	0.2816583296973121	0.6135858315054353	0.4	0.0	0.4	0.0	0.0	0.2	0.2	10.0	0.1	0.9714222370919852	0.7467841581727755	3.712864853096331	0.8835165414944703
ecf-202772	1.138629436111989	1.0	1.6931471805599454	0.30998484282887173	0.5343747377574566	0.5204760375493837	0.9126813362866741	0.19752828296923014	0.5343747377574566	0.5204760375493837	0.9126813362866741	0.19752828296923014	0.38290327971835153	0.41218809403768075	0.9932368987362996	0.23312699770379916	0.32198433759963857	0.5878119059623192	0.5555555555555556	0.2222222222222222	0.5555555555555556	0.0	0.1111111111111111	0.3333333333333333	0.1111111111111111	9.0	0.0	0.3166747882624246	0.0	3.469634543215384	0.9530221484302529
ecf-329247	1.9241962407465938	1.6931471805599454	2.386294361119891	0.4001887112843146	0.37448837576354105	0.3761827559324544	0.8253631221551779	0.2798053632323839	0.37448837576354105	0.3761827559324544	0.8253631221551779	0.2798053632323839	0.3753021763934814	0.4016534419434619	0.9932368987362996	0.2293925234079218	0.31823647681598083	0.5983465580565381	0.3	0.0	0.3	0.0	0.0	0.0	0.3	10.0	0.4	0.8800908993826567	0.23427239638265546	4.425972776218814	1.4672177618089741
ecf-280601	1.9917737587646214	1.8958797346140277	2.386294361119891	0.34358142629314764	0.5410792574488507	0.5501624040018761	0.9126813362866741	0.2673868185125565	0.5410792574488507	0.5501624040018761	0.9126813362866741	0.2673868185125565	0.36613946651935964	0.3901335022350453	0.9932368987362996	0.22768049397461362	0.3319907795404269	0.6098664977649547	0.6	0.3	0.6	0.0	0.0	0.2	0.4	10.0	0.1	1.3060640019636918	1.094963723448384	6.33753344525949	1.441754217877506
ecf-229921	1.0770163533955495	1.0	1.6931471805599454	0.23104906018664842	0.47817506705126983	0.44677448724585395	1.0	0.3062863364358326	0.47817506705126983	0.44677448724585395	1.0	0.3062863364358326	0.41543045557103797	0.4298239945305857	0.9541357903523484	0.22651346836603165	0.3094454183587329	0.5701760054694143	0.8	0.1	0.8	0.1	0.4	0.5	0.0	10.0	0.0	0.875763376904825	0.19549603967213378	4.034948352265444	1.2441114059483536
ecf-420897	3.096542264945956	3.4849066497880004	3.772588722239781	0.8915298465460062	0.16822613884028206	0.171968589813837	0.37399278105163325	0.13584290398134377	0.16822613884028206	0.171968589813837	0.37399278105163325	0.13584290398134377	0.3915894176214347	0.4190998715346042	0.9932368987362996	0.23180350636119817	0.3381692228811281	0.5809001284653958	0.8	0.1	0.8	0.4	0.0	0.9	0.0	10.0	0.1	0.39246664355064387	0.07664531644729579	2.5290947560879147	0.6129811595325442
ecf-204329	2.383144689726263	2.386294361119891	2.9459101490553135	0.5100823880949682	0.24854498315567086	0.22800477549239473	0.4741609529110248	0.10477004728898186	0.24854498315567086	0.22800477549239473	0.4741609529110248	0.10477004728898186	0.3710270122120548	0.39432180665303984	0.9932368987362996	0.22840019395148656	0.2903701765462687	0.6056781933469602	0.4	0.1	0.4	0.1	0.0	0.3	0.2	10.0	0.0	0.8710790324431004	0.8333586942116329	2.4747006840221157	0.5022424652112253
ecf-282667	1.6356107660695893	1.6931471805599454	2.386294361119891	0.6303191256589277	0.5126876310374096	0.4150931558263129	0.9126813362866741	0.26752648129234663	0.5126876310374096	0.4150931558263129	0.9126813362866741	0.26752648129234663	0.37929236026152996	0.41115349772029786	0.9932368987362996	0.2305369834713856	0.2961898008376997	0.5888465022797021	0.5	0.2	0.5	0.1	0.0	0.3	0.2	10.0	0.3	0.8842173099151222	0.5149789063772354	6.5606769965737	1.289777695774811
ecf-265269	2.205078457482247	2.386294361119891	2.791759469228055	0.5684922395040042	0.21818850696102338	0.1511147900863289	0.5417722565008734	0.2086829556784935	0.21818850696102338	0.1511147900863289	0.5417722565008734	0.2086829556784935	0.3783414574854645	0.4113433152845367	0.9932368987362996	0.23173196347574676	0.28021142105209457	0.5886566847154633	0.7	0.2	0.7	0.1	0.0	0.7	0.0	10.0	0.2	0.1097776305902614	0.02507294666979375	2.2299436562873685	0.6091252330849389
ecf-332852	1.0	1.0	1.0	0.0	0.43964299391056166	0.4438796378484463	0.6869691985882167	0.18702754267538885	0.43964299391056166	0.4438796378484463	0.6869691985882167	0.18702754267538885	0.37493431391170096	0.4013687567629109	0.9932368987362996	0.22919562188264386	0.3112843123980757	0.598631243237089	0.2	0.0	0.2	0.1	0.2	0.1	0.0	10.0	0.1	0.9325686660889301	0.25805802082879475	4.481235454893864	1.582865307819376
ecf-198193	1.138629436111989	1.0	1.6931471805599454	0.2922565125724551	0.4215147080596907	0.42033365350190816	0.6675509886888685	0.1394320349658757	0.4215147080596907	0.42033365350190816	0.6675509886888685	0.1394320349658757	0.42028960807009413	0.4365365263643836	0.9541357903523484	0.2191000714847121	0.31306167959534636	0.5634634736356163	0.9	0.3	0.9	0.1	0.1	0.7	0.2	10.0	0.0	0.6884435487748168	0.6167811919057137	2.1943987188679572	0.7253512227822304
ecf-397877	1.4251496727077695	1.0	2.6094379124341005	0.6360227326443643	0.32909398592067546	0.264546528267311	0.6979299943329438	0.24709400760669328	0.32909398592067546	0.264546528267311	0.6979299943329438	0.24709400760669328	0.37448919615645443	0.4004607202579495	0.9932368987362996	0.22899998591843373	0.28054308474280054	0.5995392797420505	0.6	0.1	0.6	0.2	0.2	0.4	0.2	10.0	0.1	0.46270337310217263	0.27236752125147634	3.412382605877588	0.7588025146637102
ecf-406064	1.3465735902799727	1.3465735902799727	1.6931471805599454	0.37050275260909293	0.5477221493136206	0.5977179267201255	0.9126813362866741	0.25762119841251363	0.5477221493136206	0.5977179267201255	0.9126813362866741	0.25762119841251363	0.3738023251018682	0.3997122227805619	0.9932368987362996	0.22878920005281328	0.318632764759596	0.6002877772194382	0.7	0.0	0.7	0.1	0.2	0.2	0.4	10.0	0.0	0.7227812005331619	0.0	5.056599599797425	1.2719295422680121
ecf-264242	1.4951051289713895	1.6931471805599454	1.6931471805599454	0.33822119203626044	0.18798543972730367	0.09810196299423704	0.6588600714984729	0.2117081622241395	0.18798543972730367	0.09810196299423704	0.6588600714984729	0.2117081622241395	0.3604714098012973	0.3832374926235144	0.9932368987362996	0.22886258530593293	0.2803993955763681	0.6167625073764855	0.7	0.1	0.7	0.0	0.1	0.1	0.5	10.0	0.1	0.1227551701898921	0.05714638052096051	1.1280472924180691	0.24653283740719165
ecf-419902	1.577622650466621	1.6931471805599454	1.6931471805599454	0.2829761515034443	0.4417118747371255	0.3898108853032364	0.8253631221551779	0.24961723911971953	0.4417118747371255	0.3898108853032364	0.8253631221551779	0.24961723911971953	0.37237315105047974	0.3996986412771203	0.9932368987362996	0.2286390556188684	0.34974811524684074	0.6003013587228797	0.5	0.2	0.5	0.3	0.0	0.1	0.5	10.0	0.3	1.470444614604627	1.3879228530010086	4.768917527345645	1.2588632081085696
ecf-192574	1.0	1.0	1.0	0.0	0.6105610598229274	0.5795989221745643	0.9126813362866741	0.1395708087278862	0.6105610598229274	0.5795989221745643	0.9126813362866741	0.1395708087278862	0.40705396011611195	0.42666267058611196	0.9541357903523484	0.22187379554107547	0.4080237895263431	0.573337329413888	0.5	0.1	0.5	0.0	0.2	0.3	0.0	10.0	0.1	1.1396743827137608	0.5481850822736422	4.021703125515423	1.2946669510938245
ecf-371768	1.1155245300933243	1.0	1.6931471805599454	0.28297615150344435	0.5608573738168542	0.6251937842641302	0.8253631221551779	0.2393864367972236	0.5608573738168542	0.6251937842641302	0.8253631221551779	0.2393864367972236	0.39580371567749245	0.41865503433299084	0.9541357903523484	0.22474249921133158	0.3206578649717815	0.5813449656670091	0.4	0.2	0.4	0.2	0.1	0.4	0.1	10.0	0.1	1.007673553275958	0.3632158848968264	5.133560640933554	1.524796549030688
ecf-192573	1.2310490601866484	1.0	1.6931471805599454	0.35793966490390583	0.37869163068784717	0.31437290032452625	0.6869691985882167	0.20827455272546982	0.37869163068784717	0.31437290032452625	0.6869691985882167	0.20827455272546982	0.3990464050936052	0.4195447087362176	0.9541357903523484	0.22517589097445453	0.30803077337575185	0.5804552912637824	0.5	0.0	0.5	0.1	0.0	0.6	0.0	10.0	0.1	0.7418843228110353	0.6022523035439179	2.9363360635973343	0.7604791911767522
ecf-327749	1.6452001684846487	1.6931471805599454	2.09861228866811	0.35526369699412724	0.45917630969177486	0.3888271361339418	0.9126813362866741	0.30277865482711314	0.45917630969177486	0.3888271361339418	0.9126813362866741	0.30277865482711314	0.39187021922624177	0.41865503433299084	0.9932368987362996	0.2326382669878874	0.3081379436885977	0.5813449656670091	0.6	0.2	0.6	0.1	0.0	0.6	0.0	10.0	0.3	1.214315793659401	0.674380082492027	7.253824177133645	1.7376911427085104
ecf-328772	2.676234939134731	2.791759469228055	2.791759469228055	0.28297615150344413	0.28615696917595895	0.1840459128232959	0.8616033789950089	0.3141192362625205	0.28615696917595895	0.1840459128232959	0.8616033789950089	0.3141192362625205	0.37635372562275027	0.4068092554722761	0.9932368987362996	0.22975742192933218	0.31510714508295756	0.5931907445277239	0.6	0.0	0.6	0.0	0.0	0.0	0.6	10.0	0.3	0.6085602472981724	0.21291636516402299	5.23892115659138	1.0409759500729305
ecf-256580	1.462098120373297	1.6931471805599454	1.6931471805599454	0.35793966490390583	0.27589227215162276	0.15842285664862563	1.0	0.3241216551052779	0.27589227215162276	0.15842285664862563	1.0	0.3241216551052779	0.3781924649718405	0.410824197371101	0.9932368987362996	0.23357700995624958	0.29333548573842755	0.589175802628899	0.6	0.3	0.6	0.1	0.1	0.1	0.4	10.0	0.3	0.4682919902982388	0.20935507483568594	2.3103976327308393	0.6052535718950828
ecf-198731	1.3531170922608828	1.0	2.791759469228055	0.6173616136212001	0.6580012539146968	0.6292577757543811	1.0	0.17613758751040434	0.6580012539146968	0.6292577757543811	1.0	0.17613758751040434	0.39161722959486994	0.41695956999883005	0.9541357903523484	0.2265893552640428	0.3002022673501114	0.58304043000117	0.9	0.3	0.9	0.0	0.3	0.6	0.0	10.0	0.0	0.5388867485156774	0.0	4.768917527345645	1.147853884323806
ecf-472661	1.2599301927099795	1.0	1.6931471805599454	0.35873774764475586	0.42876327586194896	0.3908069635072646	1.0	0.3167966937693677	0.42876327586194896	0.3908069635072646	1.0	0.3167966937693677	0.3721616513931314	0.39719278234653843	0.9932368987362996	0.22782341426125374	0.2636968637572954	0.6028072176534616	0.7	0.5	0.7	0.1	0.2	0.5	0.1	10.0	0.0	0.5130782200319418	0.02507294666979375	2.9565387709148543	0.883842240417119
ecf-339024	2.847426567613332	2.9459101490553135	3.3978952727983707	0.5538674555274737	0.17127291449603346	0.12191367597722248	0.5595423643388393	0.17408985127790566	0.17127291449603346	0.12191367597722248	0.5595423643388393	0.17408985127790566	0.3902170563968652	0.41837215230565905	0.9932368987362996	0.23414606917127403	0.32628171899169656	0.581627847694341	0.9	0.0	0.9	0.0	0.0	0.9	0.0	10.0	0.0	0.20089244574933846	0.09795327428829245	2.140865232053206	0.3798930592365099
ecf-420433	1.1732867951399863	1.0	1.6931471805599454	0.3465735902799727	0.39150890877613653	0.3721372776213816	0.8253631221551779	0.2258849776614399	0.39150890877613653	0.3721372776213816	0.8253631221551779	0.2258849776614399	0.3724890672390182	0.3997122227805619	0.9932368987362996	0.22817948272738695	0.34272796788851007	0.6002877772194382	0.3	0.0	0.3	0.1	0.2	0.2	0.0	10.0	0.2	0.9274668208165684	0.7978397591361838	3.5649447230197087	0.8376687761346161
ecf-227939	1.2772588722239782	1.0	1.6931471805599454	0.3796523464637884	0.508498141393607	0.4929316424706918	0.8616033789950089	0.2079251892489271	0.508498141393607	0.4929316424706918	0.8616033789950089	0.2079251892489271	0.3899514018418132	0.41671480817490314	0.9541357903523484	0.22429380095647733	0.2961596146595506	0.5832851918250969	0.5	0.1	0.5	0.0	0.1	0.2	0.2	10.0	0.0	0.623559083719103	0.41403603677192446	2.6105433613625113	0.8060650024090317
ecf-252002	1.5522014777306667	1.6931471805599454	2.09861228866811	0.44600612793247896	0.46673657323752127	0.43700101224704146	1.0	0.2948834610811646	0.46673657323752127	0.43700101224704146	1.0	0.2948834610811646	0.3888394733556721	0.41671480817490314	0.9541357903523484	0.224760452921981	0.32032045641614404	0.5832851918250969	0.8	0.1	0.8	0.1	0.0	0.6	0.3	10.0	0.1	0.8847766428068332	0.05377248814898148	4.283409711563944	1.267693811224006
ecf-331878	2.5435177195198007	2.791759469228055	3.9444389791664403	1.1228883298874386	0.37768632104190203	0.2625437297188984	1.0	0.3148679014345329	0.37768632104190203	0.2625437297188984	1.0	0.3148679014345329	0.3914459733284501	0.4186492415343801	0.9932368987362996	0.2330888765529563	0.34099858947501094	0.5813507584656199	0.7	0.0	0.7	0.0	0.0	0.7	0.0	10.0	0.0	0.9655681243332331	0.3463289319573678	5.382022000232054	1.5914028584789761
ecf-292972	1.2310490601866484	1.0	1.6931471805599454	0.3465735902799727	0.5138731000329514	0.5401363522403477	0.9126813362866741	0.2713426922300402	0.5138731000329514	0.5401363522403477	0.9126813362866741	0.2713426922300402	0.3834091513367562	0.4135812280436667	0.9932368987362996	0.22829357355241703	0.345956738848809	0.5864187719563333	0.7	0.2	0.7	0.2	0.4	0.3	0.2	10.0	0.0	0.33257896354661187	0.0	3.087158953331918	0.8663443972394812
ecf-222824	1.3972567287934932	1.0	2.386294361119891	0.5790029313804321	0.5033548243777538	0.42952745720794144	0.9126813362866741	0.2420827759208805	0.5033548243777538	0.42952745720794144	0.9126813362866741	0.2420827759208805	0.38248441364494906	0.4125785900587894	0.9932368987362996	0.22855865647944562	0.2753881952416076	0.5874214099412106	0.8	0.1	0.8	0.0	0.2	0.5	0.1	10.0	0.0	1.121438581994257	0.969746897913566	5.46206470790559	1.2051562317496456
ecf-485482	1.4839001263634866	1.6931471805599454	2.09861228866811	0.42350347580435743	0.2298082504861747	0.15842285664862563	0.7380458071729002	0.24575376795458478	0.2298082504861747	0.15842285664862563	0.7380458071729002	0.24575376795458478	0.36158613336838974	0.38641416849456467	0.9932368987362996	0.22853056013032186	0.2728173331047287	0.6135858315054353	0.8	0.1	0.8	0.0	0.1	0.2	0.5	10.0	0.0	0.16474652187863958	0.02507294666979375	2.233238552184221	0.5185777731179445
ecf-490090	1.6931471805599454	1.6931471805599454	1.6931471805599454	0.0	0.316665657571898	0.21039407874637495	0.8253631221551779	0.3082969499187651	0.316665657571898	0.21039407874637495	0.8253631221551779	0.3082969499187651	0.36128340169348855	0.38620469217367487	0.9932368987362996	0.2283592701045102	0.3321722010761623	0.6137953078263252	0.4	0.0	0.4	0.0	0.0	0.4	0.0	10.0	0.3	0.5255216566820475	0.18116438291200185	3.742278738302624	0.9847984741027196
ecf-318070	3.54974360327924	3.772588722239781	4.713572066704308	0.902215507218371	0.24496188380075012	0.2579631905597681	0.4801122796124583	0.17878765856192316	0.24496188380075012	0.2579631905597681	0.4801122796124583	0.17878765856192316	0.3933675391656414	0.4195447087362176	0.9932368987362996	0.23120098557036217	0.33214156018945146	0.5804552912637824	0.7	0.1	0.7	0.0	0.0	0.7	0.0	10.0	0.0	0.2612702237466268	0.045663588932403104	2.310630163832922	0.735322356286407
ecf-318074	3.5322760402893496	3.772588722239781	4.688879454113936	0.8881773950879874	0.24496188380075012	0.2579631905597681	0.4801122796124583	0.17878765856192316	0.24496188380075012	0.2579631905597681	0.4801122796124583	0.17878765856192316	0.3933675391656414	0.4195447087362176	0.9932368987362996	0.23120098557036217	0.33214156018945146	0.5804552912637824	0.7	0.1	0.7	0.0	0.0	0.6	0.1	10.0	0.0	0.2612702237466268	0.045663588932403104	2.310630163832922	0.735322356286407
ecf-318075	1.0	1.0	1.0	0.0	0.4694637603126289	0.3750771468789217	1.0	0.27450418878989447	0.4694637603126289	0.3750771468789217	1.0	0.27450418878989447	0.3779959215613434	0.40991282939958085	0.9932368987362996	0.2303241764938315	0.27874134376891774	0.5900871706004192	0.2857142857142857	0.14285714285714285	0.2857142857142857	0.0	0.2857142857142857	0.0	0.0	7.0	0.14285714285714285	0.6208178095453735	0.3691584213765401	3.087158953331918	0.965320287773505
ecf-408185	1.4479398673070139	1.3465735902799727	2.09861228866811	0.543078102375304	0.46896345407759066	0.47599096339006525	1.0	0.2767883962996228	0.46896345407759066	0.47599096339006525	1.0	0.2767883962996228	0.3609076913457382	0.38633477495735047	0.9932368987362996	0.2292723678834599	0.3216362759165711	0.6136652250426495	0.2	0.0	0.2	0.2	0.0	0.3	0.1	10.0	0.2	0.4914482964837812	0.0	3.6294832441572797	1.0812500702537247
ecf-211585	1.1732867951399863	1.0	1.6931471805599454	0.3208647959315357	0.41560941442816507	0.4986892966421239	0.5233066027156972	0.14162723497592677	0.41560941442816507	0.4986892966421239	0.5233066027156972	0.14162723497592677	0.4309413765352774	0.45537447534546516	0.7611084055488654	0.2219270357968017	0.2841441393990737	0.5446255246545348	0.8	0.3	0.8	0.0	0.4	0.2	0.2	10.0	0.1	0.5426484086869532	0.44274924697806756	3.7967191635331936	0.8202180722209765
ecf-318086	1.1732867951399863	1.0	1.6931471805599454	0.3208647959315357	0.44208513688680784	0.446277356605138	0.9126813362866741	0.31790355943250237	0.44208513688680784	0.446277356605138	0.9126813362866741	0.31790355943250237	0.45758479970555005	0.45537447534546516	0.9541357903523484	0.25655778667598494	0.2569706342234622	0.5446255246545348	0.7	0.2	0.7	0.1	0.3	0.3	0.2	10.0	0.1	0.1772384412198575	0.005270319373613844	3.8198369726484986	0.8523861160885623
ecf-482434	1.3465735902799727	1.0	2.386294361119891	0.5239700176363429	0.4631784451461542	0.47223808485699337	1.0	0.3015207463605207	0.4631784451461542	0.47223808485699337	1.0	0.3015207463605207	0.451039219917841	0.43986335363189566	0.9541357903523484	0.22701984993449564	0.2829901545125951	0.5601366463681043	0.7777777777777778	0.3333333333333333	0.7777777777777778	0.1111111111111111	0.1111111111111111	0.4444444444444444	0.3333333333333333	9.0	0.1111111111111111	0.2975703381070479	0.0238583409834099	1.3594213428687942	0.49997907326089813
ecf-125572	1.2310490601866484	1.0	1.6931471805599454	0.4001887112843146	0.3515075765966982	0.3102102724204927	0.7380458071729002	0.21037145050047487	0.3515075765966982	0.3102102724204927	0.7380458071729002	0.21037145050047487	0.3894471715589227	0.41695956999883005	0.9932368987362996	0.23385038023225438	0.2731754388194999	0.58304043000117	0.3	0.0	0.3	0.0	0.1	0.2	0.0	10.0	0.3	0.5338583982611226	0.28566156921917196	3.742278738302624	0.8077767476692469
ecf-414337	1.0	1.0	1.0	0.0	0.44393195571274086	0.36792889720373123	0.7380458071729002	0.2000826516005931	0.44393195571274086	0.36792889720373123	0.7380458071729002	0.2000826516005931	0.36133056834428096	0.38633477495735047	0.9932368987362996	0.22889634104344356	0.3458790992018458	0.6136652250426495	0.3	0.1	0.3	0.0	0.0	0.3	0.0	10.0	0.2	0.9689421262861541	0.788723906198404	3.772584087797953	1.0225671902009354
ecf-323208	3.80113715240787	4.401197381662156	4.828641396489095	1.1243898767198581	0.2624003224443028	0.15365658868896082	1.0	0.30746529058374594	0.2624003224443028	0.15365658868896082	1.0	0.30746529058374594	0.39236405054532086	0.4190998715346042	0.9932368987362996	0.23175833285364086	0.31258360487989995	0.5809001284653958	0.8	0.2	0.8	0.3	0.0	0.9	0.0	10.0	0.0	0.48455049690519664	0.2068613079572835	4.651134491689262	0.8181304607157194
ecf-199309	1.5662960480135948	1.6931471805599454	2.09861228866811	0.4228541712455722	0.5066627612124566	0.5369059691891531	0.9126813362866741	0.26488630587073364	0.5066627612124566	0.5369059691891531	0.9126813362866741	0.26488630587073364	0.44391752051195615	0.435572592468337	0.9541357903523484	0.2354706657847075	0.27725835092816276	0.564427407531663	0.9	0.1	0.9	0.3	0.2	0.7	0.1	10.0	0.0	0.48411663790907433	0.0	4.258091903579654	1.1002344219508706
ecf-222865	1.0866433975699932	1.0	1.6931471805599454	0.2450645358671368	0.5745663167991364	0.5345299267720578	0.9126813362866741	0.22619060771960584	0.5745663167991364	0.5345299267720578	0.9126813362866741	0.22619060771960584	0.43383286843897373	0.4346086585722904	0.9541357903523484	0.23032646216082958	0.3210584154757553	0.5653913414277096	0.7	0.2	0.7	0.1	0.4	0.4	0.0	10.0	0.0	0.9076162907741009	0.5567899294671605	4.768917527345645	1.1945779512964407
ecf-222864	2.302942538174506	2.09861228866811	2.6094379124341005	0.27979071708828007	0.2956864371740102	0.29075464496214204	0.7232085562948732	0.25513209111024604	0.2956864371740102	0.29075464496214204	0.7232085562948732	0.25513209111024604	0.3891492906979188	0.41837215230565905	0.9932368987362996	0.233746720885615	0.37950032020047414	0.581627847694341	0.5	0.0	0.5	0.0	0.0	0.3	0.2	10.0	0.5	0.7087575019691157	0.1564326733813435	3.6096806168611	1.0878329507439009
ecf-222868	1.2772588722239782	1.0	1.6931471805599454	0.3796523464637884	0.6221492910514954	0.55665997899682	1.0	0.20964813744984492	0.6221492910514954	0.55665997899682	1.0	0.20964813744984492	0.4220063457867725	0.42420371521293515	0.9541357903523484	0.2314853720783578	0.3630798288884339	0.5757962847870648	0.5	0.2	0.5	0.0	0.3	0.0	0.2	10.0	0.0	0.8168461647719272	0.0	4.9512390841395995	1.2317344245997943
ecf-447633	1.9053185699915498	1.6931471805599454	2.791759469228055	0.5113106455467262	0.5905119814796483	0.544719726054806	1.0	0.24034461240107838	0.5905119814796483	0.544719726054806	1.0	0.24034461240107838	0.415337610775346	0.4201006911131395	0.9541357903523484	0.2292253372072661	0.2996204719544106	0.5798993088868605	0.9	0.2	0.9	0.0	0.0	0.7	0.2	10.0	0.2	0.9673663150460471	0.7436485119856819	3.6703052386775346	1.0566444886151152
ecf-342686	5.261990211461183	5.63974661533225	6.402677381872279	1.364394082583121	0.1591316981887859	0.171968589813837	0.3397561910549492	0.10398349801229449	0.1591316981887859	0.171968589813837	0.3397561910549492	0.10398349801229449	0.3914459733284501	0.4186492415343801	0.9932368987362996	0.2330888765529563	0.3214676652686442	0.5813507584656199	0.5	0.1	0.5	0.3	0.0	0.6	0.0	10.0	0.2	0.16172898350479023	0.1025275430407833	0.7995389948891434	0.28878739621935295
ecf-237726	2.560710409041407	2.5890269151739727	3.1972245773362196	0.6099681675516319	0.3513057433245108	0.2675757950469418	0.8616033789950089	0.2943196262900803	0.3513057433245108	0.2675757950469418	0.8616033789950089	0.2943196262900803	0.3916619476277356	0.4186492415343801	0.9932368987362996	0.229785183061345	0.32639397428891626	0.5813507584656199	0.6	0.1	0.6	0.0	0.0	0.6	0.0	10.0	0.2	0.9349447488421392	0.5267917335817655	4.075770346785699	1.0402874960845492
ecf-222878	2.2090704767378697	2.3195286648076294	3.1972245773362196	1.0404181041755032	0.45673285807164293	0.3851253119517915	0.9126813362866741	0.298036096715953	0.45673285807164293	0.3851253119517915	0.9126813362866741	0.298036096715953	0.3801990469646117	0.4104948970219041	0.9932368987362996	0.23375848221991682	0.3420606075662342	0.5895051029780959	0.3	0.0	0.3	0.1	0.0	0.4	0.0	10.0	0.1	1.4359201966026012	0.9287761773103412	6.155211888465535	1.512188557259103
ecf-259233	1.519860385419959	1.6931471805599454	1.6931471805599454	0.3465735902799727	0.46622825491160563	0.3878433869646472	0.7380458071729002	0.1844352821760539	0.46622825491160563	0.3878433869646472	0.7380458071729002	0.1844352821760539	0.41379994833372513	0.4289918587521942	0.9541357903523484	0.22612145988473667	0.2675687321735862	0.5710081412478059	0.5714285714285714	0.14285714285714285	0.5714285714285714	0.0	0.0	0.14285714285714285	0.42857142857142855	7.0	0.0	0.7371730730892172	0.3691584213765401	2.273648090522098	0.8084785254187691
ecf-339616	1.1155245300933243	1.0	1.6931471805599454	0.2829761515034443	0.46000737374071704	0.4259451112803621	0.7232085562948732	0.19955477744169553	0.46000737374071704	0.4259451112803621	0.7232085562948732	0.19955477744169553	0.36076391744308334	0.38607460938999927	0.9932368987362996	0.22941609962755138	0.3087005796077132	0.6139253906100007	0.6	0.3	0.6	0.0	0.0	0.5	0.1	10.0	0.3	1.1275306026585834	0.7593141935786347	5.46206470790559	1.2181223781971842
ecf-463008	1.5296756383913244	1.6931471805599454	2.09861228866811	0.4393108947284702	0.39682151741481625	0.35732577225197854	0.8253631221551779	0.22455401429352614	0.39682151741481625	0.35732577225197854	0.8253631221551779	0.22455401429352614	0.3614201706177232	0.38499750919594183	0.9932368987362996	0.22799586089276408	0.35526754049022874	0.6150024908040581	0.5	0.1	0.5	0.1	0.0	0.3	0.3	10.0	0.0	1.3353180424689608	1.0720416745320138	4.401192747220327	1.0491371921327801
ecf-274604	1.3465735902799727	1.0	2.386294361119891	0.6931471805599454	0.5643929933959515	0.5521308401415779	1.0	0.27569671733130346	0.5643929933959515	0.5521308401415779	1.0	0.27569671733130346	0.3663846483763664	0.3907956226124085	0.9932368987362996	0.22806266442897963	0.3835658197064403	0.6092043773875915	0.4	0.2	0.4	0.0	0.1	0.3	0.0	10.0	0.1	1.4362336644206235	0.9572690868727993	6.155211888465535	1.6059733885535963
ecf-308908	1.8669179411777301	1.6931471805599454	2.09861228866811	0.21673021669028697	0.4063340917622507	0.3417704838185343	0.9126813362866741	0.24522268087006338	0.4063340917622507	0.3417704838185343	0.9126813362866741	0.24522268087006338	0.36598503375422214	0.3904645624237269	0.9932368987362996	0.22789780369304585	0.31303785838062786	0.6095354375762732	0.6	0.2	0.6	0.1	0.0	0.1	0.6	10.0	0.3	0.9369199159557844	0.6721876049383534	4.391623296204177	1.2199306454849757
ecf-207530	1.885060619236666	1.6931471805599454	2.6094379124341005	0.3234415908634618	0.5115654840736016	0.463041001696565	0.8616033789950089	0.16709703321614383	0.5115654840736016	0.463041001696565	0.8616033789950089	0.16709703321614383	0.4122227300657458	0.4298239945305857	0.9541357903523484	0.22260124272371534	0.40179924941140277	0.5701760054694143	0.8	0.1	0.8	0.1	0.0	0.5	0.4	10.0	0.1	1.12196114365476	1.0565639230905337	4.833456048483216	1.1603226112841634
ecf-471213	1.1155245300933243	1.0	1.6931471805599454	0.28297615150344435	0.27071729402830785	0.32135847346457197	0.497512152051349	0.19064846964378793	0.27071729402830785	0.32135847346457197	0.497512152051349	0.19064846964378793	0.3618557985617334	0.38620469217367487	0.9932368987362996	0.22767838181529496	0.28526729943803053	0.6137953078263252	0.6	0.0	0.6	0.0	0.1	0.4	0.1	10.0	0.1	0.328975014062835	0.193841118544024	3.7880882743339184	0.6318287230873053
ecf-199336	1.5522014777306667	1.6931471805599454	2.09861228866811	0.44600612793247896	0.39629153116223315	0.4595423741740841	0.6430935622492024	0.15389892474805109	0.39629153116223315	0.4595423741740841	0.6430935622492024	0.15389892474805109	0.4133413415028739	0.4342964857877754	0.9541357903523484	0.22338160277255326	0.325017358822903	0.5657035142122246	0.8	0.2	0.8	0.1	0.0	0.4	0.5	10.0	0.0	1.064580548380146	0.927158001159032	2.842810005586511	0.7541468600281307
ecf-270516	1.2310490601866484	1.0	1.6931471805599454	0.35793966490390583	0.49713376641768414	0.4922129160466319	0.8253631221551779	0.21236790163440794	0.49713376641768414	0.4922129160466319	0.8253631221551779	0.21236790163440794	0.3684749651608135	0.3926688170336488	0.9932368987362996	0.2270330112137909	0.29388646447002065	0.6073311829663512	0.5	0.2	0.5	0.1	0.1	0.5	0.0	10.0	0.4	1.1187940972676638	0.7994120865041364	5.393071836418638	1.412526941830277
ecf-274613	1.9090497990712558	1.6931471805599454	2.6094379124341005	0.3371055552503404	0.32488180714549497	0.329476977659434	0.5353114903984842	0.1765898455327492	0.32488180714549497	0.329476977659434	0.5353114903984842	0.1765898455327492	0.419399539517272	0.43540489871819144	0.9541357903523484	0.22080762730062203	0.2834077968277672	0.5645951012818086	0.7	0.0	0.7	0.1	0.0	0.8	0.0	10.0	0.1	0.24646475726082762	0.20935507483568594	1.657544428726271	0.6245272315114504
ecf-277176	1.6688758895891744	1.6931471805599454	2.09861228866811	0.49159404331863515	0.5181091315398738	0.4863588984428954	1.0	0.332891448387322	0.5181091315398738	0.4863588984428954	1.0	0.332891448387322	0.40149026811128313	0.4224361243103483	0.9541357903523484	0.22343585927179463	0.31565045025446176	0.5775638756896517	0.7	0.2	0.7	0.0	0.0	0.5	0.2	10.0	0.1	0.5452296690599074	0.0	4.9512390841395995	1.1380509888134147
ecf-146622	2.432483598456052	2.9459101490553135	3.3978952727983707	0.9963213872831888	0.17492914253305206	0.13206125656139725	0.4703441399679949	0.15447172388171218	0.17492914253305206	0.13206125656139725	0.4703441399679949	0.15447172388171218	0.3899979663968803	0.41695956999883005	0.9932368987362996	0.22936918302594894	0.32941285177971463	0.58304043000117	0.7	0.0	0.7	0.0	0.0	0.7	0.0	10.0	0.1	0.20689963540844092	0.0980727470455613	1.9349464352801473	0.41349931220661185
ecf-198334	1.4951051289713895	1.6931471805599454	1.6931471805599454	0.33822119203626044	0.5847757454094931	0.540391879668605	0.9126813362866741	0.21887929123359617	0.5847757454094931	0.540391879668605	0.9126813362866741	0.21887929123359617	0.38351794964474084	0.4128002360014493	0.9932368987362996	0.2338139063843466	0.37726605388381274	0.5871997639985507	0.7	0.4	0.7	0.0	0.1	0.1	0.5	10.0	0.2	0.8119337829876794	0.19243777388303998	3.3722603791902075	1.0676039062063671
ecf-338107	4.8639997071258145	5.430816798843313	5.787491742782046	1.2749313562357554	0.20000854648539032	0.20962211979286932	0.5848191282012647	0.16594748662862832	0.20000854648539032	0.20962211979286932	0.5848191282012647	0.16594748662862832	0.36042268422834056	0.38649356203177887	0.9932368987362996	0.22960750815305458	0.3702382544818653	0.6135064379682211	0.8	0.2	0.8	0.4	0.0	0.6	0.3	10.0	0.1	0.37207995428416263	0.21108806142928058	1.5586770105017977	0.4444507990021176
ecf-265412	1.6452001684846487	1.6931471805599454	2.09861228866811	0.35526369699412724	0.4547134470261596	0.41447302178137124	0.7742856144405287	0.2088711119332993	0.4547134470261596	0.41447302178137124	0.7742856144405287	0.2088711119332993	0.3779296689814109	0.410824197371101	0.9932368987362996	0.23125997211945978	0.283665655051741	0.589175802628899	0.3	0.0	0.3	0.3	0.0	0.1	0.5	10.0	0.4	1.0560856245161896	0.9258873934044499	4.327084775066606	1.000790768619351
ecf-265413	1.4540076900497065	1.6931471805599454	2.09861228866811	0.4482274579193943	0.4460548729814068	0.44129730656766286	0.8253631221551779	0.23868392919053044	0.4460548729814068	0.44129730656766286	0.8253631221551779	0.23868392919053044	0.3788531823738777	0.4115545424613438	0.9932368987362996	0.23067679338792765	0.3354263268242919	0.5884454575386562	0.7	0.1	0.7	0.0	0.0	0.6	0.1	10.0	0.3	0.9153532060732402	0.2896885647154002	5.867529816013755	1.5187675668689111
ecf-313029	1.578074351579233	1.6931471805599454	2.09861228866811	0.5530599325061012	0.32985124710116653	0.3655394108322471	0.6290828284776582	0.22456487330365113	0.32985124710116653	0.3655394108322471	0.6290828284776582	0.22456487330365113	0.36511033294312495	0.38954602593998866	0.9932368987362996	0.22781404971806424	0.3803304259045059	0.6104539740600113	0.5	0.2	0.5	0.1	0.0	0.3	0.2	10.0	0.1	0.8991963337850238	0.6157567717192228	3.703249394396889	0.935044634534539
ecf-199366	1.462098120373297	1.6931471805599454	1.6931471805599454	0.3465735902799727	0.35186030296238713	0.2795211725725142	0.9126813362866741	0.27516274580399847	0.35186030296238713	0.2795211725725142	0.9126813362866741	0.27516274580399847	0.3969680950263062	0.4186521379336855	0.9541357903523484	0.2253280151713418	0.29662868811091936	0.5813478620663145	0.8	0.1	0.8	0.1	0.0	0.9	0.0	10.0	0.1	0.7529884615873974	0.3066900916203634	4.258091903579654	1.1021417009310737
ecf-183492	1.0	1.0	1.0	0.0	0.36240166952869723	0.3615106572000165	0.7232085562948732	0.2338844845272688	0.36240166952869723	0.3615106572000165	0.7232085562948732	0.2338844845272688	0.3974821881544449	0.41865503433299084	0.9541357903523484	0.22478128245102785	0.3382851355216961	0.5813449656670091	0.3333333333333333	0.0	0.3333333333333333	0.0	0.3333333333333333	0.0	0.0	6.0	0.0	0.5575697828994575	0.45644195563287854	2.6739717991298435	0.7820166801304553
ecf-196298	1.7272398392570047	1.6931471805599454	2.6094379124341005	0.4850745128523918	0.5564882396051996	0.5266543124151547	1.0	0.27628446656130345	0.5564882396051996	0.5266543124151547	1.0	0.27628446656130345	0.38990365927135057	0.41647004635097623	0.9541357903523484	0.22687530755299468	0.3093822062706938	0.5835299536490237	1.0	0.2	1.0	0.0	0.1	0.7	0.2	10.0	0.0	1.7539901443089068	1.5204829002358997	6.848359069025481	1.8306512898997918
ecf-195275	3.0556839560431435	3.4849066497880004	3.772588722239781	0.8702196768358452	0.20753844259502607	0.15732398734401534	0.5557820912675814	0.20243743209442255	0.20753844259502607	0.15732398734401534	0.5557820912675814	0.20243743209442255	0.39036732657340206	0.41695956999883005	0.9932368987362996	0.22890668328167005	0.33586603492203815	0.58304043000117	0.8	0.1	0.8	0.1	0.0	0.8	0.1	10.0	0.0	0.3224231617616756	0.17433604853610446	3.2679313231390434	0.6159759081002246
ecf-259273	1.7438303190734659	1.6931471805599454	2.09861228866811	0.1433535637389099	0.4983883501099872	0.4998664412328988	0.9126813362866741	0.2955435248055069	0.4983883501099872	0.4998664412328988	0.9126813362866741	0.2955435248055069	0.38650124690966153	0.4158792039135868	0.9541357903523484	0.2279311702843337	0.3260964206620936	0.5841207960864132	0.7	0.2	0.7	0.1	0.0	0.0	0.8	10.0	0.0	0.6184550369077098	0.07297871129946591	3.7967191635331936	1.1528714655971861
ecf-278222	1.4332169878499659	1.6931471805599454	1.6931471805599454	0.35873774764475586	0.21389358626463817	0.15588105804599367	0.9126813362866741	0.26019125863582243	0.21389358626463817	0.15588105804599367	0.9126813362866741	0.26019125863582243	0.36632410629111845	0.3907956226124085	0.9932368987362996	0.22821066868014311	0.2617686415076732	0.6092043773875915	0.7	0.0	0.7	0.1	0.0	0.3	0.5	10.0	0.1	0.24686276124441825	0.14305479676494576	1.3760883953540062	0.3569142616822863
ecf-202958	1.4852030263919618	1.3465735902799727	2.386294361119891	0.5706490831501566	0.4498861254248907	0.43289895029983444	0.9126813362866741	0.23491119378741218	0.4498861254248907	0.43289895029983444	0.9126813362866741	0.23491119378741218	0.3890644680319952	0.41671480817490314	0.9541357903523484	0.22831039887551513	0.35804493361899725	0.5832851918250969	0.9	0.2	0.9	0.1	0.3	0.4	0.3	10.0	0.0	0.41127544753433515	0.2448432350157486	2.723709157308051	0.8041700864943614
ecf-286934	1.8310158799947436	1.6931471805599454	2.9459101490553135	0.7750500624578402	0.33488570412291535	0.34676169770118664	0.4495945175724508	0.07610796773226051	0.33488570412291535	0.34676169770118664	0.4495945175724508	0.07610796773226051	0.3899313194246605	0.41647004635097623	0.9541357903523484	0.2265331843162695	0.27983720149920777	0.5835299536490237	0.7	0.2	0.7	0.0	0.0	0.4	0.3	10.0	0.2	0.6089203931860848	0.7328854471815992	2.1533325539155284	0.7761971879313054
ecf-497876	1.198042051588556	1.0	1.6931471805599454	0.33822119203626044	0.39065607655722423	0.40599713795597125	0.7742856144405287	0.2510775501026709	0.39065607655722423	0.40599713795597125	0.7742856144405287	0.2510775501026709	0.36131156517382557	0.38607460938999927	0.9932368987362996	0.2287562562498038	0.3358016944179396	0.6139253906100007	0.6	0.2	0.6	0.1	0.3	0.4	0.0	10.0	0.1	0.8638917261540835	0.7199049064428611	3.6913586478753673	0.9737380423976278
ecf-255191	1.4540076900497065	1.6931471805599454	2.09861228866811	0.4482274579193942	0.6171094398849628	0.6979299943329438	0.9126813362866741	0.2597560845551338	0.6171094398849628	0.6979299943329438	0.9126813362866741	0.2597560845551338	0.3791747257594262	0.40859667956432005	0.9932368987362996	0.2337666120209619	0.3331006989462746	0.5914033204356799	0.6	0.2	0.6	0.1	0.1	0.4	0.2	10.0	0.2	1.3766198743113567	0.53340597420498	5.46206470790559	1.7216608049566158
ecf-254687	5.0947168335853625	5.584967478670572	6.25227342804663	1.2923300685020733	0.28149299960493596	0.1652977351382455	1.0	0.3108123088522338	0.28149299960493596	0.1652977351382455	1.0	0.3108123088522338	0.3929263627341983	0.4186521379336855	0.9932368987362996	0.2310931861301786	0.31208514853083563	0.5813478620663145	0.8	0.1	0.8	0.1	0.0	0.8	0.1	10.0	0.0	0.4761303608888947	0.1653159691301799	4.651134491689262	0.8375496316417986
ecf-267481	1.8283022165960003	1.8958797346140277	2.386294361119891	0.4858206732997868	0.3210811663023414	0.25452169253973006	0.7742856144405287	0.18873742218604975	0.3210811663023414	0.25452169253973006	0.7742856144405287	0.18873742218604975	0.37920592954932725	0.4115331328487755	0.9932368987362996	0.23019894988176726	0.28374618774659577	0.5884668671512245	0.6	0.0	0.6	0.0	0.1	0.3	0.2	10.0	0.1	0.6293860889151315	0.5532741900930651	2.4747006840221157	0.5691603021850741
ecf-337624	2.8733286921773913	3.012675845367575	3.70805020110221	0.5730365068978739	0.2941974824728114	0.2399179386062419	1.0	0.30433358129538957	0.2941974824728114	0.2399179386062419	1.0	0.30433358129538957	0.3743315256256693	0.4009147385104302	0.9932368987362996	0.22950391872728337	0.28362966800595846	0.5990852614895699	0.8	0.2	0.8	0.3	0.0	0.8	0.0	10.0	0.0	0.5175465472733308	0.20935507483568594	2.865566992709127	0.697145837383216
ecf-343780	3.2466729702793575	3.302585092994046	3.5649493574615367	0.32851637973267866	0.3290799881888108	0.26844746593070534	0.8253631221551779	0.25912330442857745	0.3290799881888108	0.26844746593070534	0.8253631221551779	0.25912330442857745	0.39161427216502454	0.4185106969200196	0.9932368987362996	0.23302297054461216	0.31488890669151004	0.5814893030799804	0.6	0.1	0.6	0.0	0.0	0.6	0.0	10.0	0.3	0.8135980713988874	0.30785871480389937	4.420610833077429	1.079322315129418
ecf-273135	1.138629436111989	1.0	1.6931471805599454	0.30998484282887173	0.37124936776056955	0.3359051793340624	0.8616033789950089	0.2713380449614813	0.37124936776056955	0.3359051793340624	0.8616033789950089	0.2713380449614813	0.3798978001287099	0.4115331328487755	0.9932368987362996	0.2308696538635973	0.3168475185952699	0.5884668671512245	0.5	0.2	0.5	0.0	0.0	0.4	0.1	10.0	0.1	0.39458374921762296	0.2691078570153796	2.544293975821311	0.5719060132316122
ecf-337643	2.1188591686436387	2.09861228866811	2.9459101490553135	0.6364090428054562	0.3488190447552092	0.26960799017031317	0.9126813362866741	0.2912841303410551	0.3488190447552092	0.26960799017031317	0.9126813362866741	0.2912841303410551	0.36042268422834056	0.38649356203177887	0.9932368987362996	0.22960750815305458	0.3062575607459483	0.6135064379682211	0.7	0.1	0.7	0.0	0.0	0.7	0.0	10.0	0.1	0.9963814878611749	0.877097229235018	3.1594796149115445	0.8336404694304094
ecf-195824	1.6212266624470002	1.549306144334055	2.386294361119891	0.7268816391374028	0.43027014187109414	0.39695599104490736	0.8253631221551779	0.237037199827333	0.43027014187109414	0.39695599104490736	0.8253631221551779	0.237037199827333	0.3867338717057151	0.41617462513228154	0.9932368987362996	0.2328442148608925	0.2415859940861628	0.5838253748677185	0.4	0.1	0.4	0.0	0.0	0.4	0.0	10.0	0.3	1.2209736461896665	0.8896473083893066	5.867529816013755	1.0315467191564245
ecf-478452	1.0	1.0	1.0	0.0	0.5655953455298378	0.529166055747774	0.9126813362866741	0.2692098535615498	0.5655953455298378	0.529166055747774	0.9126813362866741	0.2692098535615498	0.3623736380921058	0.38649356203177887	0.9932368987362996	0.2284068110392438	0.3397037720200584	0.6135064379682211	0.5555555555555556	0.0	0.5555555555555556	0.0	0.1111111111111111	0.4444444444444444	0.0	9.0	0.3333333333333333	0.8115880199448224	0.1500421110532374	5.867529816013755	1.573294144330126
ecf-192756	1.3178053830347947	1.0	2.09861228866811	0.42665434717999146	0.5074748079195528	0.4668516635425545	0.7972530959450946	0.21211151466421727	0.5074748079195528	0.4668516635425545	0.7972530959450946	0.21211151466421727	0.3819484819876194	0.4115759520739121	0.9932368987362996	0.22823848542998182	0.2894127138059045	0.5884240479260878	0.8	0.3	0.8	0.2	0.1	0.6	0.3	10.0	0.1	0.7092565026544488	0.4626027144074594	2.856293355923798	0.8620882414860032
ecf-273138	4.0421704239297185	3.8903717578961645	4.713572066704308	0.5103322542759052	0.19327267779776638	0.11544146397757914	0.7232085562948732	0.2303192325945568	0.19327267779776638	0.11544146397757914	0.7232085562948732	0.2303192325945568	0.3902170563968652	0.41837215230565905	0.9932368987362996	0.23414606917127403	0.29541284607897417	0.581627847694341	0.7	0.2	0.7	0.2	0.0	0.7	0.1	10.0	0.0	0.25210165814578367	0.126464579365534	3.1544920734005055	0.5210479488395825
ecf-414448	1.2772588722239782	1.0	1.6931471805599454	0.3796523464637884	0.3913947350412455	0.4001379859900162	0.6869691985882167	0.17218130779258167	0.3913947350412455	0.4001379859900162	0.6869691985882167	0.17218130779258167	0.3611064284367568	0.38620469217367487	0.9932368987362996	0.22866191325528654	0.32854773347562605	0.6137953078263252	0.3	0.1	0.3	0.2	0.1	0.2	0.2	10.0	0.4	1.1672547773659805	1.0652068466685511	3.6294832441572797	0.768765646340362
ecf-342782	1.2970630773828338	1.0	2.386294361119891	0.5453652852266224	0.4777585766139202	0.341351945875224	1.0	0.32546864478341614	0.4777585766139202	0.341351945875224	1.0	0.32546864478341614	0.3851402280394173	0.413190732022558	0.9932368987362996	0.22966005257295297	0.29597873042452955	0.5868092679774419	0.6	0.1	0.6	0.1	0.2	0.4	0.1	10.0	0.0	0.6611560080211446	0.48303475322466544	3.1159945029718057	1.0476928503012901
ecf-256767	1.0990210257942779	1.0	1.6931471805599454	0.26198500881817144	0.5558533739538528	0.5314938005213643	0.9126813362866741	0.22649111537176825	0.5558533739538528	0.5314938005213643	0.9126813362866741	0.22649111537176825	0.36941802807573554	0.393956689890123	0.9932368987362996	0.22808276292207014	0.3296771011850426	0.606043310109877	0.6	0.2	0.6	0.1	0.0	0.6	0.1	10.0	0.0	1.046110556866995	0.4381841870593137	7.253824177133645	1.4658673226842576
ecf-242950	1.8958797346140277	1.8958797346140277	2.09861228866811	0.23409538931324955	0.536021544155144	0.5064615749622047	0.8616033789950089	0.2529650909290597	0.536021544155144	0.5064615749622047	0.8616033789950089	0.2529650909290597	0.3800175506719882	0.4093307617772575	0.9932368987362996	0.23372677628311853	0.26906862292830774	0.5906692382227425	0.4	0.2	0.4	0.0	0.0	0.2	0.2	10.0	0.3	1.714404045802282	1.6351717334257685	6.33753344525949	1.3589420806626211
ecf-264963	3.495102392720966	3.9444389791664403	4.713572066704308	1.0145136861732034	0.24496188380075012	0.2579631905597681	0.4801122796124583	0.17878765856192316	0.24496188380075012	0.2579631905597681	0.4801122796124583	0.17878765856192316	0.3891492906979188	0.41837215230565905	0.9932368987362996	0.233746720885615	0.33214156018945146	0.581627847694341	0.7	0.1	0.7	0.0	0.0	0.7	0.0	10.0	0.0	0.2612702237466268	0.045663588932403104	2.310630163832922	0.735322356286407
ecf-275722	1.199084385469784	1.0	2.09861228866811	0.4078435119457356	0.379872109731967	0.41741513572889777	0.7548669549834176	0.2987850386322428	0.379872109731967	0.41741513572889777	0.7548669549834176	0.2987850386322428	0.4420303599413192	0.4365365263643836	0.9541357903523484	0.23225044438297607	0.30493511226238984	0.5634634736356163	0.7	0.1	0.7	0.2	0.0	0.8	0.1	10.0	0.0	0.0750375228318145	0.0	2.93300827350466	0.7302952258884662
ecf-236812	1.2599301927099795	1.0	1.6931471805599454	0.35873774764475586	0.2972710739120535	0.24509130464231416	0.7380458071729002	0.25332854122706855	0.2972710739120535	0.24509130464231416	0.7380458071729002	0.25332854122706855	0.3801391178916359	0.40991282939958085	0.9932368987362996	0.2339767010548417	0.24242607523838866	0.5900871706004192	0.8	0.2	0.8	0.0	0.0	0.5	0.3	10.0	0.2	0.2606147824278505	0.06655484050667064	4.096823755983531	0.8832276988155346
ecf-486675	1.2599301927099795	1.0	1.6931471805599454	0.35873774764475586	0.3215307442400823	0.3942241624587248	0.6164757287389707	0.23523918213688344	0.3215307442400823	0.3942241624587248	0.6164757287389707	0.23523918213688344	0.36116074227268735	0.38620469217367487	0.9932368987362996	0.2286170110096204	0.30323460884903697	0.6137953078263252	0.8	0.0	0.8	0.0	0.0	0.5	0.3	10.0	0.0	0.44852950315309287	0.02507294666979375	3.5532486832565175	1.0358991460694975
ecf-19733	2.05356100312583	1.6931471805599454	2.9459101490553135	0.5254314463490921	0.3953477006952572	0.2734799546266066	0.8616033789950089	0.25995193157228424	0.3953477006952572	0.2734799546266066	0.8616033789950089	0.25995193157228424	0.4292054997177722	0.42988713838535586	0.9541357903523484	0.23107601104637862	0.3251962759780873	0.5701128616146441	0.9	0.3	0.9	0.1	0.0	0.6	0.4	10.0	0.0	0.46337626637555945	0.3534975762541717	2.0213795547363165	0.5108401907119525
ecf-208667	1.6452001684846487	1.6931471805599454	2.09861228866811	0.35526369699412724	0.44760873405709367	0.45166391346336177	0.8616033789950089	0.24214528522781698	0.44760873405709367	0.45166391346336177	0.8616033789950089	0.24214528522781698	0.38164725839397823	0.4113433152845367	0.9932368987362996	0.23330538937475087	0.3256634385360636	0.5886566847154633	0.5	0.0	0.5	0.1	0.0	0.5	0.1	10.0	0.1	1.0318043633230207	0.6512362849443084	4.902448919970167	1.1874359933864687
ecf-411935	2.639613035198759	2.6094379124341005	4.091042453358316	0.8662155788926407	0.3018509583038036	0.3185301970867492	0.5715477014927666	0.1845318341345188	0.3018509583038036	0.3185301970867492	0.5715477014927666	0.1845318341345188	0.3910553859845167	0.4186521379336855	0.9932368987362996	0.23223279430075844	0.2896826395905644	0.5813478620663145	0.9	0.2	0.9	0.0	0.0	0.7	0.2	10.0	0.1	-0.13194716568911227	0.006622520781603847	2.2883606016841105	0.8792896897653707
ecf-320799	1.298626578204676	1.0	2.09861228866811	0.48006978148377216	0.6757647580330989	0.6507302904313014	0.9126813362866741	0.1441677142508253	0.6757647580330989	0.6507302904313014	0.9126813362866741	0.1441677142508253	0.3759940099133262	0.4068092554722761	0.9932368987362996	0.23032841158499942	0.4692024826168562	0.5931907445277239	0.5	0.2	0.5	0.2	0.1	0.4	0.1	10.0	0.2	1.9266371599671437	1.8100169335267184	5.174382635453809	1.7685032394738007
ecf-240926	1.2890371757896166	1.0	2.09861228866811	0.4782986103144945	0.5721414968710481	0.5294882427646028	0.8253631221551779	0.17807615848869676	0.5721414968710481	0.5294882427646028	0.8253631221551779	0.17807615848869676	0.4087428849818994	0.42516561819842125	0.9541357903523484	0.22503270957771854	0.3131603322747496	0.5748343818015788	0.6	0.3	0.6	0.5	0.2	0.7	0.1	10.0	0.0	0.8066593105021124	0.5093233922282367	3.6162380174072593	1.1100907117219703
ecf-310554	1.462098120373297	1.6931471805599454	1.6931471805599454	0.4001887112843146	0.38811864532898177	0.28893395780506154	1.0	0.2823847059250707	0.38811864532898177	0.28893395780506154	1.0	0.2823847059250707	0.36557482316280093	0.3904645624237269	0.9932368987362996	0.228005706880667	0.2745588970954396	0.6095354375762732	0.2	0.1	0.2	0.1	0.0	0.2	0.1	10.0	0.4	1.0270521565948831	0.6423305271113284	5.749746780357371	1.2072245592168236
ecf-236828	1.462098120373297	1.6931471805599454	1.6931471805599454	0.3465735902799727	0.3609629900835672	0.33390167828354683	0.7380458071729002	0.175749799988235	0.3609629900835672	0.33390167828354683	0.7380458071729002	0.175749799988235	0.4151067226182276	0.4289918587521942	0.9541357903523484	0.22435988157654985	0.29002148366588587	0.5710081412478059	0.7	0.1	0.7	0.2	0.1	0.4	0.4	10.0	0.3	0.7543874852047506	0.6545463485779117	2.2299436562873685	0.5978176981208349
ecf-319259	3.900308980888303	4.258096538021482	5.174387269895637	1.2959678183607355	0.22141135368140355	0.14083564284510863	1.0	0.2940103466153606	0.22141135368140355	0.14083564284510863	1.0	0.2940103466153606	0.39236405054532086	0.4190998715346042	0.9932368987362996	0.23175833285364086	0.2857981993739268	0.5809001284653958	0.8	0.1	0.8	0.4	0.0	0.9	0.0	10.0	0.1	0.24561318583563826	0.10172961344558142	2.699947285533104	0.5414180788725423
ecf-267035	3.6364406006805794	3.4414009612931853	4.465735902799727	0.565835024545396	0.1762328469059841	0.09667809051823169	0.6768862799257542	0.2079415517136271	0.1762328469059841	0.09667809051823169	0.6768862799257542	0.2079415517136271	0.39054599188774614	0.4185106969200196	0.9932368987362996	0.2343190884004146	0.31174933810960775	0.5814893030799804	0.4	0.0	0.4	0.0	0.0	0.4	0.0	10.0	0.2	0.23559535038750634	0.09817411908236395	2.595113224217524	0.5217747877234737
ecf-328999	1.3465735902799727	1.3465735902799727	1.6931471805599454	0.3796523464637884	0.36604609425797047	0.32952628957464314	0.8253631221551779	0.27391925036093545	0.36604609425797047	0.32952628957464314	0.8253631221551779	0.27391925036093545	0.3752624806805894	0.40193812712401294	0.9932368987362996	0.229907138110563	0.3562739700211198	0.598061872875987	0.6	0.1	0.6	0.1	0.0	0.4	0.2	10.0	0.2	0.5921999435488174	0.3103894186606022	3.7880882743339184	0.9194151684567812
ecf-328998	1.2772588722239782	1.0	1.6931471805599454	0.3796523464637884	0.5024412360376432	0.4466863465181916	0.9126813362866741	0.30613478382171344	0.5024412360376432	0.4466863465181916	0.9126813362866741	0.30613478382171344	0.3759627390292488	0.40662829596249067	0.9932368987362996	0.22977107722637644	0.27704842018028747	0.5933717040375093	0.5	0.1	0.5	0.1	0.0	0.3	0.2	10.0	0.3	1.0811549578816864	0.8085579753562079	5.579847743561974	1.2356672277682577
ecf-411936	4.564257612628129	4.828641396489095	5.564348191467836	0.7328766022636983	0.2193528905216081	0.22565740060589834	0.4801122796124583	0.16031024506021627	0.2193528905216081	0.22565740060589834	0.4801122796124583	0.16031024506021627	0.3910553859845167	0.4186521379336855	0.9932368987362996	0.23223279430075844	0.3082798715600021	0.5813478620663145	0.7	0.2	0.7	0.1	0.0	0.4	0.3	10.0	0.1	0.2468629683873244	0.1213891954880941	2.0525685234287394	0.6517334700669414
ecf-269612	1.2970630773828338	1.0	1.6931471805599454	0.37050275260909293	0.4579878405498954	0.436743362625551	0.8616033789950089	0.2966511582961357	0.4579878405498954	0.436743362625551	0.8616033789950089	0.2966511582961357	0.41151245134992714	0.4281597229738027	0.9541357903523484	0.22751228310275995	0.28990143333146645	0.5718402770261972	0.6	0.1	0.6	0.2	0.1	0.3	0.3	10.0	0.1	1.1893650152667588	0.6478498949827908	5.46206470790559	1.5028973249444433
ecf-266539	1.2772588722239782	1.0	1.6931471805599454	0.35793966490390583	0.3215104462080076	0.3021933369623919	0.5634183699400438	0.1526951182015355	0.3215104462080076	0.3021933369623919	0.5634183699400438	0.1526951182015355	0.4165186934969753	0.43500677864524095	0.9541357903523484	0.2223504380918816	0.26612185552892803	0.564993221354759	0.9	0.2	0.9	0.1	0.0	0.9	0.1	10.0	0.1	0.4192177653853363	0.48287093964415334	1.5215474379279148	0.540257903217468
ecf-234803	1.138629436111989	1.0	1.6931471805599454	0.30998484282887173	0.3824939430399591	0.3624815309654019	0.5996554800102895	0.1647772654803473	0.3824939430399591	0.3624815309654019	0.5996554800102895	0.1647772654803473	0.41742690500726254	0.4346086585722904	0.9541357903523484	0.22095988819912504	0.2815819353660844	0.5653913414277096	0.4	0.2	0.4	0.1	0.1	0.3	0.1	10.0	0.1	0.60194144734078	0.37910875222970825	3.412382605877588	0.853010291685268
ecf-273718	1.2310490601866484	1.0	2.386294361119891	0.5659523030068886	0.6044430550000296	0.6106158262213178	1.0	0.3101426709174893	0.6044430550000296	0.6106158262213178	1.0	0.3101426709174893	0.36785074506127285	0.3911149557685604	0.9932368987362996	0.22774009941211862	0.46230221087475276	0.6088850442314395	0.6	0.3	0.6	0.0	0.0	0.6	0.0	10.0	0.1	1.0361310547488922	0.09780258810372584	6.5606769965737	1.7733128092641812
ecf-207670	1.6212266624470002	1.6931471805599454	2.09861228866811	0.4561303629843955	0.5282652828439739	0.42267661191897077	0.9126813362866741	0.31899686028057356	0.5282652828439739	0.42267661191897077	0.9126813362866741	0.31899686028057356	0.3819725969320574	0.4115759520739121	0.9932368987362996	0.23336697813387458	0.33213174130727996	0.5884240479260878	0.4	0.0	0.4	0.0	0.0	0.4	0.0	10.0	0.3	0.8437707444290093	0.26218741417080565	5.867529816013755	1.4710035229581735
ecf-265010	3.48063043344065	3.9444389791664403	4.663561646129646	1.0004885326806974	0.24496188380075012	0.2579631905597681	0.4801122796124583	0.17878765856192316	0.24496188380075012	0.2579631905597681	0.4801122796124583	0.17878765856192316	0.3934164070245536	0.4195447087362176	0.9932368987362996	0.23101772480920169	0.33214156018945146	0.5804552912637824	0.7	0.1	0.7	0.0	0.0	0.6	0.1	10.0	0.0	0.2612702237466268	0.045663588932403104	2.310630163832922	0.735322356286407
ecf-341820	1.6931471805599454	1.6931471805599454	1.6931471805599454	0.0	0.4589084326815589	0.402309121193204	1.0	0.29386331309627756	0.4589084326815589	0.402309121193204	1.0	0.29386331309627756	0.35987929776304045	0.3855360592929705	0.9932368987362996	0.2295455937528733	0.3348334460714306	0.6144639407070295	0.1	0.1	0.1	0.0	0.0	0.0	0.1	10.0	0.4	0.9323254387033388	0.8155512677747123	3.2020392293303406	0.8113927773475024
ecf-464701	2.2703462688082765	2.2424533248940004	2.6094379124341005	0.1975873271124525	0.37270259665149613	0.27380658565626653	0.6869691985882167	0.1909113629075422	0.37270259665149613	0.27380658565626653	0.6869691985882167	0.1909113629075422	0.37202238619683814	0.39719278234653843	0.9932368987362996	0.2279819205827281	0.2896547100654058	0.6028072176534616	0.7	0.3	0.7	0.1	0.0	0.8	0.0	10.0	0.0	0.6265488864958535	0.666222185906124	4.420610833077429	0.8553665429692249
ecf-261438	2.0889921585260938	2.09861228866811	2.6094379124341005	0.49686074815108827	0.30331070337937904	0.2599264603812431	0.8616033789950089	0.2636357541766675	0.30331070337937904	0.2599264603812431	0.8616033789950089	0.2636357541766675	0.36899111870218065	0.3936665052692614	0.9932368987362996	0.2279365381467607	0.3159349856270875	0.6063334947307386	0.8	0.1	0.8	0.0	0.1	0.5	0.2	10.0	0.0	0.5592600112586016	0.3827075817602801	3.9579873111293162	0.7909603223124885
ecf-327994	1.7099733285108574	1.6931471805599454	2.386294361119891	0.5428598828974923	0.5383417905236025	0.5451313354441313	1.0	0.39720460812236563	0.5383417905236025	0.5451313354441313	1.0	0.39720460812236563	0.3626900000013677	0.3871195015381153	0.9932368987362996	0.22829086174438387	0.2690676413569636	0.6128804984618847	0.7	0.2	0.7	0.0	0.0	0.3	0.4	10.0	0.5	0.49287043246182094	0.06476779855761769	5.307914028078332	1.0186106746741908
ecf-348487	3.7320420935954672	3.772588722239781	5.04305126783455	0.8112040517544853	0.39289999024222716	0.3229467238053404	0.7742856144405287	0.23867395969334726	0.39289999024222716	0.3229467238053404	0.7742856144405287	0.23867395969334726	0.39071582749566985	0.4185106969200196	0.9932368987362996	0.23260320516656513	0.35275908621800783	0.5814893030799804	0.8	0.2	0.8	0.0	0.0	0.8	0.0	10.0	0.0	0.6275495075146398	0.45629257094937825	2.272176419910642	0.5973249726229369
ecf-302407	1.519860385419959	1.6931471805599454	1.6931471805599454	0.3208647959315357	0.24913349346838706	0.20523225594149813	0.4578288536447786	0.13566223640837227	0.24913349346838706	0.20523225594149813	0.4578288536447786	0.13566223640837227	0.37984240512584205	0.4115331328487755	0.9932368987362996	0.2303933313972673	0.3287981480076831	0.5884668671512245	0.7	0.2	0.7	0.1	0.3	0.5	0.0	10.0	0.3	0.6785637092626459	0.391534067402118	3.102784271234999	0.8129489833930293
ecf-496963	1.8283022165960003	1.6931471805599454	2.09861228866811	0.23409538931324955	0.488085028031933	0.4466493829486031	1.0	0.2957774845248705	0.488085028031933	0.4466493829486031	1.0	0.2957774845248705	0.3613573808807373	0.38620469217367487	0.9932368987362996	0.22892806702513874	0.3235266054010005	0.6137953078263252	0.3	0.0	0.3	0.0	0.0	0.1	0.2	10.0	0.4	1.8160768349167276	1.2586166437468287	7.253824177133645	1.6488697023511596
ecf-147269	2.7962952463969724	2.791759469228055	3.8903717578961645	1.1553190099395354	0.1773059958235094	0.10158224757785482	0.5848191282012647	0.19535524614716163	0.1773059958235094	0.10158224757785482	0.5848191282012647	0.19535524614716163	0.39257928107430295	0.4195447087362176	0.9932368987362996	0.23241098653389972	0.2882313364223281	0.5804552912637824	0.8	0.2	0.8	0.3	0.0	0.5	0.4	10.0	0.0	0.2565065472468792	0.17568185972909797	1.6093551275505729	0.3824355986547839
ecf-265551	1.4158883083359672	1.6931471805599454	1.6931471805599454	0.35793966490390583	0.5346960427004586	0.546388036524651	1.0	0.24093415718414377	0.5346960427004586	0.546388036524651	1.0	0.24093415718414377	0.3787701752869276	0.4113433152845367	0.9932368987362996	0.22973304421569077	0.303786554775032	0.5886566847154633	0.9	0.4	0.9	0.2	0.1	0.7	0.2	10.0	0.3	0.6011907656226089	0.0	5.056599599797425	1.4287426427073537
ecf-339790	1.0770163533955495	1.0	1.6931471805599454	0.23104906018664842	0.23151067556175695	0.20823829658427345	0.7742856144405287	0.2277007423967421	0.23151067556175695	0.20823829658427345	0.7742856144405287	0.2277007423967421	0.3605725316086118	0.3855360592929705	0.9932368987362996	0.2293239381478759	0.3061329542208123	0.6144639407070295	0.8	0.0	0.8	0.1	0.3	0.5	0.1	10.0	0.5	0.4521583766014857	0.20935507483568594	3.167847864582061	0.669645284089586
ecf-299849	1.9241962407465938	2.039720770839918	2.386294361119891	0.5659523030068886	0.3199954142295334	0.27226338701938957	0.8253631221551779	0.2053419146481802	0.3199954142295334	0.27226338701938957	0.8253631221551779	0.2053419146481802	0.37984240512584205	0.4115331328487755	0.9932368987362996	0.2303933313972673	0.2873329421000536	0.5884668671512245	0.4	0.2	0.4	0.3	0.0	0.5	0.1	10.0	0.2	0.8771493798323989	0.7072449255864881	2.553343811341229	0.6518834095475744
ecf-321354	1.7454719949364002	1.6931471805599454	2.386294361119891	0.4603363554618148	0.4866051768024514	0.4535102237194164	0.9126813362866741	0.23758371628025823	0.4866051768024514	0.4535102237194164	0.9126813362866741	0.23758371628025823	0.3883281508918534	0.41617462513228154	0.9541357903523484	0.2278757296681996	0.23568126261057085	0.5838253748677185	0.9	0.3	0.9	0.1	0.1	0.5	0.4	10.0	0.0	0.501954848327583	0.3601678225310095	3.321998544409319	0.7162113039764211
ecf-259917	2.371712545835318	2.09861228866811	3.70805020110221	0.555381765722871	0.4115805129876044	0.4681266579588211	0.8253631221551779	0.24164072023960004	0.4115805129876044	0.4681266579588211	0.8253631221551779	0.24164072023960004	0.3777538605296311	0.4104948970219041	0.9932368987362996	0.2321419749463776	0.40374631522879034	0.5895051029780959	0.8	0.3	0.8	0.1	0.0	0.7	0.1	10.0	0.1	1.0723337672285727	0.7158159236575933	4.36345241923748	1.2412450016177126
ecf-134483	1.2310490601866484	1.0	1.6931471805599454	0.4001887112843146	0.40261142324329735	0.330672128724525	1.0	0.32565816364799843	0.40261142324329735	0.330672128724525	1.0	0.32565816364799843	0.3883071921240946	0.41647004635097623	0.9932368987362996	0.23380872984610668	0.28532332263924004	0.5835299536490237	0.3	0.0	0.3	0.1	0.0	0.3	0.0	10.0	0.3	0.8541529751863135	0.5461451903604805	3.7725840877979535	0.9609519500372209
ecf-233808	1.6452001684846487	1.6931471805599454	2.09861228866811	0.35526369699412724	0.2337273019778475	0.18465204096529034	0.7548669549834176	0.22946237119983562	0.2337273019778475	0.18465204096529034	0.7548669549834176	0.22946237119983562	0.38070756854556165	0.40991282939958085	0.9932368987362996	0.23377960366791772	0.3137960821785218	0.5900871706004192	0.6	0.1	0.6	0.1	0.0	0.1	0.5	10.0	0.2	0.3275391496827982	0.1537852236808752	2.2332385521842215	0.5914635842129033
ecf-256853	1.4158883083359672	1.6931471805599454	1.6931471805599454	0.3796523464637884	0.4416646094562401	0.29866885849457225	1.0	0.29132810274717685	0.4416646094562401	0.29866885849457225	1.0	0.29132810274717685	0.3783126015893984	0.41115349772029786	0.9932368987362996	0.23357692094837543	0.2976226291117934	0.5888465022797021	0.4	0.2	0.4	0.1	0.0	0.3	0.2	10.0	0.4	0.949703881031571	0.6176589227036448	5.749746780357371	1.2044871768732923
ecf-328542	1.3465735902799727	1.3465735902799727	1.6931471805599454	0.49012907173427367	0.49484217190098456	0.4591772483892423	0.8253631221551779	0.18597585382874657	0.49484217190098456	0.4591772483892423	0.8253631221551779	0.18597585382874657	0.37585597911272706	0.40662829596249067	0.9932368987362996	0.2297028662408247	0.3346150756222299	0.5933717040375093	0.1	0.0	0.1	0.2	0.0	0.1	0.1	10.0	0.0	2.2183114444276244	2.06463257584199	5.749746780357371	1.081938291138831
ecf-329054	2.139709727589793	2.09861228866811	2.386294361119891	0.10873360290843966	0.22527152731984484	0.1979533437901861	0.6675509886888685	0.2078230448603104	0.22527152731984484	0.1979533437901861	0.6675509886888685	0.2078230448603104	0.3752624806805894	0.40193812712401294	0.9932368987362996	0.229907138110563	0.2710455748473439	0.598061872875987	0.5	0.2	0.5	0.2	0.0	0.0	0.7	10.0	0.3	0.2682433878837419	0.2068613079572835	2.0757929764601104	0.42223095116864784
ecf-224095	1.2772588722239782	1.0	1.6931471805599454	0.3796523464637884	0.36841315915466827	0.3105739243395126	0.7742856144405287	0.19475788614430783	0.36841315915466827	0.3105739243395126	0.7742856144405287	0.19475788614430783	0.3815140123592702	0.410824197371101	0.9932368987362996	0.23369412078919807	0.30564568270847514	0.589175802628899	0.5	0.0	0.5	0.0	0.0	0.3	0.2	10.0	0.4	0.6352090016125473	0.5811585204841183	2.721224683980389	0.7852051992988641
ecf-339291	1.2559656384611508	1.0	2.09861228866811	0.4525433898572623	0.36340187400471075	0.3056845800694592	0.7742856144405287	0.26595279130106686	0.36340187400471075	0.3056845800694592	0.7742856144405287	0.26595279130106686	0.36101074063222827	0.38641416849456467	0.9932368987362996	0.2300681211338419	0.33576971458733096	0.6135858315054353	0.7	0.3	0.7	0.0	0.3	0.3	0.1	10.0	0.3	0.45185043158808486	0.3881416745734159	2.897115350444053	0.7807414669019256
ecf-473443	1.519860385419959	1.6931471805599454	1.6931471805599454	0.3208647959315357	0.16296383721117225	0.08652404374906059	0.5557820912675814	0.1798245861884097	0.16296383721117225	0.08652404374906059	0.5557820912675814	0.1798245861884097	0.36136935953505694	0.3855360592929705	0.9932368987362996	0.22863338019864604	0.2674649371063406	0.6144639407070295	0.8	0.2	0.8	0.1	0.0	0.7	0.1	10.0	0.1	0.11397179220521773	0.08012194036784573	0.9218611182052588	0.2556384559684171
ecf-234342	1.1732867951399863	1.0	1.6931471805599454	0.3465735902799727	0.47041171419455546	0.3908062897333968	0.9126813362866741	0.25420061021962426	0.47041171419455546	0.3908062897333968	0.9126813362866741	0.25420061021962426	0.3698909378044827	0.393956689890123	0.9932368987362996	0.22847624005527542	0.30610653159286166	0.606043310109877	0.3	0.1	0.3	0.1	0.0	0.4	0.0	10.0	0.6	0.6968538788376701	0.5851018326328108	3.102784271234999	0.8926146627804111
ecf-258916	1.5269827791591337	1.6931471805599454	2.6094379124341005	0.5898691223515673	0.4843313410356235	0.4929316424706918	0.8616033789950089	0.21688208030276096	0.4843313410356235	0.4929316424706918	0.8616033789950089	0.21688208030276096	0.38932965472025893	0.4176658611522446	0.9932368987362996	0.2263495351352753	0.3639030596572669	0.5823341388477554	0.5	0.1	0.5	0.2	0.0	0.7	0.0	10.0	0.0	0.9493412179857734	0.6259718011453625	3.90392008985904	1.1701007791731317
ecf-255347	1.198042051588556	1.0	1.6931471805599454	0.33822119203626044	0.29801128969028107	0.32216613934505506	0.5595423643388393	0.23051635202537232	0.29801128969028107	0.32216613934505506	0.5595423643388393	0.23051635202537232	0.3800366156516981	0.410824197371101	0.9932368987362996	0.23309025488873708	0.27737811624684305	0.589175802628899	0.6	0.0	0.6	0.1	0.2	0.3	0.2	10.0	0.0	0.6175900733881092	0.20935507483568594	2.9492394684332424	0.9601524873333686
ecf-254833	1.6931471805599454	1.6931471805599454	1.6931471805599454	0.0	0.2584997221959932	0.2661721678587736	0.5557820912675814	0.18201526914169674	0.2584997221959932	0.2661721678587736	0.5557820912675814	0.18201526914169674	0.3805527859671705	0.40991282939958085	0.9932368987362996	0.2338011526505225	0.2883431344693881	0.5900871706004192	0.6	0.1	0.6	0.3	0.0	0.2	0.5	10.0	0.0	0.4143490771374096	0.1617032273623534	3.412382605877588	0.9347348116115451
ecf-385395	2.8931543209494714	2.868834809141684	3.995732273553991	0.6444375656008446	0.255445454329964	0.15842285664862563	0.6507302904313014	0.22985749686050916	0.255445454329964	0.15842285664862563	0.6507302904313014	0.22985749686050916	0.38994120333092447	0.41837215230565905	0.9932368987362996	0.23268239950684647	0.4326941807013296	0.581627847694341	0.7	0.2	0.7	0.1	0.0	0.8	0.0	10.0	0.1	0.14562797793013443	0.03396651983431216	2.1703515590851232	0.576432687514747
ecf-229237	2.7014285711125474	2.6094379124341005	3.3978952727983707	0.46731615921659625	0.4675616958211705	0.41099977198600374	1.0	0.2678255334437181	0.4675616958211705	0.41099977198600374	1.0	0.2678255334437181	0.38046104356769184	0.40991282939958085	0.9932368987362996	0.23362695935937502	0.34260331367416846	0.5900871706004192	0.5	0.3	0.5	0.0	0.0	0.5	0.0	10.0	0.4	1.5724099038973836	1.2586166437468287	6.001061208638277	1.5367504307946622
ecf-238970	1.0990210257942779	1.0	1.6931471805599454	0.2619850088181714	0.43384418555996374	0.44505448611496345	0.9126813362866741	0.25830388193429743	0.43384418555996374	0.44505448611496345	0.9126813362866741	0.25830388193429743	0.38323706211207503	0.4128002360014493	0.9932368987362996	0.2286680215942129	0.2916565025737459	0.5871997639985507	0.7	0.2	0.7	0.0	0.1	0.6	0.0	10.0	0.0	0.6910432758860351	0.37968108283086205	3.7573166156671647	1.0357209496587834
ecf-369023	2.123399602582747	2.039720770839918	2.6094379124341005	0.46572247355537094	0.28755728078135584	0.24925873088260525	0.8616033789950089	0.29070319100842007	0.28755728078135584	0.24925873088260525	0.8616033789950089	0.29070319100842007	0.3744659982493832	0.4009147385104302	0.9932368987362996	0.22934553571902172	0.2610295603523084	0.5990852614895699	0.7	0.3	0.7	0.2	0.0	0.3	0.5	10.0	0.1	0.35119083971547504	0.06203036007882724	3.2908156169726315	0.6873066165287405
ecf-418684	1.5545177444479563	1.6931471805599454	1.6931471805599454	0.30998484282887173	0.3467461912352753	0.19097431491144842	1.0	0.39519268799183155	0.3467461912352753	0.19097431491144842	1.0	0.39519268799183155	0.3728936782803211	0.3997258042840035	0.9932368987362996	0.2288012301491502	0.31213156392927743	0.6002741957159965	0.5	0.0	0.5	0.0	0.0	0.1	0.4	10.0	0.4	0.8687044410157699	0.20935507483568594	7.253824177133645	1.6346699506411606
ecf-255352	1.2970630773828338	1.0	1.6931471805599454	0.37050275260909293	0.407272307537649	0.41632752338059553	1.0	0.31138844952341044	0.407272307537649	0.41632752338059553	1.0	0.31138844952341044	0.3795023633894794	0.41115349772029786	0.9932368987362996	0.23303515722269227	0.298161672214649	0.5888465022797021	0.7	0.0	0.7	0.0	0.0	0.4	0.3	10.0	0.2	0.6637212264800746	0.17278408172511805	4.096823755983531	1.108481999900624
ecf-221053	1.3972567287934932	1.3465735902799727	2.09861228866811	0.4449405632848265	0.37435240696089966	0.30589073104255604	0.8616033789950089	0.22360995557702465	0.37435240696089966	0.30589073104255604	0.8616033789950089	0.22360995557702465	0.38186793119890783	0.4113433152845367	0.9932368987362996	0.23345196006359853	0.32908138534667486	0.5886566847154633	0.7	0.1	0.7	0.1	0.0	0.6	0.2	10.0	0.0	0.9216709898633162	0.7992435045588633	2.633765378651803	0.6606032947088634
ecf-198012	1.4301334456564323	1.6931471805599454	2.09861228866811	0.4277306376148009	0.35289921423576653	0.35082432011689346	0.5895730108767131	0.16759225808906844	0.35289921423576653	0.35082432011689346	0.5895730108767131	0.16759225808906844	0.3871032924420244	0.4158792039135868	0.9932368987362996	0.2288066557752465	0.26118574605368994	0.5841207960864132	0.7	0.3	0.7	0.2	0.1	0.6	0.2	10.0	0.1	0.4213900814015328	0.23676616326105798	3.239401556930686	0.8236987130397754
ecf-266118	2.519833315391613	2.700598690831078	3.833213344056216	1.171451870608064	0.277846281799383	0.33768916314433295	0.4907023903682757	0.2144306118956861	0.277846281799383	0.33768916314433295	0.4907023903682757	0.2144306118956861	0.3917622669057001	0.4195447087362176	0.9932368987362996	0.23162804020471242	0.28363427300519456	0.5804552912637824	0.7	0.0	0.7	0.1	0.0	0.8	0.0	10.0	0.0	0.3383494214175918	0.06786266327226004	3.4431048866677108	0.7146851476554958
ecf-238976	1.138629436111989	1.0	1.6931471805599454	0.2922565125724551	0.4555470222401927	0.42267661191897077	0.8253631221551779	0.19358329636196905	0.4555470222401927	0.42267661191897077	0.8253631221551779	0.19358329636196905	0.459885997452616	0.46100098782700366	0.9541357903523484	0.23435472371611107	0.29636312462276804	0.5389990121729964	0.9	0.3	0.9	0.1	0.1	0.8	0.1	10.0	0.1	0.6066190091179976	0.4776973406299446	2.5045536471717966	0.8624233889098292
ecf-193415	1.3106133312235002	1.0	2.09861228866811	0.44657583844482795	0.4868250780299778	0.49572379173684156	0.7099362305302065	0.16146259490253922	0.4868250780299778	0.49572379173684156	0.7099362305302065	0.16146259490253922	0.4535232609590911	0.439494131898958	0.9541357903523484	0.221338126108313	0.35248906606211694	0.560505868101042	0.6	0.3	0.6	0.2	0.2	0.3	0.3	10.0	0.1	1.0267977994542954	0.8632867033195699	2.628851363849374	0.7401465613336098
ecf-257926	1.3465735902799727	1.3465735902799727	1.6931471805599454	0.49012907173427367	0.43615678751539533	0.3977440288386544	0.8253631221551779	0.24347910359151187	0.43615678751539533	0.3977440288386544	0.8253631221551779	0.24347910359151187	0.37764557366124435	0.410824197371101	0.9932368987362996	0.23323166846975932	0.29752072259453477	0.589175802628899	0.2	0.0	0.2	0.0	0.0	0.1	0.1	10.0	0.3	1.0550698504653404	0.5654694631868833	5.867529816013755	1.1999677752333262
ecf-425868	4.010980597285938	4.178053830347945	4.367295829986475	0.38554439816305786	0.24177979718198891	0.2896352467987926	0.6768862799257542	0.20239005531152532	0.24177979718198891	0.2896352467987926	0.6768862799257542	0.20239005531152532	0.3902889621792465	0.41837215230565905	0.9932368987362996	0.2339059587340596	0.3209046213115472	0.581627847694341	0.7	0.1	0.7	0.1	0.0	0.7	0.0	10.0	0.1	0.43429498242866227	0.08596931553223117	2.235716868198688	0.7112939895796124
ecf-479629	2.2424533248940004	2.2424533248940004	2.386294361119891	0.20342194425645388	0.3086393397030617	0.296266712196076	0.7548669549834176	0.20787735863109802	0.3086393397030617	0.296266712196076	0.7548669549834176	0.20787735863109802	0.36195412537109073	0.38641416849456467	0.9932368987362996	0.2284491351626648	0.3139072054290487	0.6135858315054353	0.2	0.0	0.2	0.0	0.0	0.0	0.2	10.0	0.4	0.5768938834566693	0.45668786977955433	2.6436664496345146	0.7564423111423363
ecf-259471	3.6264732285877965	3.8903717578961645	4.7841896339182615	0.9560627990057643	0.24496188380075012	0.2579631905597681	0.4801122796124583	0.17878765856192316	0.24496188380075012	0.2579631905597681	0.4801122796124583	0.17878765856192316	0.3934164070245536	0.4195447087362176	0.9932368987362996	0.23101772480920169	0.33214156018945146	0.5804552912637824	0.7	0.1	0.7	0.0	0.0	0.6	0.1	10.0	0.0	0.2612702237466268	0.045663588932403104	2.310630163832922	0.735322356286407
ecf-266120	1.3612964697370207	1.0	2.09861228866811	0.5140969646154724	0.46761720493916403	0.4998664412328988	0.8616033789950089	0.234148384073474	0.46761720493916403	0.4998664412328988	0.8616033789950089	0.234148384073474	0.37775787229735364	0.410824197371101	0.9932368987362996	0.23001334760523504	0.29128784173757255	0.589175802628899	0.8	0.4	0.8	0.0	0.0	0.6	0.2	10.0	0.0	1.04059145067365	0.826004336520743	3.7967191635331936	0.9647907915315954
ecf-327060	1.7381988592386304	1.6931471805599454	2.09861228866811	0.13515503603605486	0.3532186908591719	0.3878433869646472	0.5595423643388393	0.16582243182349216	0.3532186908591719	0.3878433869646472	0.5595423643388393	0.16582243182349216	0.44799039759253867	0.4380153291316708	0.9541357903523484	0.23339608532528264	0.2736282719919061	0.5619846708683292	0.8	0.2	0.8	0.1	0.0	0.5	0.4	10.0	0.0	0.3548357604378022	0.25465502567801257	1.7633849491933615	0.5775521508979349
ecf-411543	1.661182505843081	1.6931471805599454	2.386294361119891	0.4467333281416297	0.4624991179976088	0.4583722515764101	0.8253631221551779	0.2669976738564518	0.4624991179976088	0.4583722515764101	0.8253631221551779	0.2669976738564518	0.3603265077770875	0.38607460938999927	0.9932368987362996	0.22898721261796964	0.33617131071044376	0.6139253906100007	0.6	0.2	0.6	0.3	0.0	0.5	0.4	10.0	0.0	0.5606078570075542	0.017800187340713747	4.6147668475183865	1.2410154718723772
ecf-174480	1.9975994243322877	1.6931471805599454	3.6390573296152584	0.7043843345207457	0.3999427957271975	0.5353114903984842	0.8253631221551779	0.35648235209964313	0.3999427957271975	0.5353114903984842	0.8253631221551779	0.35648235209964313	0.38625489355732506	0.4158792039135868	0.9932368987362996	0.23369981362954836	0.2609608463126051	0.5841207960864132	1.0	0.2	1.0	0.1	0.0	1.0	0.0	10.0	0.0	0.6185417421549426	0.02507294666979375	4.481235454893864	1.2731088068217398
ecf-326033	3.4698284398238757	3.9444389791664403	4.49650756146648	1.155021176102523	0.16289932353649067	0.16585436242010873	0.3397561910549492	0.10886200581839998	0.16289932353649067	0.16585436242010873	0.3397561910549492	0.10886200581839998	0.39321378849083394	0.4195447087362176	0.9932368987362996	0.2320747122782618	0.292447601262811	0.5804552912637824	0.8	0.0	0.8	0.2	0.0	0.7	0.2	10.0	0.3	0.25208719699631066	0.092200442510265	1.5586770105017977	0.40914377929502255
ecf-198043	1.2761007388653334	1.0	2.09861228866811	0.4303734463566407	0.4790116160812138	0.48424207369853606	0.8616033789950089	0.19722694005702895	0.4790116160812138	0.48424207369853606	0.8616033789950089	0.19722694005702895	0.41199387099143386	0.42324181222744905	0.9541357903523484	0.2300515318741718	0.3350128422025206	0.576758187772551	0.8	0.1	0.8	0.1	0.3	0.3	0.3	10.0	0.1	0.7615015038356757	0.6487475375667617	2.8111729206433287	0.714573387410468
ecf-327582	1.519860385419959	1.6931471805599454	1.6931471805599454	0.3465735902799727	0.37370935559713025	0.3253192126773694	0.9126813362866741	0.29590343898648025	0.37370935559713025	0.3253192126773694	0.9126813362866741	0.29590343898648025	0.3647824409946875	0.38954602593998866	0.9932368987362996	0.22746272292200406	0.3242367548919745	0.6104539740600113	0.3	0.2	0.3	0.1	0.0	0.2	0.2	10.0	0.3	0.7298051546688755	0.315539693116685	3.6031659358399066	0.9611758581939797
ecf-273823	1.2310490601866484	1.0	1.6931471805599454	0.4001887112843146	0.40082449974869205	0.40790667834925814	0.6106158262213178	0.15693905477067033	0.40082449974869205	0.40790667834925814	0.6106158262213178	0.15693905477067033	0.36777327083064815	0.39110602226635405	0.9932368987362996	0.22800814546669687	0.23114074542529855	0.608893977733646	0.3	0.0	0.3	0.0	0.2	0.0	0.1	10.0	0.0	1.0865192029985353	0.9387170864341656	3.611604804485771	0.8775807793334524
ecf-172958	1.1569446126668728	1.0	2.09861228866811	0.41523641472790324	0.4910171644611462	0.46999455023638137	0.9126813362866741	0.19378415918816747	0.4910171644611462	0.46999455023638137	0.9126813362866741	0.19378415918816747	0.4123052403872584	0.42516561819842125	0.9541357903523484	0.228668359863362	0.27120448012148296	0.5748343818015788	0.6	0.1	0.6	0.1	0.0	0.6	0.1	10.0	0.1	0.4290458841832091	0.0	2.9887996331330755	0.7765225917876704
ecf-273819	1.1791759469228056	1.0	2.09861228866811	0.38963826174969923	0.40489067794696004	0.3878433869646472	0.6675509886888685	0.17873146396390055	0.40489067794696004	0.3878433869646472	0.6675509886888685	0.17873146396390055	0.41781616949226486	0.4346086585722904	0.9541357903523484	0.22493961074231847	0.31416511284442494	0.5653913414277096	1.0	0.4	1.0	0.0	0.0	0.8	0.2	10.0	0.1	0.22210047225536636	0.17839577525723627	2.787916058479061	1.1212236826511652
ecf-218027	1.2772588722239782	1.0	1.6931471805599454	0.3796523464637884	0.406974183778119	0.45955419502831674	0.5996554800102895	0.14040409616983904	0.406974183778119	0.45955419502831674	0.5996554800102895	0.14040409616983904	0.4142591772932261	0.4339843130032604	0.9541357903523484	0.22445334492909746	0.30761000169754127	0.5660156869967397	0.4	0.2	0.4	0.1	0.2	0.1	0.2	10.0	0.0	0.9308396821504312	0.9059347173421398	2.6117352566168437	0.8206743386668243
ecf-358317	4.593030989198057	4.401197381662156	5.394449154672439	0.5372191105094811	0.1273567505892075	0.13278096496092123	0.22565740060589834	0.08227560467010939	0.1273567505892075	0.13278096496092123	0.22565740060589834	0.08227560467010939	0.3902170563968652	0.41837215230565905	0.9932368987362996	0.23414606917127403	0.28542484803641094	0.581627847694341	0.8	0.1	0.8	0.1	0.0	0.8	0.1	10.0	0.0	-0.07404669095211254	0.05000867997759276	0.8303366092871198	0.6773155051456062
ecf-384431	1.5545177444479563	1.6931471805599454	2.386294361119891	0.5799285384793036	0.30352669071493843	0.29636910050138693	0.6430935622492024	0.16990181936986454	0.30352669071493843	0.29636910050138693	0.6430935622492024	0.16990181936986454	0.36080006232909634	0.38620469217367487	0.9932368987362996	0.22957801028536406	0.2883597756929255	0.6137953078263252	0.5	0.2	0.5	0.0	0.0	0.3	0.2	10.0	0.0	0.8633187736345903	0.8703175422496393	2.261167719905391	0.6842848253267017
ecf-426423	1.0	1.0	1.0	0.0	0.5435143142011091	0.6358934891014116	0.7742856144405287	0.19136906566758502	0.5435143142011091	0.6358934891014116	0.7742856144405287	0.19136906566758502	0.36090876029080726	0.381477476051087	0.9932368987362996	0.22795544914162325	0.33280823315462504	0.6185225239489129	0.1	0.1	0.1	0.0	0.1	0.0	0.0	10.0	0.4	2.288697637314175	2.0525685234287394	5.113758013637375	1.3746887832752936
ecf-200630	1.3465735902799727	1.3465735902799727	1.6931471805599454	0.4001887112843146	0.4871980061029903	0.5353114903984842	0.6290828284776582	0.15950197911321318	0.4871980061029903	0.5353114903984842	0.6290828284776582	0.15950197911321318	0.41840374132040564	0.43540489871819144	0.9541357903523484	0.21985207048675606	0.33421576831421135	0.5645951012818086	0.5	0.3333333333333333	0.5	0.16666666666666666	0.0	0.3333333333333333	0.3333333333333333	6.0	0.16666666666666666	1.0576656958112407	0.8589411023609488	2.170868221457763	0.7631784005111123
ecf-165815	1.7945134575869865	1.6931471805599454	2.09861228866811	0.2027325540540823	0.32240872428426276	0.2629255706247321	0.8616033789950089	0.23752952779730907	0.32240872428426276	0.2629255706247321	0.8616033789950089	0.23752952779730907	0.38705557642902794	0.41617462513228154	0.9932368987362996	0.23407625726546827	0.2994220556271269	0.5838253748677185	0.2	0.1	0.2	0.2	0.0	0.3	0.1	10.0	0.0	0.6228147817203851	0.5045739346599223	3.6031659358399066	0.6917069215423493
ecf-287666	1.3662040962227033	1.0	2.09861228866811	0.5673209463933874	0.5019243684531163	0.41121382164474163	0.8253631221551779	0.2055193549614802	0.5019243684531163	0.41121382164474163	0.8253631221551779	0.2055193549614802	0.4106379090656303	0.4342964857877754	0.9541357903523484	0.2244213382375074	0.30621091622340196	0.5657035142122246	0.6	0.2	0.6	0.0	0.2	0.2	0.2	10.0	0.0	0.31309245404563574	0.006743592547888507	1.4980819635467328	0.49083534042095617
ecf-263613	1.199084385469784	1.0	2.09861228866811	0.4078435119457356	0.5231506568069648	0.4659949032779017	1.0	0.23098434581346983	0.5231506568069648	0.4659949032779017	1.0	0.23098434581346983	0.4102887330433806	0.4339843130032604	0.9541357903523484	0.22491697207616024	0.33771689609472694	0.5660156869967397	0.7	0.4	0.7	0.2	0.1	0.7	0.1	10.0	0.0	0.7661471832736486	0.3944716373796754	4.048371372597585	1.111371213673338
ecf-272317	1.9972460116410689	2.09861228866811	2.09861228866811	0.18769387342149466	0.22316630588485648	0.19803804456952023	0.5204760375493837	0.19277196193856058	0.22316630588485648	0.19803804456952023	0.5204760375493837	0.19277196193856058	0.36975847443135634	0.3938115975796922	0.9932368987362996	0.227202231040686	0.3160916971443755	0.6061884024203078	0.7	0.3	0.7	0.2	0.0	0.3	0.5	10.0	0.0	0.32262688529787903	0.11013351232769189	3.4361118511767406	0.6804035735141392
ecf-197049	2.152620574771886	2.5890269151739727	2.9459101490553135	0.911918551042937	0.3916428932392845	0.41376478333832095	1.0	0.32069340768209137	0.3916428932392845	0.41376478333832095	1.0	0.32069340768209137	0.3899503045882838	0.4176658611522446	0.9932368987362996	0.2290091604986535	0.34714739094011127	0.5823341388477554	0.6	0.0	0.6	0.0	0.0	0.6	0.0	10.0	0.1	1.1522533898454392	0.4596109395506371	6.33753344525949	1.4744061726005533
ecf-273343	1.0	1.0	1.0	0.0	0.39309600099898606	0.3425626324089957	0.8616033789950089	0.22149834973549246	0.39309600099898606	0.3425626324089957	0.8616033789950089	0.22149834973549246	0.3697772358860702	0.3936665052692614	0.9932368987362996	0.22729243822634884	0.2873558501769675	0.6063334947307386	0.5	0.3	0.5	0.0	0.2	0.3	0.0	10.0	0.4	0.9407294469860819	0.6743635514260208	5.1436109767870555	0.9558040727289827
ecf-168382	4.392466560522601	4.314020688089767	5.060443010546419	0.40606920827059556	0.34165765962177713	0.2013068531173642	0.8616033789950089	0.3472947366661236	0.34165765962177713	0.2013068531173642	0.8616033789950089	0.3472947366661236	0.38889468054304893	0.41837215230565905	0.9932368987362996	0.2336344957468249	0.35667479022340437	0.581627847694341	0.8	0.1	0.8	0.1	0.0	0.7	0.1	10.0	0.0	0.13238207085976128	0.02507294666979375	1.7731852537916537	0.706790959170509
ecf-196541	1.3531170922608828	1.0	2.09861228866811	0.43676121550370045	0.5213082242472401	0.5257611749126522	1.0	0.22025950229525698	0.5213082242472401	0.5257611749126522	1.0	0.22025950229525698	0.3985496412216301	0.41865503433299084	0.9541357903523484	0.2243723675307278	0.3323136841716192	0.5813449656670091	0.8	0.3	0.8	0.1	0.0	0.6	0.3	10.0	0.0	0.6612988786635499	0.47777338914893624	2.963364735985254	0.8007482174361913
ecf-337345	3.8445841656115927	4.0201273556387065	4.367295829986475	0.42358429268149983	0.2592505377524942	0.195046858898378	0.9126813362866741	0.26658459689362124	0.2592505377524942	0.195046858898378	0.9126813362866741	0.26658459689362124	0.36199906376962365	0.38702391929765995	0.9932368987362996	0.22893476438278818	0.31197156380681884	0.6129760807023401	0.7	0.2	0.7	0.4	0.0	0.7	0.1	10.0	0.1	0.4569046972203679	0.30181291802618104	2.284010877557644	0.5994928673882937
ecf-328130	3.4047959538573327	3.8903717578961645	4.688879454113936	1.2349815078568287	0.24496188380075012	0.2579631905597681	0.4801122796124583	0.17878765856192316	0.24496188380075012	0.2579631905597681	0.4801122796124583	0.17878765856192316	0.39187021922624177	0.41865503433299084	0.9932368987362996	0.2326382669878874	0.33214156018945146	0.5813449656670091	0.7	0.1	0.7	0.1	0.0	0.7	0.0	10.0	0.1	0.2612702237466268	0.045663588932403104	2.310630163832922	0.735322356286407
ecf-221139	1.462098120373297	1.6931471805599454	1.6931471805599454	0.35793966490390583	0.5681158057479635	0.6093292682133138	0.8253631221551779	0.2073757699469349	0.5681158057479635	0.6093292682133138	0.8253631221551779	0.2073757699469349	0.3872725408108988	0.4135812280436667	0.9541357903523484	0.22681554241662716	0.2969658285816111	0.5864187719563333	0.5	0.1	0.5	0.1	0.0	0.2	0.4	10.0	0.0	0.5309626168332617	0.0	2.768940157020056	0.8155515513014728
ecf-473558	1.0866433975699932	1.0	1.6931471805599454	0.24506453586713683	0.4248197886101863	0.3367108813496641	1.0	0.4146694322060121	0.4248197886101863	0.3367108813496641	1.0	0.4146694322060121	0.36091708248933096	0.38499750919594183	0.9932368987362996	0.22884745206359647	0.2575329530361367	0.6150024908040581	0.7	0.2	0.7	0.1	0.1	0.6	0.1	10.0	0.3	0.3589055361970314	0.02507294666979375	5.867529816013755	1.2389018710825643
ecf-112599	1.199084385469784	1.0	2.09861228866811	0.4078435119457356	0.4577019511338016	0.3959436670532981	0.7380458071729002	0.16719221068079587	0.4577019511338016	0.3959436670532981	0.7380458071729002	0.16719221068079587	0.3909207107054501	0.41695956999883005	0.9541357903523484	0.2249491941256675	0.3346178466322977	0.58304043000117	0.6	0.1	0.6	0.4	0.2	0.5	0.2	10.0	0.1	0.7628876817071509	0.694964654771778	2.359854895737449	0.7810708480477011
ecf-256980	1.2079441541679836	1.0	1.6931471805599454	0.33482189780177213	0.41694743919093513	0.45980339615833377	0.7380458071729002	0.22663711923000882	0.41694743919093513	0.45980339615833377	0.7380458071729002	0.22663711923000882	0.3912617153982581	0.4176658611522446	0.9541357903523484	0.22373774723602852	0.31748668353471776	0.5823341388477554	1.0	0.2	1.0	0.0	0.2	0.5	0.3	10.0	0.3	0.6525269168004346	0.3042985162834345	3.469634543215384	0.9602029233960285
ecf-408030	1.8089943543051352	1.6931471805599454	2.09861228866811	0.19784671429042136	0.37199393985503537	0.33813871563159303	0.9126813362866741	0.2682994556667186	0.37199393985503537	0.33813871563159303	0.9126813362866741	0.2682994556667186	0.3742781184974796	0.4009147385104302	0.9932368987362996	0.22840191867373413	0.3285480823906811	0.5990852614895699	0.7	0.2	0.7	0.1	0.0	0.4	0.3	10.0	0.1	0.6626102736872674	0.21796889552419232	4.162781723775329	1.0987363834660275
ecf-331740	1.3465735902799727	1.3465735902799727	1.6931471805599454	0.49012907173427367	0.545152962573369	0.4544702241101172	0.9126813362866741	0.26752260041636006	0.545152962573369	0.4544702241101172	0.9126813362866741	0.26752260041636006	0.3742367909028563	0.4004607202579495	0.9932368987362996	0.22952107087717827	0.26382635195115456	0.5995392797420505	0.2222222222222222	0.1111111111111111	0.2222222222222222	0.0	0.0	0.1111111111111111	0.1111111111111111	9.0	0.0	1.2618076774382425	0.9309816639112145	5.867529816013755	1.3967476214796752
ecf-256985	1.0	1.0	1.0	0.0	0.524447415486452	0.4666396291001863	0.8616033789950089	0.2284338980415755	0.524447415486452	0.4666396291001863	0.8616033789950089	0.2284338980415755	0.37767114004064734	0.41115349772029786	0.9932368987362996	0.23372497426418287	0.31893481926507494	0.5888465022797021	0.5	0.2	0.5	0.0	0.2	0.3	0.0	10.0	0.3	0.9210294185462605	0.0	6.848359069025481	1.6320080314995689
ecf-317919	3.5085539568136235	3.772588722239781	4.737669618283368	1.0300742068398387	0.24496188380075012	0.2579631905597681	0.4801122796124583	0.17878765856192316	0.24496188380075012	0.2579631905597681	0.4801122796124583	0.17878765856192316	0.3933675391656414	0.4195447087362176	0.9932368987362996	0.23120098557036217	0.33214156018945146	0.5804552912637824	0.7	0.1	0.7	0.0	0.0	0.7	0.0	10.0	0.0	0.2612702237466268	0.045663588932403104	2.310630163832922	0.735322356286407
ecf-197604	1.0	1.0	1.0	0.0	0.5583666892297408	0.5419469790115495	1.0	0.31745474571861765	0.5583666892297408	0.5419469790115495	1.0	0.31745474571861765	0.3863489882115771	0.41647004635097623	0.9932368987362996	0.22757574100104558	0.32235091093697504	0.5835299536490237	0.7	0.1	0.7	0.1	0.6	0.2	0.0	10.0	0.0	1.108879824843477	0.4588643922968524	6.155211888465535	1.7580369376819642
ecf-336365	1.6931471805599454	1.6931471805599454	1.6931471805599454	0.0	0.48932943766608306	0.3963243044689585	1.0	0.24583821318364468	0.48932943766608306	0.3963243044689585	1.0	0.24583821318364468	0.3629411310556505	0.3871195015381153	0.9932368987362996	0.22852958395609904	0.32542405587499057	0.6128804984618847	0.3	0.1	0.3	0.1	0.0	0.0	0.3	10.0	0.4	1.6777608323713722	1.5283703373239046	6.5606769965737	1.4783835319038028
ecf-317931	1.6931471805599454	1.6931471805599454	1.6931471805599454	0.0	0.5036617825911802	0.537680305771573	0.8253631221551779	0.24497484074072504	0.5036617825911802	0.537680305771573	0.8253631221551779	0.24497484074072504	0.3791686159959322	0.4104948970219041	0.9932368987362996	0.22983749100017117	0.2909605207232161	0.5895051029780959	0.125	0.125	0.125	0.0	0.0	0.0	0.125	8.0	0.5	1.3825835283466303	0.8589647741749242	5.382022000232054	1.5322821620004219
ecf-471541	2.4076728048917904	2.3540251005511053	3.1972245773362196	0.7401491707892958	0.447854459305155	0.2972681803983337	1.0	0.35872696413713334	0.447854459305155	0.2972681803983337	1.0	0.35872696413713334	0.36117979768866815	0.3855360592929705	0.9932368987362996	0.2278384372867359	0.28435508733209175	0.6144639407070295	0.7	0.2	0.7	0.1	0.0	0.6	0.2	10.0	0.0	0.24678666514262204	0.19063600738757813	1.8917071987379162	0.6248763186606103
ecf-342002	2.2758037813105116	2.09861228866811	2.9459101490553135	0.40952037705956873	0.23483998937197337	0.22725514484609935	0.5233066027156972	0.1327427628720561	0.23483998937197337	0.22725514484609935	0.5233066027156972	0.1327427628720561	0.35987929776304045	0.3855360592929705	0.9932368987362996	0.2295455937528733	0.31213603213313545	0.6144639407070295	0.5	0.1	0.5	0.2	0.0	0.7	0.0	10.0	0.1	0.5756049279945586	0.46541992382561914	2.3793905042177905	0.556290962834219
ecf-270332	1.198042051588556	1.0	1.6931471805599454	0.33822119203626044	0.5451657947831566	0.5138407736622654	0.9126813362866741	0.2822522154619535	0.5451657947831566	0.5138407736622654	0.9126813362866741	0.2822522154619535	0.3785441228093755	0.41115349772029786	0.9932368987362996	0.23002433448624465	0.2845894132163404	0.5888465022797021	0.6	0.3	0.6	0.1	0.0	0.6	0.1	10.0	0.0	0.388475556944927	0.0	3.3073997449881665	0.744050026954628
ecf-268281	1.7607246985779728	1.6931471805599454	2.386294361119891	0.46859527442788146	0.41680809932515694	0.39668183238146537	0.9126813362866741	0.25495268325862736	0.41680809932515694	0.39668183238146537	0.9126813362866741	0.25495268325862736	0.3687742043084879	0.3936076292086765	0.9932368987362996	0.2275613212492003	0.26825352571768607	0.6063923707913235	0.6	0.1	0.6	0.0	0.0	0.3	0.3	10.0	0.0	1.3137934757736456	1.1773293808410874	4.209301739410222	1.1229746060297963
