eclipse.jdt.core-470535	2.195858668748308	2.09861228866811	2.6094379124341005	0.29571064470144504	0.3348429368625475	0.2230076606860083	1.0	0.31181508630024013	0.3348429368625475	0.2230076606860083	1.0	0.31181508630024013	0.3921841037787435	0.4269350312471579	0.8927637052583001	0.18267287762732173	0.37388394742522085	0.5730649687528421	0.7	0.1	0.7	0.0	0.0	0.6	0.1	10.0	0.1	0.9016517935918236	0.745973916754318	3.2416449331294768	0.575895839977303
eclipse.jdt.core-337415	1.800378391231455	1.6931471805599454	2.9459101490553135	0.5136612733803759	0.3702938635808215	0.37097346381897783	0.6961059679383006	0.16246607539273972	0.3702938635808215	0.37097346381897783	0.6961059679383006	0.16246607539273972	0.5154358335914953	0.5001979854271524	0.7914084742563202	0.1344531406460107	0.38467943438596675	0.49980201457284756	0.8	0.2	0.8	0.1	0.0	0.6	0.3	10.0	0.2	1.4235149536280856	1.2872920596831254	3.1760977948081472	0.7638474556325657
eclipse.jdt.core-42243	1.6719098009605209	1.6931471805599454	2.09861228866811	0.4552085360701494	0.33435487980294437	0.31907451818009064	0.644059879183928	0.17129055673532836	0.33435487980294437	0.31907451818009064	0.644059879183928	0.17129055673532836	0.39299992853044086	0.42650329397599457	0.8927637052583001	0.18076969727341885	0.33465140821804906	0.5734967060240055	0.7	0.1	0.7	0.1	0.0	0.4	0.4	10.0	0.0	1.3593790396102183	1.2275776836346084	3.4529540267966836	0.6492156823999742
eclipse.jdt.core-46084	4.014351462460535	3.995732273553991	4.688879454113936	0.7194975372084675	0.15014195433172423	0.12374984569040885	0.3235506089438606	0.0849582654956418	0.15014195433172423	0.12374984569040885	0.3235506089438606	0.0849582654956418	0.4134723451224743	0.4525128806488965	0.8877860105745762	0.17447434748086743	0.2727694445093009	0.5474871193511035	0.8	0.1	0.8	0.1	0.0	0.7	0.2	10.0	0.1	0.7405040197408886	0.734930292404949	1.2951534450402544	0.19444327102517767
eclipse.jdt.core-268802	1.6931471805599454	1.6931471805599454	2.386294361119891	0.6931471805599454	0.33724483447951803	0.2886372119126492	0.7469835607605417	0.19668545589781022	0.33724483447951803	0.2886372119126492	0.7469835607605417	0.19668545589781022	0.39877026000648047	0.4371578751038516	0.8877860105745762	0.17910000396863762	0.2884803521431503	0.5628421248961484	0.3	0.2	0.3	0.0	0.0	0.2	0.1	10.0	0.4	1.436056204808687	1.2325628941460332	4.695078597086996	0.7474648180485013
eclipse.jdt.core-403457	1.1732867951399863	1.0	1.6931471805599454	0.3465735902799727	0.24754803371956335	0.214979055269362	0.5091513333169316	0.1472680100704141	0.24754803371956335	0.214979055269362	0.5091513333169316	0.1472680100704141	0.41158718879083406	0.4477794619089808	0.8877860105745762	0.17402883874770858	0.3178947846502639	0.5522205380910192	0.4	0.0	0.4	0.0	0.1	0.3	0.0	10.0	0.1	0.7700409069735819	0.6630854070737269	2.5118402617255167	0.5889580753815037
eclipse.jdt.core-385293	1.2484906649788001	1.0	2.09861228866811	0.41504737116956814	0.3709017370486497	0.34763146076385953	0.6550347857476941	0.17312568856983665	0.3709017370486497	0.34763146076385953	0.6550347857476941	0.17312568856983665	0.451016482548247	0.47425220985777117	0.7914084742563202	0.1643870349181406	0.2879856397452563	0.5257477901422288	0.8	0.3	0.8	0.2	0.3	0.5	0.2	10.0	0.1	1.372542372151276	1.1592975645469397	3.695900205407073	0.6674637567107674
eclipse.jdt.core-424718	2.0769113627256197	2.386294361119891	3.0794415416798357	0.8717296750236685	0.3819722999624569	0.3503712921277302	0.7936736835661323	0.22932794040703947	0.3819722999624569	0.3503712921277302	0.7936736835661323	0.22932794040703947	0.4134697406051589	0.45148312355796205	0.8877860105745762	0.1749535704391669	0.3775961958800995	0.548516876442038	0.5	0.1	0.5	0.2	0.0	0.4	0.2	10.0	0.3	1.6610268873869736	1.3379634499329718	5.282865261989115	0.9764165270772285
eclipse.jdt.core-70665	1.4839001263634866	1.6931471805599454	2.09861228866811	0.42350347580435743	0.22444951029366672	0.22619414219917094	0.3369041468581835	0.08428642274521134	0.22444951029366672	0.22619414219917094	0.3369041468581835	0.08428642274521134	0.4123995345275354	0.44960935624888954	0.8877860105745762	0.17452560441320877	0.2351767082047216	0.5503906437511105	0.8	0.2	0.8	0.0	0.0	0.3	0.5	10.0	0.2	1.1103450646416946	1.0957162951201795	2.1964543871775577	0.34710186250456165
eclipse.jdt.core-488461	1.1732867951399863	1.0	1.6931471805599454	0.3465735902799727	0.4130079424099982	0.34674092261908385	0.8146684455957106	0.20940294118151526	0.4130079424099982	0.34674092261908385	0.8146684455957106	0.20940294118151526	0.3920863234501168	0.4265580844832531	0.8927637052583001	0.18203886442462178	0.29946734405450304	0.573441915516747	0.3	0.0	0.3	0.1	0.0	0.3	0.1	10.0	0.3	1.514889157566135	1.2197900937484087	5.911473921411489	1.2104543978719347
eclipse.jdt.core-471062	1.2890371757896166	1.0	2.09861228866811	0.4782986103144945	0.41181326216346203	0.3814633033836772	0.8734913905634314	0.23887524204800467	0.41181326216346203	0.3814633033836772	0.8734913905634314	0.23887524204800467	0.4374789899654822	0.46824095984675285	0.7914084742563202	0.16571265286069814	0.3980757163071944	0.5317590401532472	1.0	0.2	1.0	0.0	0.0	0.8	0.2	10.0	0.2	1.1114596883205488	1.0605235989714419	2.8677281827562386	0.7704177574080738
eclipse.jdt.core-425493	1.6212266624470002	1.549306144334055	2.386294361119891	0.7268816391374028	0.47726117782182315	0.4867416703663926	1.0	0.28927884935611536	0.47726117782182315	0.4867416703663926	1.0	0.28927884935611536	0.3978107000254978	0.43234945479094666	0.8927637052583001	0.1791766746009345	0.328395816024914	0.5676505452090533	0.4	0.2	0.4	0.0	0.0	0.4	0.0	10.0	0.1	1.910452327864038	1.4802195432499432	6.8923031744232155	1.6419432791387396
eclipse.jdt.core-28951	1.8471798873510443	1.6931471805599454	2.386294361119891	0.5776226504666212	0.35654158866418345	0.346662804492883	0.6293400096733536	0.19502174362940963	0.35654158866418345	0.346662804492883	0.6293400096733536	0.19502174362940963	0.44489642016590175	0.47425220985777117	0.7914084742563202	0.1676713662378956	0.35676866391238016	0.5257477901422288	0.8	0.1	0.8	0.1	0.0	0.6	0.3	10.0	0.1	1.3731737175610412	1.151037606512274	4.174202637467504	0.7829734471388407
eclipse.jdt.core-363293	1.4852030263919618	1.6931471805599454	1.6931471805599454	0.33482189780177213	0.1856825243468071	0.15154382553786358	0.4566701920074083	0.11843855714488719	0.1856825243468071	0.15154382553786358	0.4566701920074083	0.11843855714488719	0.45449624348759454	0.4803183068306283	0.8032423003746476	0.16965938183931353	0.31528137226674946	0.5196816931693717	1.0	0.1	1.0	0.1	0.1	0.3	0.6	10.0	0.4	0.6060629134488155	0.6695415799273322	1.4148173650726326	0.4364178927831489
eclipse.jdt.core-480029	1.8958797346140277	1.8958797346140277	2.09861228866811	0.2136988755580343	0.3343649950741664	0.3434629497789334	0.5285335824048685	0.15807116267106286	0.3343649950741664	0.3434629497789334	0.5285335824048685	0.15807116267106286	0.4534071370371364	0.4802908833497089	0.8032423003746476	0.1673226968046086	0.4551968659743445	0.5197091166502912	1.0	0.3	1.0	0.0	0.0	0.7	0.3	10.0	0.2	0.7289319796216394	0.7851041417383817	3.3957956129567353	0.8738265009543508
eclipse.jdt.core-69658	1.1732867951399863	1.0	1.6931471805599454	0.3465735902799727	0.4153021110029442	0.35978707581877095	0.8403640012786583	0.20045185650216982	0.4153021110029442	0.35978707581877095	0.8403640012786583	0.20045185650216982	0.4119744234647542	0.44819247544404994	0.8877860105745762	0.1745023787507838	0.3369921550264279	0.5518075245559501	0.4	0.0	0.4	0.0	0.2	0.2	0.0	10.0	0.3	1.4155786101059369	1.4044270981700397	3.554163928728197	0.7883378203135271
eclipse.jdt.core-418843	4.094697043070283	4.236945348176137	4.465735902799727	0.454456572670814	0.23566128297398567	0.12374984569040885	0.644059879183928	0.23092981178460997	0.23566128297398567	0.12374984569040885	0.644059879183928	0.23092981178460997	0.41535545462759815	0.45200866876483003	0.8877860105745762	0.16888928134318149	0.2817419456329217	0.54799133123517	0.5	0.1	0.5	0.2	0.0	0.6	0.0	10.0	0.0	0.7238224428804384	0.7401153359095869	1.6503602154029189	0.2580284879058361
eclipse.jdt.core-31261	1.4839001263634863	1.0	2.791759469228055	0.7308891265147661	0.2827940024831096	0.24992390332738806	0.6550347857476941	0.14596580815197396	0.2827940024831096	0.24992390332738806	0.6550347857476941	0.14596580815197396	0.3927094594209111	0.42661287499051165	0.8927637052583001	0.18134245969162174	0.3011666671633634	0.5733871250094884	0.6	0.0	0.6	0.2	0.2	0.4	0.2	10.0	0.0	1.2677286785011344	1.2642610908507985	2.3528843659979044	0.44354535146647944
eclipse.jdt.core-388634	1.2761007388653334	1.0	2.09861228866811	0.43037344635664077	0.3947266022761595	0.37350726282295	0.7138565612886493	0.18524916919646495	0.3947266022761595	0.37350726282295	0.7138565612886493	0.18524916919646495	0.413547435021617	0.4525097720565334	0.8877860105745762	0.17446044122599216	0.31656330347734524	0.5474902279434666	0.9	0.3	0.9	0.0	0.0	0.7	0.2	10.0	0.1	1.0486501589615704	1.2170394633261912	2.8669514836880663	0.835384174321386
eclipse.jdt.core-25377	1.0866433975699932	1.0	1.6931471805599454	0.2450645358671368	0.2924277158619567	0.2765590361767742	0.556651172163195	0.14544845463054829	0.2924277158619567	0.2765590361767742	0.556651172163195	0.14544845463054829	0.3925231283224553	0.42661287499051165	0.8927637052583001	0.18141155949813284	0.3391820426485142	0.5733871250094884	0.5	0.1	0.5	0.3	0.3	0.5	0.0	10.0	0.0	0.9159311107371569	0.9757924817450461	1.9717141610117435	0.5393601997765101
eclipse.jdt.core-410402	1.0	1.0	1.0	0.0	0.4719947392053767	0.5696024259319487	0.649416624743956	0.24150264138982971	0.4719947392053767	0.5696024259319487	0.649416624743956	0.24150264138982971	0.44219251305068	0.4655064609608786	0.8032423003746476	0.16424132729253887	0.2905126033949528	0.5344935390391214	0.3333333333333333	0.0	0.3333333333333333	0.0	0.3333333333333333	0.0	0.0	3.0	0.0	0.867937645456404	1.1064733138411	1.4973396225281117	0.7766472398180253
eclipse.jdt.core-448800	1.3465735902799727	1.3465735902799727	1.6931471805599454	0.4001887112843146	0.41116811811917936	0.44737581442470054	0.7046395619678506	0.1752925694614485	0.41116811811917936	0.44737581442470054	0.7046395619678506	0.1752925694614485	0.3935082992254173	0.4277542355919496	0.8927637052583001	0.18089365775718844	0.4303242427217673	0.5722457644080504	0.4	0.1	0.4	0.0	0.0	0.3	0.1	10.0	0.3	1.9699077160733842	1.7776885998255152	5.1848040488129	1.0399451501308912
eclipse.jdt.core-448043	3.1310131871855553	3.1972245773362196	3.302585092994046	0.14907382927254506	0.3109591513281422	0.16981127042327815	1.0	0.33221381986335635	0.3109591513281422	0.16981127042327815	1.0	0.33221381986335635	0.4146708156880467	0.45251598924125963	0.8877860105745762	0.17329562782872018	0.24383190021998696	0.5474840107587404	0.6	0.0	0.6	0.0	0.0	0.6	0.0	10.0	0.0	0.9156801042058986	0.7174759460128682	7.29776828253138	1.1249058135206917
eclipse.jdt.core-483895	1.4332169878499659	1.3465735902799727	2.386294361119891	0.5157180055768339	0.3581587127050031	0.39225086496378525	0.48575201757688286	0.1246404698482086	0.3581587127050031	0.39225086496378525	0.48575201757688286	0.1246404698482086	0.4428872300747002	0.4655064609608786	0.8032423003746476	0.16101724559114544	0.2695661001829667	0.5344935390391214	0.8	0.4	0.8	0.0	0.1	0.4	0.3	10.0	0.2	1.3192543839294566	1.2857918653752851	2.6739571344309874	0.5115495021910516
eclipse.jdt.core-145202	1.4549271735802334	1.0	2.6094379124341005	0.6016141603297251	0.373779115952858	0.329332389258354	0.7469835607605417	0.22995874329901786	0.373779115952858	0.329332389258354	0.7469835607605417	0.22995874329901786	0.40959174230634837	0.44819247544404994	0.8877860105745762	0.17628385363868052	0.3337314833975827	0.5518075245559501	0.7	0.2	0.7	0.2	0.1	0.5	0.3	10.0	0.1	1.0045951957045405	0.8596167127736514	2.805186315322568	0.6751030945219864
eclipse.jdt.core-104245	1.7717232629877422	1.6931471805599454	2.6094379124341005	0.5850465299112841	0.41176380015002484	0.25430380336760117	1.0	0.2959062714310415	0.41176380015002484	0.25430380336760117	1.0	0.2959062714310415	0.4110562726634877	0.44819247544404994	0.8877860105745762	0.17550972318564673	0.28382738623807485	0.5518075245559501	0.8	0.0	0.8	0.0	0.0	0.7	0.1	10.0	0.1	1.2494505504209608	1.2049041790175383	2.6801755765447313	0.639009750748832
eclipse.jdt.core-30516	1.0	1.0	1.0	0.0	0.4321124234196056	0.3899192374369834	0.8403640012786583	0.20392508844825852	0.4321124234196056	0.3899192374369834	0.8403640012786583	0.20392508844825852	0.39784794873166324	0.434461501793761	0.8877860105745762	0.17857088427527307	0.34541101334285407	0.565538498206239	0.4	0.0	0.4	0.0	0.2	0.2	0.0	10.0	0.4	1.77888232449009	1.389108736550484	4.4355674016019115	1.1964204949472663
eclipse.jdt.core-341296	1.0866433975699932	1.0	1.6931471805599454	0.2450645358671368	0.5852856098870325	0.508695752190258	1.0	0.3021022540940461	0.5852856098870325	0.508695752190258	1.0	0.3021022540940461	0.43168637499400475	0.4588386340742281	0.8032423003746476	0.16680467207329294	0.3467446656467492	0.5411613659257719	0.6	0.3	0.6	0.3	0.2	0.5	0.1	10.0	0.0	1.6441353714169924	1.679945106914005	5.593020190292955	1.34701063559609
eclipse.jdt.core-149562	1.328940727570578	1.0	2.6094379124341005	0.6209306714005743	0.32161184831098855	0.2683319895057244	0.6737488170472423	0.20468786693253332	0.32161184831098855	0.2683319895057244	0.6737488170472423	0.20468786693253332	0.4096324828916325	0.4480210381758364	0.8877860105745762	0.17619993692251704	0.29873528944326055	0.5519789618241636	0.7	0.1	0.7	0.0	0.2	0.5	0.0	10.0	0.0	0.9025317216287214	0.9383591992264346	2.3851133967953277	0.603101819003194
eclipse.jdt.core-208186	1.2761007388653334	1.0	2.09861228866811	0.4303734463566407	0.4292092556412731	0.38440835968370896	0.8734913905634314	0.2112300936000965	0.4292092556412731	0.38440835968370896	0.8734913905634314	0.2112300936000965	0.39815014345847344	0.4359494451721667	0.8877860105745762	0.18050086028176926	0.43050120445659823	0.5640505548278333	0.9	0.4	0.9	0.0	0.1	0.6	0.2	10.0	0.1	1.4397164648644831	1.4719525579301003	2.70264843239679	0.6817783516800987
eclipse.jdt.core-405051	1.9672563813902957	2.09861228866811	2.9459101490553135	0.7076356242867144	0.3407165347550678	0.34955625345155844	0.6162904048701141	0.16018729549810168	0.3407165347550678	0.34955625345155844	0.6162904048701141	0.16018729549810168	0.41093547793021595	0.4477794619089808	0.8877860105745762	0.17418811268351558	0.3902915855030219	0.5522205380910192	0.5	0.1	0.5	0.0	0.0	0.3	0.2	10.0	0.3	1.550057731466187	1.439472241310241	3.0124590673593046	0.7283376486978178
eclipse.jdt.core-190268	2.8778874021500656	3.2975599250672953	3.772588722239781	0.9843380647978881	0.28201095990187763	0.21032715326045764	0.9201819031845418	0.25958225980848926	0.28201095990187763	0.21032715326045764	0.9201819031845418	0.25958225980848926	0.41905883595392823	0.4534168788989113	0.8877860105745762	0.16807463439490108	0.35845822268935695	0.5465831211010888	0.7	0.1	0.7	0.3	0.0	0.8	0.0	10.0	0.1	1.0375562997412855	0.745973916754318	4.19542627391913	0.7333572980960452
eclipse.jdt.core-416313	1.6520497416382625	1.6931471805599454	2.09861228866811	0.3248158379271545	0.1832932598190197	0.12251586203203124	0.44495190170193644	0.1327988987121716	0.1832932598190197	0.12251586203203124	0.44495190170193644	0.1327988987121716	0.41241831899921594	0.45102623705372913	0.8877860105745762	0.17495880057862506	0.3140562184138432	0.5489737629462709	0.6	0.0	0.6	0.1	0.0	0.6	0.1	10.0	0.3	0.8664860872671837	0.7405505831843273	3.4162044845879427	0.5061888441574021
eclipse.jdt.core-158274	1.4158883083359672	1.6931471805599454	1.6931471805599454	0.3796523464637884	0.49594628248897876	0.4498675654500229	1.0	0.2767882263972055	0.49594628248897876	0.4498675654500229	1.0	0.2767882263972055	0.4072158895823633	0.4447777514741661	0.8877860105745762	0.17724048556628536	0.41257729278793187	0.5552222485258339	0.5	0.2	0.5	0.0	0.0	0.4	0.1	10.0	0.4	1.182356907481124	1.0747669347511664	5.593020190292955	1.184225145720918
eclipse.jdt.core-301894	1.3960841031771116	1.6931471805599454	1.6931471805599454	0.37050275260909293	0.49711580946310946	0.4846006436739277	1.0	0.23643246923516797	0.49711580946310946	0.4846006436739277	1.0	0.23643246923516797	0.3979933095049192	0.43401236736508303	0.8877860105745762	0.17833515060510244	0.3417969958071227	0.5659876326349169	0.6	0.0	0.6	0.1	0.1	0.5	0.1	10.0	0.0	1.143157801880401	1.1299118868131173	3.0315734633826197	0.9473562384346694
eclipse.jdt.core-401989	1.8599194755575552	2.09861228866811	2.09861228866811	0.39278470954271255	0.36595481209603775	0.3995195007738198	0.6162904048701141	0.17428948027875196	0.36595481209603775	0.3995195007738198	0.6162904048701141	0.17428948027875196	0.4104773788999176	0.4445326867642325	0.8877860105745762	0.17444090391800826	0.27647803006203364	0.5554673132357675	0.7	0.0	0.7	0.2	0.0	0.5	0.3	10.0	0.3	1.2932308986731083	1.1999425187108541	2.8767394900542294	0.9167163473739701
eclipse.jdt.core-11076	1.4332169878499659	1.6931471805599454	1.6931471805599454	0.35873774764475586	0.5791632710129463	0.5661813122267267	1.0	0.2760907575483512	0.5791632710129463	0.5661813122267267	1.0	0.2760907575483512	0.41200117807384384	0.4453822161931581	0.8877860105745762	0.18162925212022116	0.5122118549861161	0.5546177838068419	0.8	0.1	0.8	0.0	0.2	0.5	0.1	10.0	0.0	1.523227842356621	1.2657093178172125	5.911473921411489	1.4971174258562734
eclipse.jdt.core-421711	1.2599301927099795	1.0	1.6931471805599454	0.35873774764475586	0.4471813656199521	0.41990158109555126	0.8403640012786583	0.22327560910380664	0.4471813656199521	0.41990158109555126	0.8403640012786583	0.22327560910380664	0.41320071633818756	0.4393057507435188	0.8877860105745762	0.18100092411920643	0.2965408723350121	0.5606942492564813	0.8	0.1	0.8	0.0	0.1	0.4	0.3	10.0	0.1	2.065579688312691	1.7892604601805961	4.58971808142917	1.0312016604502507
eclipse.jdt.core-451660	1.4839001263634866	1.6931471805599454	2.09861228866811	0.42350347580435743	0.40587642107861177	0.29398695855560153	1.0	0.3054488303471613	0.40587642107861177	0.29398695855560153	1.0	0.3054488303471613	0.3928040750410279	0.42713427301217477	0.8927637052583001	0.1817854145061144	0.3581337910067875	0.5728657269878252	0.6	0.1	0.6	0.3	0.0	0.3	0.5	10.0	0.0	1.0693010549234518	1.1292041226105949	2.9604775416988898	0.7290822559019756
eclipse.jdt.core-29516	1.138629436111989	1.0	1.6931471805599454	0.30998484282887173	0.4827363672925049	0.5247581108442547	0.8403640012786583	0.21220272688103703	0.4827363672925049	0.5247581108442547	0.8403640012786583	0.21220272688103703	0.39826857628854356	0.4359494451721667	0.8877860105745762	0.17876590448351617	0.3945195892504268	0.5640505548278333	0.4444444444444444	0.1111111111111111	0.4444444444444444	0.1111111111111111	0.0	0.4444444444444444	0.1111111111111111	9.0	0.0	1.7785211523299136	1.6248102443924402	4.0396717445098975	1.09205702683834
eclipse.jdt.core-228691	1.963457252632055	2.09861228866811	2.09861228866811	0.2093812814894815	0.37131166130446946	0.34325549509484043	0.775922895311158	0.1886964754231128	0.37131166130446946	0.34325549509484043	0.775922895311158	0.1886964754231128	0.3988844913858741	0.43732749608580873	0.8877860105745762	0.17961152709667114	0.25391374915240805	0.5626725039141913	0.5	0.1	0.5	0.2	0.0	0.3	0.3	10.0	0.0	1.4040768992053179	1.3275973931079623	4.695078597086996	0.7424285735087589
eclipse.jdt.core-41554	1.4332169878499659	1.0	2.386294361119891	0.6350097250964445	0.32715829731159696	0.35027208409507427	0.5247581108442547	0.14965791520735183	0.32715829731159696	0.35027208409507427	0.5247581108442547	0.14965791520735183	0.3985372507293806	0.43375919441431887	0.8877860105745762	0.17746186512390677	0.3133420815989039	0.5662408055856811	0.7	0.1	0.7	0.1	0.0	0.6	0.2	10.0	0.2	1.2371080473144	0.9878500043048632	2.703209757137883	0.5357085744844114
eclipse.jdt.core-234074	1.0866433975699932	1.0	1.6931471805599454	0.2450645358671368	0.36216207265748546	0.31556202470547623	0.7238760269481784	0.1960745196011137	0.36216207265748546	0.31556202470547623	0.7238760269481784	0.1960745196011137	0.4109490969870656	0.4389588661647768	0.8877860105745762	0.17694510593556276	0.3617014463955719	0.5610411338352232	0.7	0.3	0.7	0.1	0.2	0.6	0.0	10.0	0.1	1.350271162718638	1.426797564054331	3.9588896652684826	0.8504005965761503
eclipse.jdt.core-170843	1.462098120373297	1.3465735902799727	2.386294361119891	0.5659523030068886	0.3935421260086513	0.30609645946245706	0.8734913905634314	0.271486969869542	0.3935421260086513	0.30609645946245706	0.8734913905634314	0.271486969869542	0.404863244865663	0.4422487553117608	0.8877860105745762	0.17765679768429363	0.3546693619275807	0.5577512446882392	0.6	0.3	0.6	0.0	0.0	0.5	0.1	10.0	0.1	1.4736750391886364	1.280392353638897	4.030102293493747	0.8088458077638732
eclipse.jdt.core-403036	1.8283022165960003	1.6931471805599454	2.09861228866811	0.2027325540540823	0.3240784962637335	0.3289745496013088	0.5304687852333948	0.15301285127061387	0.3240784962637335	0.3289745496013088	0.5304687852333948	0.15301285127061387	0.39305606847706326	0.4265580844832531	0.8927637052583001	0.1811210450503146	0.3339220495909264	0.573441915516747	0.7	0.1	0.7	0.2	0.0	0.7	0.2	10.0	0.1	1.1867248329385285	1.0322914363505447	2.2217987933639924	0.5793372459108466
eclipse.jdt.core-421469	3.445995287574171	3.5649493574615367	3.772588722239781	0.26067939176585336	0.1467214181503676	0.13499135393719358	0.260460736283712	0.06169304944081172	0.1467214181503676	0.13499135393719358	0.260460736283712	0.06169304944081172	0.41880323150349585	0.45251598924125963	0.8877860105745762	0.16741168487254976	0.28160638456425474	0.5474840107587404	0.7	0.1	0.7	0.2	0.0	0.7	0.1	10.0	0.0	0.7218523769170311	0.7105349166586336	1.4206863092091595	0.22504607899386492
eclipse.jdt.core-186457	2.5434465259754844	2.4978661367769956	3.0794415416798357	0.41401281040819315	0.43020964342542783	0.5091513333169316	0.8403640012786583	0.2882086296642611	0.43020964342542783	0.5091513333169316	0.8403640012786583	0.2882086296642611	0.40098617220572635	0.43789335828703446	0.8877860105745762	0.1787406565000851	0.2973821288162183	0.5621066417129655	0.4	0.1	0.4	0.0	0.0	0.2	0.2	10.0	0.0	1.8275969983749945	0.8332199675572521	6.604621101971435	1.6756835847160902
eclipse.jdt.core-451677	1.876249228671297	1.6931471805599454	2.386294361119891	0.29789152645751327	0.27212290745139706	0.265832257336457	0.4939795947732436	0.13056405396532225	0.27212290745139706	0.265832257336457	0.4939795947732436	0.13056405396532225	0.3931224792116841	0.42713427301217477	0.8927637052583001	0.18165281863799096	0.3691521465298221	0.5728657269878252	0.6	0.2	0.6	0.0	0.0	0.5	0.1	10.0	0.0	1.2121084847231203	1.2339777804251673	2.7948384848648713	0.4578795067652155
eclipse.jdt.core-438875	1.2761007388653334	1.0	2.09861228866811	0.43037344635664077	0.353353988058021	0.35433741288289067	0.7348511284126118	0.18080045874355727	0.353353988058021	0.35433741288289067	0.7348511284126118	0.18080045874355727	0.410522346663805	0.43491063622243886	0.8877860105745762	0.17638611713197805	0.38773468236158415	0.5650893637775611	0.8	0.2	0.8	0.1	0.1	0.5	0.3	10.0	0.0	1.463384692391165	1.3232255163451887	3.533665407179856	0.6677816129863523
eclipse.jdt.core-431963	1.2970630773828338	1.0	1.6931471805599454	0.37050275260909293	0.2692956778024223	0.22218838465435178	0.4897923195975573	0.14954438448039523	0.2692956778024223	0.22218838465435178	0.4897923195975573	0.14954438448039523	0.39564337834552177	0.4301292213766108	0.8927637052583001	0.1802388431133723	0.32830875738483717	0.5698707786233892	0.7	0.0	0.7	0.0	0.2	0.3	0.2	10.0	0.0	0.9611214174748007	0.9208890465033183	3.768999858846678	0.7368909621029789
eclipse.jdt.core-83297	1.6520497416382625	1.6931471805599454	2.09861228866811	0.32481583792715446	0.31231307508300254	0.304544215550513	0.5124412660602239	0.1215051621766267	0.31231307508300254	0.304544215550513	0.5124412660602239	0.1215051621766267	0.39301631687615346	0.42667433223632634	0.8927637052583001	0.18136246742381373	0.24729429979078157	0.5733256677636737	0.7	0.4	0.7	0.0	0.1	0.1	0.5	10.0	0.0	1.2041739903822695	1.2929557179038977	1.899270460367059	0.4351925368669192
eclipse.jdt.core-418919	1.4158883083359672	1.6931471805599454	1.6931471805599454	0.3796523464637884	0.2976815059509064	0.2693889083062363	0.4998106159728179	0.12145656120606925	0.2976815059509064	0.2693889083062363	0.4998106159728179	0.12145656120606925	0.41346614595473913	0.45148312355796205	0.8877860105745762	0.1753126392778005	0.28464124081503156	0.548516876442038	0.4	0.1	0.4	0.1	0.0	0.4	0.1	10.0	0.2	1.3032617275148133	1.1737970890915808	2.9629315306604567	0.5136998853639009
eclipse.jdt.core-92005	3.9781625042118836	4.133600274270681	5.127134385045092	1.2125420794653163	0.2843812304165832	0.22365022731713474	0.6550347857476941	0.21816325069101009	0.2843812304165832	0.22365022731713474	0.6550347857476941	0.21816325069101009	0.41270338737824674	0.4515075654731266	0.8877860105745762	0.17566767053778384	0.41018793587025065	0.5484924345268734	0.7	0.0	0.7	0.1	0.0	0.8	0.0	10.0	0.2	0.9255140424751302	0.7123060161901946	4.247968787707113	0.7180476113955514
eclipse.jdt.core-24934	1.2599301927099795	1.0	1.6931471805599454	0.35873774764475586	0.3888002414352356	0.37785375463699444	0.6248238040019658	0.11969280794662597	0.3888002414352356	0.37785375463699444	0.6248238040019658	0.11969280794662597	0.4126726280200157	0.4391323084541478	0.8877860105745762	0.1727117709677213	0.3109798673511906	0.5608676915458521	0.6	0.2	0.6	0.2	0.3	0.2	0.3	10.0	0.0	1.7657488472501461	1.7481193645613675	3.0280708328314176	0.4354120864678393
eclipse.jdt.core-385132	1.4986230058205345	1.3465735902799727	2.09861228866811	0.5493243487474814	0.4146369128662471	0.4293604435533425	0.6293400096733536	0.15612725964299415	0.4146369128662471	0.4293604435533425	0.6293400096733536	0.15612725964299415	0.4121102614055885	0.44191921875387563	0.8877860105745762	0.1713881256488942	0.35468149719241904	0.5580807812461244	0.7	0.1	0.7	0.2	0.1	0.5	0.2	10.0	0.1	1.5552332224798426	1.4210834729977158	4.223473686474287	0.8477731481303286
eclipse.jdt.core-417388	1.5296756383913244	1.3465735902799727	2.386294361119891	0.6206249010428196	0.32945049868426024	0.26679907027881095	0.649416624743956	0.17079640491707787	0.32945049868426024	0.26679907027881095	0.649416624743956	0.17079640491707787	0.4136162519842893	0.45145868164279745	0.8877860105745762	0.17483195946706834	0.36040071148146646	0.5485413183572025	0.6	0.1	0.6	0.0	0.0	0.3	0.3	10.0	0.0	1.3356816643727063	1.2519368774603674	2.5518704370481706	0.4665883780520993
eclipse.jdt.core-148328	1.2761007388653334	1.0	2.09861228866811	0.43037344635664077	0.2902755479610152	0.29306129715220963	0.5939338386662131	0.18810718037266255	0.2902755479610152	0.29306129715220963	0.5939338386662131	0.18810718037266255	0.4093212262011037	0.44784960090762277	0.8877860105745762	0.1766826768409167	0.3233133194495198	0.5521503990923773	0.6	0.1	0.6	0.4	0.1	0.5	0.3	10.0	0.2	0.7695678621789409	0.7114316406138279	2.178776963797499	0.6679211892951771
eclipse.jdt.core-396139	1.8152152126341798	1.6931471805599454	2.386294361119891	0.5514256050676608	0.38004597914993804	0.3264258028720148	0.7469835607605417	0.2512714627843581	0.38004597914993804	0.3264258028720148	0.7469835607605417	0.2512714627843581	0.4124191764533231	0.4515075654731266	0.8877860105745762	0.1746632147975106	0.25534775282412864	0.5484924345268734	0.8	0.4	0.8	0.1	0.0	0.8	0.1	10.0	0.1	0.9309675888272465	0.8729323876213838	3.871878288278853	0.9265130333182389
eclipse.jdt.core-483690	1.462098120373297	1.6931471805599454	1.6931471805599454	0.4001887112843146	0.33324201106700413	0.2838150011041862	0.6961059679383006	0.2124818207833162	0.33324201106700413	0.2838150011041862	0.6961059679383006	0.2124818207833162	0.39229185981159104	0.4267357894821411	0.8927637052583001	0.18238281678123897	0.3956766517969895	0.5732642105178589	0.3	0.2	0.3	0.0	0.0	0.2	0.1	10.0	0.5	1.351170516433964	1.1382753548984226	3.8114130925289174	0.8357274499411558
eclipse.jdt.core-430451	1.7732760779875618	2.09861228866811	2.09861228866811	0.4973573988992089	0.40022723285305445	0.39074726384766434	0.8146684455957106	0.2614713602916676	0.40022723285305445	0.39074726384766434	0.8146684455957106	0.2614713602916676	0.4121812738952776	0.4473439582316054	0.8877860105745762	0.1747100287961151	0.3535420409057598	0.5526560417683946	0.8	0.2	0.8	0.0	0.1	0.5	0.2	10.0	0.2	1.3200595771983117	1.1273210798949578	4.030102293493747	1.0653424792093749
eclipse.jdt.core-423280	3.319685223180564	3.418140953475739	4.258096538021482	0.9465162239802771	0.24885541836632766	0.175848424200035	0.9201819031845418	0.25126522743308416	0.24885541836632766	0.175848424200035	0.9201819031845418	0.25126522743308416	0.41479708485897965	0.45200866876483003	0.8877860105745762	0.1703008233451459	0.3476549124145264	0.54799133123517	0.7	0.2	0.7	0.2	0.0	0.7	0.1	10.0	0.4	0.8009888388877788	0.7095934258005988	2.522855321956194	0.6280825100803047
eclipse.jdt.core-401790	1.507149799051982	1.6931471805599454	2.09861228866811	0.40224460255816363	0.4346620175558124	0.4412967089202644	0.6248238040019658	0.14515295579310103	0.4346620175558124	0.4412967089202644	0.6248238040019658	0.14515295579310103	0.4153550461376717	0.45145868164279745	0.8877860105745762	0.16850192626408647	0.3533428321229424	0.5485413183572025	0.8	0.2	0.8	0.1	0.1	0.2	0.6	10.0	0.4	1.8625456791999366	1.912373432252896	2.8218755116254073	0.5501921630984364
eclipse.jdt.core-23162	1.4332169878499659	1.3465735902799727	2.386294361119891	0.5157180055768339	0.34119294406961787	0.34682158111209316	0.4954098959695512	0.09031486404407413	0.34119294406961787	0.34682158111209316	0.4954098959695512	0.09031486404407413	0.4183410365719465	0.4525128806488965	0.8877860105745762	0.16811303891548474	0.3065383947489805	0.5474871193511035	0.8	0.3	0.8	0.0	0.1	0.4	0.3	10.0	0.1	1.3416158340898579	1.3437328341377532	2.102131410289549	0.4217030447937968
eclipse.jdt.core-55930	1.462098120373297	1.6931471805599454	1.6931471805599454	0.4001887112843146	0.4665368151031413	0.446746846588586	0.8734913905634314	0.19973268884226983	0.4665368151031413	0.446746846588586	0.8734913905634314	0.19973268884226983	0.391874286445556	0.42650329397599457	0.8927637052583001	0.18179279696789505	0.36620524039045266	0.5734967060240055	0.3	0.3	0.3	0.1	0.0	0.1	0.2	10.0	0.1	2.291953073134672	2.1329823086078656	5.282865261989115	1.0181674600009465
eclipse.jdt.core-406396	1.5950642552587728	1.6931471805599454	2.386294361119891	0.4702258803796814	0.3513569618986652	0.33123702520128656	0.597371315574439	0.16765674016634166	0.3513569618986652	0.33123702520128656	0.597371315574439	0.16765674016634166	0.3921302375563272	0.42661287499051165	0.8927637052583001	0.18195167626517325	0.35310419248433494	0.5733871250094884	0.9	0.2	0.9	0.1	0.0	0.9	0.1	10.0	0.0	1.1422943239472578	1.3356325153714406	2.5343131175775753	0.8045133850260504
eclipse.jdt.core-17531	1.7678969153834523	1.6931471805599454	2.791759469228055	0.639992999498435	0.3823638586279632	0.46085727233552776	0.5752203920449158	0.16771040804026088	0.3823638586279632	0.46085727233552776	0.5752203920449158	0.16771040804026088	0.40406108223418846	0.4404847698663261	0.8877860105745762	0.1778933156489262	0.2861233738656177	0.5595152301336739	0.6	0.2	0.6	0.2	0.0	0.6	0.1	10.0	0.0	1.267672290009949	1.2925398850247782	2.4828775655612194	0.48475287384319743
eclipse.jdt.core-429949	1.519860385419959	1.3465735902799727	2.386294361119891	0.6636379003329689	0.32936877702030254	0.28589755601107364	0.775922895311158	0.1805280489333633	0.32936877702030254	0.28589755601107364	0.775922895311158	0.1805280489333633	0.39701283494012346	0.43234945479094666	0.8927637052583001	0.17955577151674001	0.3670079083683239	0.5676505452090533	0.4	0.1	0.4	0.0	0.0	0.3	0.1	10.0	0.2	1.7091118333651145	1.5643096192880694	4.0396717445098975	0.6682139322546716
eclipse.jdt.core-150655	1.577622650466621	1.6931471805599454	2.386294361119891	0.5217822418279304	0.34199204068438366	0.3305478711041676	0.660941190840643	0.215439806686496	0.34199204068438366	0.3305478711041676	0.660941190840643	0.215439806686496	0.408442439275706	0.44649544101916083	0.8877860105745762	0.176516383850403	0.3248377001900734	0.5535045589808392	0.5	0.2	0.5	0.1	0.2	0.2	0.2	10.0	0.1	1.2013236308825193	1.1449954393501458	2.6226057247232535	0.6205697721094131
eclipse.jdt.core-439431	4.228513692494477	4.312696184003978	4.555348061489413	0.3427563520510367	0.2522266903887931	0.13499135393719358	0.644059879183928	0.22592801920006914	0.2522266903887931	0.13499135393719358	0.644059879183928	0.22592801920006914	0.41664232153362374	0.4534168788989113	0.8877860105745762	0.17175646112046175	0.28859538142074653	0.5465831211010888	0.5	0.0	0.5	0.1	0.0	0.5	0.1	10.0	0.2	0.8506288205903862	0.7459739167543182	2.226508366618689	0.40911180324530005
eclipse.jdt.core-277382	2.4606238066863084	2.6094379124341005	2.9459101490553135	0.4688439837566493	0.22274628734266194	0.13499135393719358	0.5406650403071879	0.16238059353273598	0.22274628734266194	0.13499135393719358	0.5406650403071879	0.16238059353273598	0.4192107559056873	0.45366266160577673	0.8877860105745762	0.16768293111238533	0.3658385335079363	0.5463373383942233	0.9	0.3	0.9	0.2	0.0	1.0	0.0	10.0	0.0	0.8861914947770175	0.7405505831843273	2.7072042489326504	0.5022926205967959
eclipse.jdt.core-222080	1.2239699336535068	1.0	2.09861228866811	0.42863599696924565	0.39679892037142617	0.3357955392681558	0.8403640012786583	0.24443563448500302	0.39679892037142617	0.3357955392681558	0.8403640012786583	0.24443563448500302	0.4879494207924015	0.4844247400690127	0.7914084742563202	0.16001967058527758	0.26009783337458964	0.5155752599309873	0.8	0.2	0.8	0.0	0.1	0.6	0.1	10.0	0.0	0.8903193434435269	0.7620433355711698	4.36657453011496	1.1814614749853098
eclipse.jdt.core-442245	1.5950642552587728	1.6931471805599454	2.386294361119891	0.4702258803796814	0.3659492257731638	0.3085444557010306	0.7605464891889542	0.24024521064929952	0.3659492257731638	0.3085444557010306	0.7605464891889542	0.24024521064929952	0.4729997741468017	0.4853060977713834	0.7914084742563202	0.1703315175184261	0.33784913751977486	0.5146939022286166	1.0	0.4	1.0	0.0	0.0	0.4	0.6	10.0	0.0	1.3892521008852583	1.2406497652019612	3.660182122804994	0.7260264643877955
eclipse.jdt.core-417669	1.5296756383913244	1.6931471805599454	2.09861228866811	0.4393108947284702	0.19165036908926156	0.18186808173842378	0.362860197039513	0.08715508341679676	0.19165036908926156	0.18186808173842378	0.362860197039513	0.08715508341679676	0.4136162519842893	0.45145868164279745	0.8877860105745762	0.17483195946706834	0.2887691764785212	0.5485413183572025	0.6	0.0	0.6	0.0	0.1	0.4	0.1	10.0	0.0	0.7504110050350182	0.7534368607324226	1.5290118571255547	0.26712748017275656
eclipse.jdt.core-405125	1.1732867951399863	1.0	1.6931471805599454	0.3208647959315357	0.3616601723160806	0.32447590691470185	0.7046395619678506	0.20728247111315834	0.3616601723160806	0.32447590691470185	0.7046395619678506	0.20728247111315834	0.39266276243968723	0.42667433223632634	0.8927637052583001	0.18163806563961735	0.29086588547334535	0.5733256677636737	0.8	0.2	0.8	0.0	0.4	0.2	0.2	10.0	0.0	1.2778555550997535	1.2252220666174425	4.104210265647469	0.8976824725635734
eclipse.jdt.core-455042	1.138629436111989	1.0	1.6931471805599454	0.2922565125724551	0.48275810321475554	0.47562366860754535	0.7605464891889542	0.15634692267046665	0.48275810321475554	0.47562366860754535	0.7605464891889542	0.15634692267046665	0.44462757614991893	0.48026345986878943	0.7914084742563202	0.17225063475455968	0.3595127665192047	0.5197365401312106	0.8	0.2	0.8	0.2	0.2	0.7	0.1	10.0	0.0	1.7990765936929378	1.861740079433331	3.139787048022853	0.8349259061806651
eclipse.jdt.core-405889	1.1732867951399863	1.0	1.6931471805599454	0.3465735902799727	0.27818940762155053	0.26234350316753113	0.5124412660602239	0.12788874803161795	0.27818940762155053	0.26234350316753113	0.5124412660602239	0.12788874803161795	0.4106124165117185	0.4477794619089808	0.8877860105745762	0.1752165258961594	0.28076727914936583	0.5522205380910192	0.4	0.0	0.4	0.0	0.1	0.3	0.0	10.0	0.0	1.2207274712578355	1.140042513712323	2.275143920892108	0.5084744413177611
eclipse.jdt.core-424591	1.7454719949364002	1.6931471805599454	2.791759469228055	0.617358716385684	0.35141052259962213	0.3826700047793584	0.7046395619678506	0.2058126209123385	0.35141052259962213	0.3826700047793584	0.7046395619678506	0.2058126209123385	0.4403786292405186	0.46824095984675285	0.7914084742563202	0.17212018898597908	0.345711988329126	0.5317590401532472	0.9	0.1	0.9	0.2	0.0	0.9	0.1	10.0	0.0	1.3193722087567878	1.0854016997792713	2.8232764201854046	0.7183908850815661
eclipse.jdt.core-85384	1.577622650466621	1.6931471805599454	1.6931471805599454	0.2829761515034443	0.391126210987828	0.3503696725293088	0.649416624743956	0.19134473301649443	0.391126210987828	0.3503696725293088	0.649416624743956	0.19134473301649443	0.4450079416538292	0.47425220985777117	0.7914084742563202	0.16831756907853726	0.27705425647954346	0.5257477901422288	0.8571428571428571	0.42857142857142855	0.8571428571428571	0.0	0.0	0.14285714285714285	0.7142857142857143	7.0	0.0	1.4755681080629142	1.2252220666174425	3.5600986642480112	0.6705309328881248
eclipse.jdt.core-168331	1.3583518938456112	1.0	2.09861228866811	0.511204845345069	0.3615246311646042	0.21148982299614727	0.8403640012786583	0.25289305400517026	0.3615246311646042	0.21148982299614727	0.8403640012786583	0.25289305400517026	0.4060764483137395	0.4445326867642325	0.8877860105745762	0.17728117955758102	0.3422548594972336	0.5554673132357675	0.5	0.0	0.5	0.0	0.1	0.3	0.1	10.0	0.0	0.9593765370897687	0.9116348692577918	2.5571934595370855	0.5450754091838225
eclipse.jdt.core-393356	2.6627704534796415	2.700598690831078	3.995732273553991	0.9611022718056766	0.27770788455277895	0.1628123025037812	0.7046395619678506	0.2416481217840043	0.27770788455277895	0.1628123025037812	0.7046395619678506	0.2416481217840043	0.4183016853465	0.45296643407008547	0.8877860105745762	0.16759232813186667	0.363794177269662	0.5470335659299146	0.9	0.1	0.9	0.1	0.0	1.0	0.0	10.0	0.0	0.7427550135208569	0.6695728112748796	4.273286595691403	0.7740964057329978
eclipse.jdt.core-483467	3.0222121529759125	3.0794415416798357	4.295836866004329	1.1445012372279242	0.33991720622606164	0.20127184922234598	0.7046395619678506	0.27394320794145954	0.33991720622606164	0.20127184922234598	0.7046395619678506	0.27394320794145954	0.41295817789878103	0.4515075654731266	0.8877860105745762	0.17587285661649657	0.4544685183826832	0.5484924345268734	0.8	0.0	0.8	0.1	0.0	0.9	0.0	10.0	0.0	0.8307310607860057	0.6150020066626003	4.273286595691403	0.9106597521035944
eclipse.jdt.core-474762	3.056403591156343	3.0715673631957667	4.637586159726386	1.0273340487101157	0.23583195695081569	0.13038137669750205	0.7046395619678506	0.20204295538976802	0.23583195695081569	0.13038137669750205	0.7046395619678506	0.20204295538976802	0.4134588103588937	0.4525097720565334	0.8877860105745762	0.1762477277032741	0.35495351248231966	0.5474902279434666	0.9	0.2	0.9	0.1	0.0	0.9	0.1	10.0	0.2	0.6399562640545761	0.6617135731365782	1.7317438071053568	0.4964831523124338
eclipse.jdt.core-424075	1.0866433975699932	1.0	1.6931471805599454	0.2450645358671368	0.3983676092829522	0.3597687246209401	1.0	0.29413942175438085	0.3983676092829522	0.3597687246209401	1.0	0.29413942175438085	0.3987874637854223	0.43375919441431887	0.8927637052583001	0.17898475226512303	0.37921004403132663	0.5662408055856811	0.7	0.2	0.7	0.1	0.0	0.8	0.0	10.0	0.0	1.4083552882198926	1.0411189331842035	5.593020190292955	1.1828864019419454
eclipse.jdt.core-430987	1.5269827791591337	1.6931471805599454	2.6094379124341005	0.5898691223515672	0.39662336805131004	0.3059643902145478	1.0	0.302109743060054	0.39662336805131004	0.3059643902145478	1.0	0.302109743060054	0.39590034269249286	0.43066105474747474	0.8927637052583001	0.18028968930176043	0.30034019457951355	0.5693389452525253	0.7	0.2	0.7	0.0	0.0	0.7	0.0	10.0	0.0	1.0676274187598618	0.9559278860649134	4.289613488978832	0.8937285763428695
eclipse.jdt.core-252556	1.3531170922608828	1.0	2.09861228866811	0.4367612155037005	0.34960149597395046	0.32978524412136295	0.5542269942784451	0.1659238911486955	0.34960149597395046	0.32978524412136295	0.5542269942784451	0.1659238911486955	0.44238755712130495	0.47425220985777117	0.7914084742563202	0.162827930517675	0.45580209814210393	0.5257477901422288	0.9	0.2	0.9	0.1	0.3	0.3	0.3	10.0	0.2	1.2647790075073648	1.1259769204278678	3.5850376125952637	0.9423016136448491
eclipse.jdt.core-409236	1.2079441541679836	1.0	1.6931471805599454	0.33482189780177213	0.2962992983634678	0.23074535820756387	0.9201819031845418	0.24360391211368645	0.2962992983634678	0.23074535820756387	0.9201819031845418	0.24360391211368645	0.4450239980211041	0.4802908833497089	0.7914084742563202	0.17120928296741716	0.21776210322168044	0.5197091166502912	0.9	0.1	0.9	0.1	0.2	0.6	0.2	10.0	0.3	1.1232223848317493	1.018953749356197	2.275143920892108	0.5018621042076773
eclipse.jdt.core-181393	1.7167037876912221	1.6931471805599454	2.09861228866811	0.4490218126680613	0.39081418695358905	0.29608640007428805	0.8403640012786583	0.22389955142651866	0.39081418695358905	0.29608640007428805	0.8403640012786583	0.22389955142651866	0.4027140092319643	0.4391701550968782	0.8877860105745762	0.1783929016178691	0.36844171870994596	0.5608298449031218	0.5	0.1	0.5	0.0	0.0	0.2	0.3	10.0	0.2	1.234579754192739	1.1166539131526292	2.7951846853183895	0.6307538136076735
eclipse.jdt.core-409245	1.7832505379173154	1.6931471805599454	2.09861228866811	0.1787933068946871	0.3088263279544194	0.2548775527680046	0.7936736835661323	0.22758297071049163	0.3088263279544194	0.2548775527680046	0.7936736835661323	0.22758297071049163	0.4512884160614297	0.4802908833497089	0.8032423003746476	0.16641548643810483	0.3243117044320677	0.5197091166502912	0.8	0.2	0.8	0.1	0.0	0.3	0.6	10.0	0.0	1.2897771040296655	1.0497254080229508	5.282865261989115	0.8475291777812455
eclipse.jdt.core-380313	1.0990210257942779	1.0	1.6931471805599454	0.2619850088181714	0.3783277837803698	0.4086488107274386	0.6389413001069092	0.19824195104546846	0.3783277837803698	0.4086488107274386	0.6389413001069092	0.19824195104546846	0.450618509016384	0.46824095984675285	0.8032423003746476	0.162086218109615	0.27804946926885327	0.5317590401532472	0.7	0.1	0.7	0.0	0.2	0.5	0.0	10.0	0.1	1.2670696660008953	1.334304573052025	2.3033752945365467	0.5375323640926544
eclipse.jdt.core-413083	1.0	1.0	1.0	0.0	0.3958415060172884	0.3753423110352508	0.6737488170472423	0.1685122110415511	0.3958415060172884	0.3753423110352508	0.6737488170472423	0.1685122110415511	0.44774861225487167	0.46818068791905465	0.8032423003746476	0.16452920040871868	0.31199752616899784	0.5318193120809454	0.7	0.3	0.7	0.2	0.8	0.1	0.0	10.0	0.1	1.5396674128109906	1.5308316061192895	2.3604207842049565	0.45359325485296165
eclipse.jdt.core-399769	1.3531170922608828	1.0	2.386294361119891	0.5575604118369778	0.44614734031185765	0.3972347111909038	0.9201819031845418	0.2359974092261025	0.44614734031185765	0.3972347111909038	0.9201819031845418	0.2359974092261025	0.44279758887279475	0.46557805957628073	0.8032423003746476	0.16482550242314337	0.3164525630086148	0.5344219404237193	0.8	0.1	0.8	0.2	0.1	0.7	0.1	10.0	0.0	1.5061961147648246	1.4773643088963053	4.58971808142917	0.8990694245544772
eclipse.jdt.core-415911	1.4158883083359672	1.6931471805599454	1.6931471805599454	0.3796523464637884	0.2778119362915293	0.24443347869248908	0.47087517901004894	0.13115068176688044	0.2778119362915293	0.24443347869248908	0.47087517901004894	0.13115068176688044	0.4121444526235987	0.45102623705372913	0.8877860105745762	0.1753529098322432	0.24618722961104636	0.5489737629462709	0.5	0.0	0.5	0.0	0.1	0.4	0.0	10.0	0.2	1.1339587048072552	0.991858025702402	2.3546685889240973	0.43933364176788425
eclipse.jdt.core-420004	1.2310490601866484	1.0	1.6931471805599454	0.3465735902799727	0.34972148071864684	0.2981346622450362	0.688161395415943	0.1754938142766965	0.34972148071864684	0.2981346622450362	0.688161395415943	0.1754938142766965	0.4444042542586467	0.4656496581916828	0.8032423003746476	0.16456712190523726	0.3264491002685199	0.5343503418083172	0.8	0.4	0.8	0.1	0.2	0.4	0.3	10.0	0.2	1.1855979326435193	1.2348630849911137	2.37596420214174	0.5300576059666192
eclipse.jdt.core-421796	1.7381988592386304	1.6931471805599454	2.386294361119891	0.5084224530102974	0.18147566571077076	0.17413882308450296	0.2865535250374667	0.07620539154369987	0.18147566571077076	0.17413882308450296	0.2865535250374667	0.07620539154369987	0.3996651995415288	0.434461501793761	0.8927637052583001	0.17846430156706322	0.3905489499948246	0.565538498206239	0.9	0.1	0.9	0.0	0.2	0.7	0.0	10.0	0.1	0.7095735980881451	0.6557987642713472	2.361324790532458	0.6694142302257998
eclipse.jdt.core-467618	1.4158883083359672	1.0	2.386294361119891	0.5845130251449102	0.41551804811477683	0.47636195023656963	0.5616582431934425	0.13505729825696303	0.41551804811477683	0.47636195023656963	0.5616582431934425	0.13505729825696303	0.44391900475656637	0.4656496581916828	0.8032423003746476	0.1621772399114919	0.4666916921547808	0.5343503418083172	0.7	0.2	0.7	0.3	0.2	0.6	0.2	10.0	0.1	1.5466662591565163	1.420032500751741	3.3957956129567353	0.7335213727979456
eclipse.jdt.core-217002	1.6688758895891744	1.6931471805599454	2.09861228866811	0.49159404331863515	0.3965795711737177	0.3614320431515542	0.7138565612886493	0.14913889037034328	0.3965795711737177	0.3614320431515542	0.7138565612886493	0.14913889037034328	0.3988148766265892	0.43732749608580873	0.8877860105745762	0.1801542666036755	0.37596012076467705	0.5626725039141913	0.5	0.1	0.5	0.2	0.0	0.6	0.1	10.0	0.3	1.4907215877296567	1.4508297105057657	3.673427349555015	0.8863087291323392
eclipse.jdt.core-431275	4.62088271626804	4.663561646129646	4.7841896339182615	0.2091363760120747	0.249118214957202	0.12774153922718548	0.6961059679383006	0.2103011850659607	0.249118214957202	0.12774153922718548	0.6961059679383006	0.2103011850659607	0.4191603131010147	0.45296643407008547	0.8877860105745762	0.16725988421110022	0.39482340242097275	0.5470335659299146	0.5	0.1	0.5	0.2	0.0	0.6	0.0	10.0	0.1	0.9770283899399907	0.7399040953872423	3.9927147614221266	0.7345952805475819
eclipse.jdt.core-426678	1.2772588722239782	1.0	1.6931471805599454	0.35793966490390583	0.35001324397993083	0.27444851410249893	0.6961059679383006	0.21580315512890252	0.35001324397993083	0.27444851410249893	0.6961059679383006	0.21580315512890252	0.44067769351662706	0.4635661837942666	0.8032423003746476	0.1603559392849509	0.34339908696469207	0.5364338162057334	0.9	0.1	0.9	0.1	0.1	0.7	0.2	10.0	0.1	1.1665508986742172	1.1279924018190208	3.4349355212940056	0.88578288748461
eclipse.jdt.core-485302	1.0	1.0	1.0	0.0	0.306885751686818	0.24741160236847812	0.5472464443845282	0.14015123852582884	0.306885751686818	0.24741160236847812	0.5472464443845282	0.14015123852582884	0.4408706669433609	0.4635661837942666	0.8032423003746476	0.1593607009552682	0.2757904690424537	0.5364338162057334	0.4	0.0	0.4	0.0	0.4	0.0	0.0	5.0	0.0	1.4060974853833041	1.3645254046731858	2.2067057393225094	0.38500067615172623
eclipse.jdt.core-88757	1.8283022165960001	1.6931471805599454	2.791759469228055	0.7361818709817882	0.3561865231012624	0.356660855195707	0.620478069795349	0.15017601398975927	0.3561865231012624	0.356660855195707	0.620478069795349	0.15017601398975927	0.3928497000426106	0.4267357894821411	0.8927637052583001	0.1817213114606699	0.33043507582076836	0.5732642105178589	0.9	0.4	0.9	0.0	0.0	0.6	0.3	10.0	0.1	1.513204765990026	1.3787393797891792	2.792093492748717	0.46764709418586026
eclipse.jdt.core-29621	1.7921682063542232	1.6931471805599454	2.386294361119891	0.6236490632753796	0.3859515340318991	0.35848157510788525	0.8146684455957106	0.2009548756040004	0.3859515340318991	0.35848157510788525	0.8146684455957106	0.2009548756040004	0.4328304205969605	0.4595423120951853	0.8032423003746476	0.16628933675884622	0.40321793690438945	0.5404576879048146	0.7	0.1	0.7	0.0	0.0	0.7	0.0	10.0	0.1	1.5197234099840509	1.599570819502613	3.4110630850875236	0.887542260011686
eclipse.jdt.core-162740	1.4158883083359672	1.6931471805599454	1.6931471805599454	0.35793966490390583	0.4071733785209172	0.33871233034951564	0.8734913905634314	0.3287395166600089	0.4071733785209172	0.33871233034951564	0.8734913905634314	0.3287395166600089	0.42742094625610394	0.4581349560532708	0.8877860105745762	0.17579751079952	0.34973672937149597	0.5418650439467292	0.9	0.1	0.9	0.2	0.1	0.9	0.0	10.0	0.0	0.7100433029994349	0.7013177832320607	2.4321587604853816	0.6323215623448081
eclipse.jdt.core-460465	1.9134398205569987	1.6931471805599454	2.6094379124341005	0.377575840273292	0.32170422483354916	0.31634585253664793	0.7046395619678506	0.17803294033704828	0.32170422483354916	0.31634585253664793	0.7046395619678506	0.17803294033704828	0.39250399483800613	0.4269350312471579	0.8927637052583001	0.1821418430973351	0.2754870942999108	0.5730649687528421	0.5	0.1	0.5	0.1	0.0	0.1	0.5	10.0	0.0	0.9805265153801962	0.988299564256807	2.1407676378305154	0.6715810325273874
eclipse.jdt.core-476859	1.4852030263919618	1.6931471805599454	1.6931471805599454	0.33482189780177213	0.3955268695727453	0.2998825905010345	0.9201819031845418	0.2592761694704811	0.3955268695727453	0.2998825905010345	0.9201819031845418	0.2592761694704811	0.4273346170446042	0.4576197938914619	0.8877860105745762	0.17776597114526815	0.2621659957716771	0.5423802061085381	0.9	0.0	0.9	0.1	0.1	0.6	0.3	10.0	0.1	1.2720060210898896	1.133401400545935	4.302036008977389	0.8126042182009031
eclipse.jdt.core-15036	3.2601894708650865	3.4849066497880004	3.4849066497880004	0.2696000145520567	0.23244361228121763	0.2692610937335992	0.40141019167237263	0.12327944177641942	0.23244361228121763	0.2692610937335992	0.40141019167237263	0.12327944177641942	0.4139875518902719	0.45251598924125963	0.8877860105745762	0.1751425191660288	0.4133996390456784	0.5474840107587404	0.8	0.0	0.8	0.1	0.0	0.7	0.2	10.0	0.0	1.074932051449925	0.7798139733832571	2.5781375677691347	0.5716994927127798
eclipse.jdt.core-464570	3.2048306898673524	3.7647145437557112	4.401197381662156	1.1014233542406178	0.20996765822091767	0.14699703188076563	0.5752203920449158	0.16589521215445094	0.20996765822091767	0.14699703188076563	0.5752203920449158	0.16589521215445094	0.41376353717890246	0.4525097720565334	0.8877860105745762	0.17458361717766743	0.4264163992401372	0.5474902279434666	0.9	0.0	0.9	0.1	0.0	0.9	0.1	10.0	0.1	0.8164719739509617	0.7863704171337746	2.868784664769727	0.383280950679446
eclipse.jdt.core-401848	1.0990210257942779	1.0	1.6931471805599454	0.2619850088181714	0.3585128458086569	0.3573095640116501	0.649416624743956	0.16585729243596972	0.3585128458086569	0.3573095640116501	0.649416624743956	0.16585729243596972	0.4270983399602141	0.4576197938914619	0.8877860105745762	0.1761525145162874	0.2512743313772366	0.5423802061085381	0.6	0.3	0.6	0.1	0.2	0.4	0.1	10.0	0.1	0.8001346874864412	0.8390369505277215	2.6110181095508658	0.6135213123704938
eclipse.jdt.core-488888	3.713994402257094	4.277678445905332	5.0943445622221	1.7439773689438927	0.2658944235079962	0.1808624469858037	0.6550347857476941	0.20968404902167154	0.2658944235079962	0.1808624469858037	0.6550347857476941	0.20968404902167154	0.4128454702648292	0.45200866876483003	0.8877860105745762	0.1758943726923211	0.3924086054038959	0.54799133123517	0.7	0.1	0.7	0.1	0.0	0.8	0.0	10.0	0.1	0.840515960639438	0.7040348834438506	3.5680668338971886	0.7643288358347449
eclipse.jdt.core-434630	1.4158883083359672	1.6931471805599454	1.6931471805599454	0.35793966490390583	0.3663434836953137	0.36204392850825184	0.7348511284126118	0.2008256373337366	0.3663434836953137	0.36204392850825184	0.7348511284126118	0.2008256373337366	0.4252502850868586	0.4561878550374021	0.8877860105745762	0.17538412236463957	0.22515755178136837	0.5438121449625979	1.0	0.2	1.0	0.0	0.2	0.6	0.2	10.0	0.2	1.1748398232350863	1.0707218798054163	3.0492730404820207	0.8098751634316229
eclipse.jdt.core-79809	1.6212266624470002	1.6931471805599454	2.09861228866811	0.42229465816750317	0.33363314309231584	0.27920532022876765	0.6737488170472423	0.16544713817281054	0.33363314309231584	0.27920532022876765	0.6737488170472423	0.16544713817281054	0.3921985374379863	0.4265580844832531	0.8927637052583001	0.18152531215290565	0.26838026151108035	0.573441915516747	0.6	0.1	0.6	0.2	0.1	0.5	0.2	10.0	0.1	1.44843912084897	1.3051104178593558	3.155443731992313	0.5678471724798582
eclipse.jdt.core-176320	1.4852030263919618	1.6931471805599454	2.386294361119891	0.4678386898000713	0.5356231607574544	0.5452884481176161	0.8403640012786583	0.23885096774868708	0.5356231607574544	0.5452884481176161	0.8403640012786583	0.23885096774868708	0.4174488908048425	0.45251598924125963	0.8877860105745762	0.1792435689331756	0.3517293508189077	0.5474840107587404	1.0	0.3	1.0	0.1	0.0	0.6	0.4	10.0	0.0	1.219748123778931	0.7547439358605934	4.449956139054011	1.336134598431052
eclipse.jdt.core-124099	1.5705435239334795	1.6931471805599454	2.09861228866811	0.37891852286363736	0.39860803148265933	0.4116860650408526	0.7605464891889542	0.20574909915515344	0.39860803148265933	0.4116860650408526	0.7605464891889542	0.20574909915515344	0.4112133228285525	0.44960935624888954	0.8877860105745762	0.1751892842321773	0.49587490985657545	0.5503906437511105	0.8	0.1	0.8	0.0	0.1	0.5	0.2	10.0	0.1	1.4109591058405972	1.5257665688980349	3.930472452544906	1.153951932458563
eclipse.jdt.core-126914	1.5950642552587728	1.6931471805599454	2.386294361119891	0.4702258803796814	0.2945340590270272	0.21051858875672294	0.8403640012786583	0.23211617672630827	0.2945340590270272	0.21051858875672294	0.8403640012786583	0.23211617672630827	0.4103102790468314	0.44960935624888954	0.8877860105745762	0.17661746801018532	0.3366526687121959	0.5503906437511105	0.8	0.2	0.8	0.2	0.1	0.6	0.3	10.0	0.2	0.9875762725163238	1.0197956384050437	3.085640684652896	0.7467035585848021
eclipse.jdt.core-435397	2.2688337578577356	2.09861228866811	3.0794415416798357	0.5179910113650904	0.5243109270748909	0.5344395977271598	1.0	0.33305902057944253	0.5243109270748909	0.5344395977271598	1.0	0.33305902057944253	0.39353805272830816	0.42783779722980914	0.8927637052583001	0.18117810705765258	0.2994376440831558	0.5721622027701909	0.6	0.1	0.6	0.1	0.0	0.6	0.1	10.0	0.0	2.2915095233933003	1.4110857147619345	8.68406264365127	2.0154360505317466
eclipse.jdt.core-373953	1.7877863150862325	1.6931471805599454	2.6094379124341005	0.67867355261458	0.29230144106527944	0.21177381960781946	0.6248238040019658	0.21671859289068368	0.29230144106527944	0.21177381960781946	0.6248238040019658	0.21671859289068368	0.41452721544717785	0.45145868164279745	0.8877860105745762	0.18145449784105383	0.30367073493559316	0.5485413183572025	0.8	0.3	0.8	0.2	0.1	0.2	0.6	10.0	0.0	0.8758788513605434	0.7095934258005988	2.64095486339145	0.5196403847457296
eclipse.jdt.core-426434	1.5972531564093517	1.549306144334055	2.386294361119891	0.6626374544579214	0.35921119445984473	0.28358972197621496	0.7936736835661323	0.2424146839294167	0.35921119445984473	0.28358972197621496	0.7936736835661323	0.2424146839294167	0.4131673187737209	0.45102623705372913	0.8877860105745762	0.175032881195441	0.39238977748516657	0.5489737629462709	0.5	0.1	0.5	0.1	0.1	0.4	0.1	10.0	0.3	1.199169891013979	1.0274101690046962	2.868440687239534	0.6769654010548306
eclipse.jdt.core-429763	1.0990210257942779	1.0	1.6931471805599454	0.2619850088181714	0.25265534909818876	0.2658122247933626	0.4884297358106707	0.13600156021893328	0.25265534909818876	0.2658122247933626	0.4884297358106707	0.13600156021893328	0.3971805616409472	0.43234945479094666	0.8927637052583001	0.1796434987848492	0.3221996015400038	0.5676505452090533	0.6	0.1	0.6	0.1	0.3	0.4	0.0	10.0	0.2	0.8794739156409117	0.7381305022473015	2.387131560951565	0.6909220527714576
eclipse.jdt.core-399567	2.038914056081435	2.09861228866811	2.6094379124341005	0.5435789622805742	0.31535813539370977	0.2110042058764351	0.9201819031845418	0.2544012793250989	0.31535813539370977	0.2110042058764351	0.9201819031845418	0.2544012793250989	0.4103918103966813	0.45102623705372913	0.8877860105745762	0.17532195244996607	0.36769527749286846	0.5489737629462709	0.7	0.2	0.7	0.0	0.0	0.5	0.2	10.0	0.1	1.0260949478574768	0.9033227995764126	4.494407901624845	0.9459358823592162
eclipse.jdt.core-180169	1.2310490601866484	1.0	1.6931471805599454	0.3465735902799727	0.4210230818020133	0.3718558024757658	0.8734913905634314	0.20484759801080585	0.4210230818020133	0.3718558024757658	0.8734913905634314	0.20484759801080585	0.41255080509119907	0.4393057507435188	0.8877860105745762	0.1810061493234256	0.3547599149705079	0.5606942492564813	0.9	0.2	0.9	0.0	0.1	0.5	0.3	10.0	0.0	1.7692454261918444	1.51747875503395	5.388225777646941	0.9382959210386783
eclipse.jdt.core-65738	1.6292178311262164	1.6931471805599454	2.386294361119891	0.5260505332175749	0.4463578317548946	0.46085727233552776	0.6737488170472423	0.13995768847757695	0.4463578317548946	0.46085727233552776	0.6737488170472423	0.13995768847757695	0.41374549923920045	0.45145868164279745	0.8877860105745762	0.17871192842121544	0.3468068234618349	0.5485413183572025	0.7	0.5	0.7	0.3	0.1	0.7	0.1	10.0	0.0	1.8291642536664718	1.79208837523162	3.5200933296343124	0.5889205963650591
eclipse.jdt.core-403147	1.3960841031771116	1.6931471805599454	1.6931471805599454	0.37050275260909293	0.386944973421573	0.4063801660818118	0.6248238040019658	0.16083585711107581	0.386944973421573	0.4063801660818118	0.6248238040019658	0.16083585711107581	0.41525994479422706	0.45198422684966544	0.8877860105745762	0.17655526274159505	0.37838835430294726	0.5480157731503346	0.6	0.3	0.6	0.2	0.1	0.3	0.3	10.0	0.0	1.9078884596686736	1.5805350101510556	4.637508745265518	1.009497021996444
eclipse.jdt.core-176591	1.6212266624470002	1.6931471805599454	2.09861228866811	0.45613036298439547	0.33232704237004934	0.2617754271140775	0.649416624743956	0.21382599413880196	0.33232704237004934	0.2617754271140775	0.649416624743956	0.21382599413880196	0.4030709993368633	0.4391701550968782	0.8877860105745762	0.17829092080774217	0.3806743311916113	0.5608298449031218	0.3	0.0	0.3	0.1	0.1	0.1	0.2	10.0	0.1	1.2659772993068943	0.980813514753036	3.6313261735363795	0.7846212725157586
eclipse.jdt.core-456395	1.1732867951399863	1.0	1.6931471805599454	0.3465735902799727	0.25136710163644677	0.21528111449530601	0.5324370733810675	0.15116647138763842	0.25136710163644677	0.21528111449530601	0.5324370733810675	0.15116647138763842	0.39281374403116553	0.4260469414689363	0.8927637052583001	0.18069273550537068	0.33895652601070425	0.5739530585310637	0.4	0.3	0.4	0.0	0.1	0.2	0.1	10.0	0.0	0.8448188075484228	0.8383641133268223	2.0022789852782443	0.4413666985675086
eclipse.jdt.core-427218	1.0770163533955495	1.0	1.6931471805599454	0.23104906018664842	0.32190366859647934	0.27444851410249893	0.775922895311158	0.21004464884474758	0.32190366859647934	0.27444851410249893	0.775922895311158	0.21004464884474758	0.4146727297090853	0.4453822161931581	0.8877860105745762	0.1756040315607288	0.3260189139157019	0.5546177838068419	0.8	0.1	0.8	0.1	0.2	0.7	0.0	10.0	0.1	1.3077110519720654	1.2367797549997697	3.1828044331065435	0.6961739475296381
eclipse.jdt.core-412882	3.1640604332107305	3.7058230259275198	3.833213344056216	1.0048878609323804	0.20707883456469806	0.12774153922718548	0.556651172163195	0.15621408025982178	0.20707883456469806	0.12774153922718548	0.556651172163195	0.15621408025982178	0.41140447300133354	0.45102623705372913	0.8877860105745762	0.1752847456999765	0.4261726111168696	0.5489737629462709	0.7	0.2	0.7	0.3	0.0	0.6	0.2	10.0	0.2	0.8795803259499688	0.745973916754318	2.4024970771041976	0.41014828098876854
eclipse.jdt.core-391376	1.6915723448631315	1.6931471805599454	2.9459101490553135	0.6912516209774803	0.4561888592810892	0.46300934625634566	0.9201819031845418	0.2640855835169628	0.4561888592810892	0.46300934625634566	0.9201819031845418	0.2640855835169628	0.41008265668728977	0.43491063622243886	0.8877860105745762	0.17821019749811767	0.3099716108133798	0.5650893637775611	0.7	0.2	0.7	0.3	0.0	0.6	0.4	10.0	0.2	1.452857338802462	1.4422464509529358	3.469126886042285	0.9747488946703016
eclipse.jdt.core-427216	1.9825231321840209	2.09861228866811	2.386294361119891	0.4518310882715469	0.25757054827362363	0.19705692100904912	1.0	0.26974074953674637	0.25757054827362363	0.19705692100904912	1.0	0.26974074953674637	0.41643662086494954	0.45296643407008547	0.8877860105745762	0.17196580237938938	0.3514948048120532	0.5470335659299146	0.7	0.0	0.7	0.1	0.0	0.7	0.1	10.0	0.1	0.7030852192079244	0.6557987642713472	2.35078301551158	0.6373194203051704
eclipse.jdt.core-412639	3.5020121010180034	3.418140953475739	4.761200115693562	0.8563671357420619	0.2596295498206525	0.175848424200035	0.572377147323306	0.19236873721161252	0.2596295498206525	0.175848424200035	0.572377147323306	0.19236873721161252	0.41752937373213733	0.45251598924125963	0.8877860105745762	0.16760371136331845	0.42544384191969803	0.5474840107587404	0.7	0.1	0.7	0.1	0.0	0.7	0.1	10.0	0.1	0.8682095838982451	0.6923528253152206	4.479370024260304	0.9878984017512681
eclipse.jdt.core-478427	2.6939094101772314	2.9459101490553135	3.1972245773362196	0.7696394691609729	0.24747260392468948	0.14699703188076563	0.8734913905634314	0.24287410273745524	0.24747260392468948	0.14699703188076563	0.8734913905634314	0.24287410273745524	0.4115080656004168	0.44649544101916083	0.8877860105745762	0.1750549015354365	0.34210871285409084	0.5535045589808392	0.6	0.1	0.6	0.2	0.0	0.2	0.5	10.0	0.0	0.9117853684509938	0.7299064705259718	3.2591126261698675	0.5624798145974517
eclipse.jdt.core-432603	1.706234184521766	1.6931471805599454	2.386294361119891	0.47018899424681687	0.3166967049466361	0.2841331666425551	0.688161395415943	0.19397614399459984	0.3166967049466361	0.2841331666425551	0.688161395415943	0.19397614399459984	0.39564337834552177	0.4301292213766108	0.8927637052583001	0.1802388431133723	0.3503119004728583	0.5698707786233892	0.9	0.2	0.9	0.0	0.2	0.5	0.2	10.0	0.0	1.2968998412642032	0.8895690350570026	3.7534700572285513	0.8261562416456046
eclipse.jdt.core-422107	2.0289643506503228	1.6931471805599454	2.791759469228055	0.5234307281323861	0.4003729127975633	0.4082370563836696	0.7046395619678506	0.1708252822158998	0.4003729127975633	0.4082370563836696	0.7046395619678506	0.1708252822158998	0.39239359964580334	0.42661287499051165	0.8927637052583001	0.18156772918247094	0.29346984049150104	0.5733871250094884	0.5	0.2	0.5	0.1	0.0	0.1	0.5	10.0	0.0	1.6680142307270105	1.4667240282642517	3.266481856276416	0.6209607776036085
eclipse.jdt.core-413913	1.0	1.0	1.0	0.0	0.4719947392053767	0.5696024259319487	0.649416624743956	0.24150264138982971	0.4719947392053767	0.5696024259319487	0.649416624743956	0.24150264138982971	0.410522346663805	0.43491063622243886	0.8877860105745762	0.17638611713197805	0.2905126033949528	0.5650893637775611	0.3333333333333333	0.0	0.3333333333333333	0.0	0.3333333333333333	0.0	0.0	3.0	0.0	0.867937645456404	1.1064733138411	1.4973396225281117	0.7766472398180253
eclipse.jdt.core-369381	1.0	1.0	1.0	0.0	0.3852763167215551	0.41957478207392973	0.5364775702657973	0.14163038154015448	0.3852763167215551	0.41957478207392973	0.5364775702657973	0.14163038154015448	0.4114921697936085	0.4389588661647768	0.8877860105745762	0.17443879783475819	0.37346972372852116	0.5610411338352232	0.5	0.125	0.5	0.25	0.75	0.0	0.0	8.0	0.0	1.635806359620001	1.658975441544988	2.591622179203286	0.5255614797105332
eclipse.jdt.core-165346	1.2310490601866484	1.0	1.6931471805599454	0.4001887112843146	0.3625688366736342	0.3755327719308338	0.6737488170472423	0.18501902015248822	0.3625688366736342	0.3755327719308338	0.6737488170472423	0.18501902015248822	0.40774427716662903	0.44649544101916083	0.8877860105745762	0.1765679050183014	0.445711232193655	0.5535045589808392	0.2	0.0	0.2	0.1	0.2	0.1	0.0	10.0	0.0	1.817166430874815	1.8077590894340845	3.7714077579152185	0.9469570023141748
eclipse.jdt.core-327143	1.9757305042358049	1.8958797346140277	2.6094379124341005	0.33577675002550555	0.4356002399387832	0.3854523251795964	0.6737488170472423	0.13748275012811767	0.4356002399387832	0.3854523251795964	0.6737488170472423	0.13748275012811767	0.3983670670167927	0.43491063622243886	0.8877860105745762	0.17827504292969695	0.2958228472745123	0.5650893637775611	1.0	0.5	1.0	0.0	0.0	0.6	0.4	10.0	0.1	1.9080394913735794	1.688514547052031	4.429463618663894	0.7428098485476253
eclipse.jdt.core-396258	1.9128696382935675	1.6931471805599454	2.386294361119891	0.3175945432658009	0.28869480700683253	0.2145190456699875	0.8403640012786583	0.22814992626779196	0.28869480700683253	0.2145190456699875	0.8403640012786583	0.22814992626779196	0.4112910047349263	0.45145868164279745	0.8877860105745762	0.17490116231950242	0.3360688601747552	0.5485413183572025	0.5	0.0	0.5	0.0	0.0	0.2	0.3	10.0	0.4	0.9768528058271129	0.8962113406884183	2.70264843239679	0.6922505131111839
eclipse.jdt.core-126180	1.3549866642554287	1.0	2.09861228866811	0.46291580696972867	0.2328726884961757	0.15378157483432062	0.6009145834439743	0.159166251068779	0.2328726884961757	0.15378157483432062	0.6009145834439743	0.159166251068779	0.4117928796558472	0.45102623705372913	0.8877860105745762	0.1752905928433359	0.38480107920784545	0.5489737629462709	0.7	0.1	0.7	0.0	0.0	0.5	0.2	10.0	0.0	0.7141714759153324	0.7652433383018404	2.5415290832534385	0.5452025380978194
eclipse.jdt.core-472815	1.0990210257942779	1.0	1.6931471805599454	0.26198500881817144	0.45455642619370934	0.3738685169128295	0.8403640012786583	0.22456631833309848	0.45455642619370934	0.3738685169128295	0.8403640012786583	0.22456631833309848	0.4113760529345975	0.4389588661647768	0.8877860105745762	0.17314817984626232	0.47934369803203636	0.5610411338352232	0.6	0.1	0.6	0.1	0.4	0.2	0.1	10.0	0.1	1.5469732999006662	1.4936106715685669	3.138885199171708	0.8062714902564609
eclipse.jdt.core-412650	1.0	1.0	1.0	0.0	0.3585659576370066	0.3663998685192955	0.6737488170472423	0.18315062040862928	0.3585659576370066	0.3663998685192955	0.6737488170472423	0.18315062040862928	0.4134611917857832	0.4445326867642325	0.8877860105745762	0.17104983104509686	0.2727493627412876	0.5554673132357675	0.6	0.2	0.6	0.1	0.1	0.6	0.0	10.0	0.2	1.1068532877900303	1.1731943068131692	2.289803216991003	0.633017446916025
eclipse.jdt.core-357110	2.1477426121818106	2.09861228866811	2.791759469228055	0.3874623355136707	0.33997431372364145	0.3164694784931455	0.5668930027862104	0.13728397806105297	0.33997431372364145	0.3164694784931455	0.5668930027862104	0.13728397806105297	0.41428510191104945	0.4477794619089808	0.8877860105745762	0.17051396175429576	0.3548030015060245	0.5522205380910192	0.8	0.1	0.8	0.0	0.0	0.7	0.1	10.0	0.1	1.38524583580678	1.3134523880272433	2.9942209781082125	0.4783648337449229
eclipse.jdt.core-479474	1.7454719949364002	1.6931471805599454	2.09861228866811	0.3242564166421372	0.378313150279642	0.3836026747625222	0.4870830913208215	0.09519938280847873	0.378313150279642	0.3836026747625222	0.4870830913208215	0.09519938280847873	0.41622025192993695	0.45145868164279745	0.8877860105745762	0.1690168200416289	0.2709078157626675	0.5485413183572025	0.9	0.3	0.9	0.1	0.0	0.5	0.5	10.0	0.1	1.302473273555168	1.3123846869894005	2.516707430079624	0.5496629698132534
eclipse.jdt.core-90612	1.0	1.0	1.0	0.0	0.4316414581904799	0.401414968368704	0.8403640012786583	0.23822109958849544	0.4316414581904799	0.401414968368704	0.8403640012786583	0.23822109958849544	0.4141305779652011	0.4445326867642325	0.8877860105745762	0.16945371428481784	0.24124678583245052	0.5554673132357675	0.8	0.3	0.8	0.1	0.1	0.8	0.0	10.0	0.1	1.2797984251454981	1.2252220666174425	3.347005448787303	0.8110155663696109
eclipse.jdt.core-423409	1.8583666605577354	1.6931471805599454	2.6094379124341005	0.4995021627984239	0.3238694634576028	0.3117503937000413	0.4939795947732436	0.11954196736166109	0.3238694634576028	0.3117503937000413	0.4939795947732436	0.11954196736166109	0.4154907473668756	0.45102623705372913	0.8877860105745762	0.1681965643805743	0.35390180336741456	0.5489737629462709	0.6	0.0	0.6	0.2	0.1	0.4	0.3	10.0	0.1	1.0947081652852053	1.1946332725138658	2.3715602944264846	0.7319852464461379
eclipse.jdt.core-193784	1.9372832447084143	1.6931471805599454	2.386294361119891	0.30685667975082165	0.5064948831183819	0.4323473951556053	0.8734913905634314	0.273880448014238	0.5064948831183819	0.4323473951556053	0.8734913905634314	0.273880448014238	0.39889564104609715	0.4371578751038516	0.8877860105745762	0.18038550834199096	0.4008327897201008	0.5628421248961484	0.8	0.0	0.8	0.2	0.0	0.9	0.0	10.0	0.1	0.9449186429059209	0.7763249578740394	3.0440346838204317	0.9313286059209384
eclipse.jdt.core-441338	2.039720770839918	2.039720770839918	2.386294361119891	0.49012907173427367	0.33392104905709835	0.2545518649792382	0.9201819031845418	0.2598223980800838	0.33392104905709835	0.2545518649792382	0.9201819031845418	0.2598223980800838	0.3934594250937545	0.42837171413935593	0.8927637052583001	0.18138869630780527	0.31852624082935116	0.5716282858606441	0.2	0.0	0.2	0.0	0.0	0.1	0.1	10.0	0.2	1.1781420715908821	0.9883564616466585	3.768999858846678	1.024837127824385
eclipse.jdt.core-471034	2.544999340975304	2.6479184330021646	3.70805020110221	1.0407775342775019	0.22247464608809905	0.12902952063104198	0.6083460272444652	0.17987772426357385	0.22247464608809905	0.12902952063104198	0.6083460272444652	0.17987772426357385	0.4134588103588937	0.4525097720565334	0.8877860105745762	0.1762477277032741	0.3123354660317448	0.5474902279434666	0.7	0.1	0.7	0.1	0.0	0.6	0.2	10.0	0.1	0.7586306071952305	0.7278787585720153	1.5971157008841066	0.26114215027842264
eclipse.jdt.core-341499	1.7607246985779728	1.6931471805599454	2.09861228866811	0.1655304372279036	0.4337656894249832	0.4116860650408526	0.688161395415943	0.14561565741873445	0.4337656894249832	0.4116860650408526	0.688161395415943	0.14561565741873445	0.3985419930001508	0.43401236736508303	0.8877860105745762	0.1776213460508756	0.5113332184644757	0.5659876326349169	0.5	0.1	0.5	0.1	0.0	0.2	0.4	10.0	0.4	1.9019864000518452	1.9352696014936137	4.119714452183434	0.8839820781936171
eclipse.jdt.core-403705	1.1732867951399863	1.0	1.6931471805599454	0.3465735902799727	0.43775454537029057	0.48443615866432654	0.649416624743956	0.1625694435412101	0.43775454537029057	0.48443615866432654	0.649416624743956	0.1625694435412101	0.41851154303865373	0.4525128806488965	0.8877860105745762	0.16759650690648834	0.28292577475449066	0.5474871193511035	0.4444444444444444	0.0	0.4444444444444444	0.0	0.0	0.3333333333333333	0.1111111111111111	9.0	0.0	1.6154866119549514	1.6337527244868304	3.5680668338971886	0.704694572710104
