270342	8
244742	102
305155	78
401418	1
334864	-1
28698	145
103450	5
90140	1
321574	1
236582	19
217126	-1
272418	1
317474	1
27687	85
319532	1
162856	28
283697	238
11317	6
55349	406
475198	1
361535	39
284728	1
113731	109
26699	40
239695	1
258135	5
66646	2
267358	2
331864	17
305255	1
140392	2
323690	192
341109	277
102512	89
204914	1
151668	12
373885	9
65659	3
317563	1
22655	-1
313478	73
88195	30
53383	6
374920	4
437398	586
201878	9
416915	-1
285852	30
321693	52
310424	16
309415	103
91306	11
141492	3
81078	1
81083	44
373950	1
54459	-1
63675	8
373944	6
460997	16
32967	1
430286	2
365775	4
405704	1
183507	40
99540	2
303314	5
316627	18
479440	1
297183	20
424166	59
121057	7
42208	41
66787	32
235750	86
189682	2
388342	-1
81140	2
46332	82
401666	5
371968	2
318734	33
276744	2
318731	36
416022	-1
420116	50
339223	1
81172	67
124182	-1
335132	-1
82204	31
228641	2
45349	31
331053	4
372013	2
102696	307
9517	295
318772	2
236850	6
311603	35
153912	155
295230	7
264504	346
337209	1
232773	327
129354	12
210255	3
55628	1
197969	1
259408	19
477523	132
310609	1
259413	20
41302	23
312659	140
165210	1
18780	11
53603	9
272737	7
331116	16
342391	2
70005	9
343422	26
186754	1
393602	-1
176516	47
368015	1
465293	41
489869	4
201096	7
320916	91
430487	9
202129	3
313751	1062
335249	98
245140	1
390546	18
215448	56
199064	636
90528	45
265645	2
276906	-1
62896	1
8624	5
215473	1
260528	178
252340	30
70079	40
58817	1
394692	7
51653	1
59845	110
243147	1
403917	1
403927	3
306646	345
387536	1
233941	75
30169	-1
255448	60
458200	1
251356	1
251362	-1
344544	8
188910	1
344552	55
31214	1
153079	-1
14837	549
44535	987
300542	68
202239	5
421383	-1
144902	20
267776	5
303617	241
383491	-1
35339	31
396808	2
52750	13
321035	2
396809	300
252432	24
462352	2
329252	36
329248	194
331311	3
267829	13
13877	-1
67124	75
296498	117
165434	9
178744	-1
79419	73
331320	3
375354	20
52801	659
263751	1
242244	6
266831	5
108115	2
289362	65
262746	1
133731	22
13921	-1
274023	50
436832	1
357997	-1
262766	1
422506	13
64108	15
62062	33
262763	1
298603	3
47731	252
262768	29
28277	124
211578	-1
194175	2
297593	12
216707	-1
321157	34
312966	1
317057	3
254603	14
37513	116
395919	11
247433	25
267918	8
492173	-1
432781	1
398995	2
416401	11
19097	3
304792	-1
32412	207
126625	4
167590	5
7845	4
21159	14
330415	168
289455	14
252591	105
274091	3
290491	10
12996	5
19145	25
312014	-1
338638	76
67274	-1
244431	-1
24271	365
185043	11
108247	20
41688	1
465630	2
308957	4
333541	56
338656	8
392931	77
94951	236
450286	1
258792	1
150249	23
162541	3
120560	18
58098	118
392946	1
398076	133
263935	-1
267002	143
99072	28
368390	1
185102	2
288529	1
249620	1
381714	47
185113	3
264997	4
328481	1
334625	8
271139	20
317224	12
338731	7
443191	1
276285	1
333631	519
165689	398
20288	140
368452	33
143171	147
179018	2
457547	303
230222	2
100174	4
239442	6
185172	24
341851	720
256867	1
300901	118
369510	1
246635	12
266092	30
419692	20
367465	30
256879	1
294763	20
328554	222
285556	12
291716	-1
239490	6
418692	2
479109	2
149382	3
224132	31
422792	5
424852	2
269201	1
51093	41
82839	-1
61338	17
299928	87
329626	13
262050	109
64419	3
374689	-1
17317	-1
179109	160
9127	2
436141	8
275370	2
125872	2
186291	-1
393143	1
251824	-1
224183	21
55221	2289
187316	4
13243	64
339896	180
432056	1
285637	2
411585	47
329677	-1
32714	2
443341	5
336841	7
13269	13
304083	10
140248	1
139231	58
265188	1
190438	145
210918	8
411636	-1
328694	6
51187	16
276466	3
314354	7
69623	11
422908	7
329720	-1
364539	261
313339	95
395257	1
60415	1
