149506	12
199169	-1
173060	156
182277	184
153093	180
329218	2
205833	1
169480	117
232463	92
296970	11
297483	1
173072	-1
394260	3
273943	2
155158	272
211477	118
170516	1
352274	13
276509	1
177177	86
218648	36
441883	138
313381	19
119843	83
222753	301
202272	11
179238	3
206887	-1
230447	4
226349	-1
190515	1
172080	20
280630	39
56371	137
280119	7
355890	6
401983	6
163384	1
191545	1
173119	2
177212	163
251970	336
229441	66
118850	-1
129093	-1
129094	1
220235	327
322637	4
233034	5
166984	155
151112	36
218697	6
267848	80
229453	-1
164438	28
174168	25
321624	-1
418392	-1
140381	46
203356	35
406119	1
210529	1
308321	7
149604	91
293474	-1
153195	216
232041	1
172137	1
203375	77
183405	325
277611	89
154739	796
227963	5
183417	2
196735	1
216703	46
96384	8
266880	76
203914	1
152200	-1
164495	1
263306	4
214156	9
166546	7
209554	26
173712	467
179345	-1
155796	449
238235	91
201369	153
315039	31
295577	22
297115	-1
94366	-1
221852	-1
147619	6
324773	28
268966	7
209056	93
229024	6
134311	-1
178855	9
128683	133
311979	1
172721	123
211127	100
116919	-1
165045	2
89782	1
264383	-1
168126	15
224447	7
215743	438
228031	3
95935	1
96962	23
436418	73
476867	22
180420	74
475855	114
179401	3
269007	1
113870	316
182483	-1
270549	-1
274646	95
174800	6
229584	90
309469	1
264413	1
280286	3
289502	1
199896	8
173791	53
180960	-1
158945	1
291559	1
154853	70
430305	11
461549	104
184041	125
443114	298
201966	125
128236	31
371944	70
272107	247
209138	12
94448	1
274678	23
298742	32
153329	3
171767	7
204021	1
226037	-1
323827	-1
118008	8
229626	15
496382	20
229624	44
274687	141
172793	132
156414	5
416507	3
185597	524
196866	-1
232706	4
61185	334
206081	48
247553	89
262918	8
213255	-1
272641	8
170756	49
184068	506
400129	-1
196874	98
216329	21
332047	1
188168	-1
212745	8
231688	225
196878	258
212755	1
196882	1
197906	-1
215314	1
206610	669
160017	1
134426	3
461083	121
183070	1
354586	18
139037	893
132893	18
274724	-1
150305	-1
183073	18
125221	1
208164	593
159020	8
266548	-1
107312	2
198961	-1
198965	-1
95542	43
182075	3
171838	55
131391	2
131394	1
173378	9
181058	3
312646	8
184646	65
97605	121
184644	358
281923	15
235336	101
252751	62
326472	16
126796	105
186701	57
313175	1
172374	89
302928	156
141655	49
217941	1
201044	234
344914	1
221019	14
163161	254
459100	22
241503	11
187228	32
261474	27
185696	6
50018	66
201572	9
287599	1
247663	-1
113004	495
370536	-1
130414	1
138093	-1
269685	1
372087	22
34165	121
130424	407
405375	2
188280	1
195454	-1
264057	19
82302	1
154493	238
225148	34
150916	114
166795	-1
311183	2
138127	150
149900	289
167313	-1
190869	2
164762	1
220569	1
108954	-1
121245	21
308633	-1
183708	6
228765	20
172451	52
183715	3
198050	49
344996	563
266144	25
326561	1
154030	2
264106	-1
176045	955
76211	1
250801	12
240053	67
381875	143
231860	2
179125	1
163258	-1
171962	263
309693	47
256954	1
155070	56
380857	221
143293	217
283588	-1
197056	7
286656	-1
238539	7
307149	-1
109003	-1
443338	-1
143823	24
248268	2
151501	18
308693	74
213457	-1
201681	19
266711	60
231382	3
197077	-1
125913	1
223194	29
149976	39
199129	60
183260	164
168417	3
154593	89
115173	90
117732	2
137700	4
176613	-1
228840	114
136172	1
151538	1
219123	1
231409	51
252913	45
465909	8
164337	36
226800	178
152054	48
266737	5
152059	1
218618	-1
264696	116
335353	-1
136314	18
151884	-1
153460	1
156021	2
156385	7
157504	12
158326	15
162557	-1
166826	-1
168337	-1
173715	-1
175138	9
175356	2
175566	2
176509	-1
177379	5
179677	6
181063	1
187094	25
190780	-1
191973	1
195267	-1
195394	10
199134	25
202124	-1
203795	-1
205655	4
205767	19
208855	8
209155	4
214914	1
215014	-1
217824	-1
219250	-1
220745	3
225210	-1
229382	2
230911	2
231001	14
237764	1
238934	13
280070	1
290138	3
296917	11
311927	1
312434	4
334523	4
343455	4
94956	-1
97109	7
98123	-1
124815	2
125179	1
138803	-1
167774	22
168198	-1
186963	-1
206721	-1
207466	14
211931	5
212771	3
226352	1
228935	34
231652	2
238392	-1
248334	-1
255587	-1
262976	14
268751	2
269001	1
271362	-1
275296	-1
278598	-1
279697	1
288343	-1
290756	4
304426	1
313952	80
344929	-1
355873	6
357654	3
393597	7
406018	1
409680	-1
424597	2
458995	2
486911	-1
65572	-1
108466	-1
146912	278
149816	-1
150081	1
151324	3
152199	4
158418	39
166680	149
168669	35
169852	1
170474	-1
170678	7
172675	-1
173447	141
173741	14
178491	22
181343	1
181476	60
183245	2
183250	23
185955	6
187390	1
191231	1
197410	5
197817	115
198881	7
203993	204
205493	-1
207836	-1
210026	1
215579	-1
216937	7
216946	-1
220069	3
226788	11
228044	3
231977	31
232771	-1
234376	1
238487	1
256859	-1
307524	3
312466	61
313187	1
321891	-1
120938	-1
129817	-1
144967	1
160043	1
172398	1
201304	1
201306	6
201308	1
201880	8
210018	21
218223	-1
220179	11
248519	2
250340	1
257852	9
258129	9
258881	24
260953	4
272021	9
272309	3
272985	1
273049	-1
273421	15
274765	89
292938	-1
296113	1
304041	1
305232	18
308547	37
319268	-1
330278	2
334843	4
342512	-1
356209	4
35888	-1
367980	21
383448	553
391828	1
409969	1
417603	189
435321	-1
466783	57
477658	8
482554	1
484548	-1
488805	7
489924	2
63287	7
65204	-1
68606	-1
98790	36
166801	43
183587	120
405015	44
409352	13
