52488	27
48139	92
50189	42
48660	208
51739	1
18462	-1
48176	157
57136	2
48692	1
52792	-1
49721	6
49991	2
38216	1
58187	1
51276	4
48973	1
49234	160
49757	125
49758	1
51294	2
54624	5
37984	1
50018	244
53090	2
54370	-1
56418	52
43366	6
49000	1
57708	1
54382	30
41327	218
41074	17
42361	2
49536	46
50306	2
49284	7
43142	1
49030	4
46471	6
49543	7
48266	41
48267	776
37515	8
58508	50
50325	22
55958	4
38553	-1
49567	36
52387	1
13731	16
52135	36
48296	-1
55469	3
49075	21
28852	39
56248	1
46264	73
49340	-1
51136	1
40901	3
56777	-1
47820	45
47827	153
48861	357
55267	49
49892	1
48870	93
50929	175
57841	88
19444	3
49909	168
55798	47
52474	68
