ecf-209410	1.2079441541679836	1.0	1.6931471805599454	0.3348218978017722	0.6367053179951492	0.5557820912675814	1.0	0.2414537935004358	0.6367053179951492	0.5557820912675814	1.0	0.2414537935004358	0.2885312043728713	0.3319892022464186	0.6725093313035466	0.23445996699971733	0.3114010409177009	0.6680107977535814	1.0	0.3	1.0	0.0	0.6	0.3	0.1	10.0	0.0	0.4545422430777407	0.0	3.1106894507421123	0.878230387868719
ecf-259072	1.3850817669777475	1.6931471805599454	1.6931471805599454	0.36532064071556886	0.4474974485340746	0.3898108853032364	0.7548669549834176	0.28297113386929884	0.4474974485340746	0.3898108853032364	0.7548669549834176	0.28297113386929884	0.21096285040696325	0.0	0.9597042741864882	0.2613918511864089	0.2968032986723243	1.0	0.7	0.0	0.7	0.3	0.2	0.2	0.5	9.0	0.3	1.6676025500466545	1.416093729967705	2.543168483299576	0.7808071690736441
ecf-426497	1.5545177444479563	1.6931471805599454	1.6931471805599454	0.2922565125724551	0.1670680501137037	0.20977584099137966	0.30864018778246277	0.1415903846456791	0.1670680501137037	0.20977584099137966	0.30864018778246277	0.1415903846456791	0.22350953947208066	0.07643411560674837	0.9541357903523484	0.26224186301766594	0.31218275067728146	0.9235658843932516	1.0	0.0	1.0	0.1	0.2	0.0	0.8	8.0	0.5	0.22079107490868427	0.023937306687819168	1.0265297680394105	0.37689714258272194
ecf-303125	1.9053185699915496	1.6931471805599454	2.791759469228055	0.7225478032485213	0.28761533753324336	0.28761533753324336	0.28761533753324336	0.0	0.28761533753324336	0.28761533753324336	0.28761533753324336	0.0	0.2861092421820169	0.2774862911575545	0.9541357903523484	0.2661239427646678	0.43168218735815156	0.7225137088424455	0.9	0.0	0.9	0.0	0.2	0.4	0.3	10.0	0.2	0.0	0.0	0.0	0.0
ecf-198161	1.3871201010907892	1.3465735902799727	2.09861228866811	0.42558995521249493	0.7064100129389795	0.6553222754690355	1.0	0.21659964442552362	0.7064100129389795	0.6553222754690355	1.0	0.21659964442552362	0.33597205230544036	0.38499750919594183	0.9541357903523484	0.26808514229708874	0.32510390555845226	0.6150024908040581	0.9	0.1	0.9	0.1	0.1	0.5	0.4	10.0	0.0	1.0145975726628549	0.0	4.6147668475183865	1.4070451911825017
ecf-266262	2.675331536909507	3.0794415416798357	4.178053830347945	1.0907225075449665	0.18128719720356007	0.18128719720356007	0.28761533753324336	0.15037069811614776	0.18128719720356007	0.18128719720356007	0.28761533753324336	0.15037069811614776	0.29117953254979945	0.27935489231193666	0.9541357903523484	0.2657067915228577	0.308600995054025	0.7206451076880633	1.0	0.0	1.0	0.0	0.3	0.7	0.0	10.0	0.2	0.5808589548520414	0.5808589548520414	0.5808589548520414	0.0
ecf-476180	1.9975994243322877	1.6931471805599454	3.0794415416798357	0.6402797483440398	0.39061917772615806	0.34042404493621964	0.5451313354441313	0.13652032802535236	0.39061917772615806	0.34042404493621964	0.5451313354441313	0.13652032802535236	0.2137592331004572	0.0	0.9597042741864882	0.2611797238547056	0.30207728283365143	1.0	1.0	0.1	1.0	0.1	0.1	0.3	0.6	10.0	0.4	0.8259333310460854	0.5564268871687459	1.472717619042901	0.5627176068661781
ecf-202772	1.0693147180559945	1.0	1.6931471805599454	0.21919238442934133	0.6067953458872852	0.5715477014927666	0.9126813362866741	0.18552003453370144	0.6067953458872852	0.5715477014927666	0.9126813362866741	0.18552003453370144	0.24972479061523672	0.16763355248794476	0.9541357903523484	0.2676533991450241	0.3241857300169221	0.8323664475120552	1.0	0.2	1.0	0.0	0.3	0.6	0.1	9.0	0.0	0.23026479500490935	0.0	2.125899796514289	0.6683704143005774
ecf-329247	1.8317766166719345	1.6931471805599454	2.386294361119891	0.29225651257245516	0.3972047109204869	0.5715477014927666	0.5895730108767131	0.31770915299280944	0.3972047109204869	0.5715477014927666	0.5895730108767131	0.31770915299280944	0.22656321390749698	0.08655825022879564	0.9541357903523484	0.2628381578126108	0.3131176714732896	0.9134417497712044	1.0	0.0	1.0	0.0	0.0	0.0	1.0	9.0	0.5	0.8323302946954217	0.23676616326105798	3.260221184713076	2.191662857136361
ecf-280601	1.9128696382935675	2.09861228866811	2.386294361119891	0.5506301851283679	0.48195595700625604	0.4495945175724508	0.8616033789950089	0.2771388509830854	0.48195595700625604	0.4495945175724508	0.8616033789950089	0.2771388509830854	0.22090879646613829	0.04090652385159664	0.9541357903523484	0.2615703236097382	0.3552393041052258	0.9590934761484033	1.0	0.3	1.0	0.0	0.1	0.2	0.7	9.0	0.1	0.8681564453420604	0.8783263607088065	2.5841154700079825	0.8983545209347631
ecf-229921	1.0770163533955495	1.0	1.6931471805599454	0.23104906018664842	0.5601719198775613	0.5103303474039032	1.0	0.2932035729315402	0.5601719198775613	0.5103303474039032	1.0	0.2932035729315402	0.351318973991206	0.3907956226124085	0.9541357903523484	0.2605885729618529	0.3094454183587329	0.6092043773875915	0.9	0.1	0.9	0.0	0.6	0.3	0.0	9.0	0.0	0.8016057122511728	0.2611429885142989	3.836097493520279	1.1190776648858476
ecf-420897	2.370854876093947	2.844439727056968	3.772588722239781	1.2197771625534748	0.35749435385448963	0.2948605047858007	0.9126813362866741	0.33339816043906045	0.35749435385448963	0.2948605047858007	0.9126813362866741	0.33339816043906045	0.27159982821918793	0.2369988016647126	0.9541357903523484	0.26793259484218834	0.3042939784184592	0.7630011983352873	0.9	0.0	0.9	0.3	0.4	0.5	0.1	9.0	0.0	1.0151443635818078	0.7570563910260493	2.787916058479061	0.9932215636366629
ecf-204329	2.287082035156842	2.2424533248940004	3.302585092994046	0.8751098596910822	0.3375277197701336	0.2596800873415779	0.6507302904313014	0.1665626273063614	0.3375277197701336	0.2596800873415779	0.6507302904313014	0.1665626273063614	0.22326589318504078	0.07643411560674837	0.9541357903523484	0.2616321000439844	0.27681566299346166	0.9235658843932516	1.0	0.2	1.0	0.0	0.2	0.4	0.4	9.0	0.1	0.6011228201663851	0.7483391153631532	1.0135483319628753	0.32515818545018843
ecf-282667	1.9246479418592057	2.09861228866811	2.386294361119891	0.4167387714285367	0.34100717078832776	0.3878433869646472	0.3898108853032364	0.0828597318395776	0.34100717078832776	0.3878433869646472	0.3898108853032364	0.0828597318395776	0.2334925109316204	0.12060449502067383	0.9541357903523484	0.26435677635931104	0.3169747546526591	0.8793955049793262	1.0	0.2	1.0	0.1	0.1	0.2	0.7	10.0	0.3	1.5388938744043739	1.781500290281342	3.102784271234999	0.8480756099119372
ecf-265269	2.2424533248940004	2.2424533248940004	2.791759469228055	0.3845763069820849	0.3286802283928839	0.28613283844642723	0.7380458071729002	0.36835459049206065	0.3286802283928839	0.28613283844642723	0.7380458071729002	0.36835459049206065	0.23369914214497464	0.10846405860720339	0.9541357903523484	0.2653109788707296	0.30000648238319066	0.8915359413927966	1.0	0.0	1.0	0.1	0.0	0.5	0.5	10.0	0.2	0.02497390982824862	0.025072946669793643	0.12554052815083358	0.057439768364035346
ecf-332852	1.1791759469228056	1.0	2.09861228866811	0.38963826174969923	0.49831438577231385	0.49831438577231385	0.6507302904313014	0.21554863949010475	0.49831438577231385	0.49831438577231385	0.6507302904313014	0.21554863949010475	0.2256120181349345	0.08009518842402688	0.9541357903523484	0.2626125720233695	0.31068805822460893	0.9199048115759731	1.0	0.0	1.0	0.0	0.8	0.0	0.2	10.0	0.2	1.579813860811114	1.579813860811114	1.579813860811114	0.0
ecf-198193	1.2079441541679836	1.0	1.6931471805599454	0.33482189780177213	0.5038734828623403	0.46959140924103226	0.9126813362866741	0.20102845116597237	0.5038734828623403	0.46959140924103226	0.9126813362866741	0.20102845116597237	0.3480144900809115	0.3996137754619366	0.9541357903523484	0.2587870667200369	0.30028524795817535	0.6003862245380633	0.9	0.1	0.9	0.1	0.5	0.3	0.2	10.0	0.0	0.28628387444957937	0.0	1.6931425461181173	0.5086216960768792
ecf-397877	1.270805020110221	1.0	2.6094379124341005	0.5834652960853652	0.17631247105573747	0.14889032072929603	0.4578288536447786	0.1646155820386432	0.17631247105573747	0.14889032072929603	0.4578288536447786	0.1646155820386432	0.22617078212591227	0.08009518842402688	0.9541357903523484	0.26325297884274634	0.29149167363675244	0.9199048115759731	0.9	0.0	0.9	0.1	0.4	0.4	0.2	9.0	0.0	0.3005990283364368	0.21549619921837773	0.9676088498590183	0.331241872603567
ecf-406064	1.3465735902799727	1.3465735902799727	1.6931471805599454	0.36532064071556886	0.5807490077641695	0.5977179267201255	0.9126813362866741	0.30576181871093194	0.5807490077641695	0.5977179267201255	0.9126813362866741	0.30576181871093194	0.2258216287148855	0.08655825022879564	0.9541357903523484	0.2627953973260161	0.30985587177148116	0.9134417497712044	0.9	0.0	0.9	0.1	0.6	0.0	0.4	10.0	0.0	0.7880678883827243	0.0	5.056599599797425	1.3546573484264048
ecf-264242	1.5950642552587728	1.6931471805599454	2.386294361119891	0.47022588037968144	0.049315062812590384	0.03049342039198108	0.09810196299423704	0.04071649175643114	0.049315062812590384	0.03049342039198108	0.09810196299423704	0.04071649175643114	0.2104971487504358	0.0	0.9597042741864882	0.26129072129510195	0.2738895659192692	1.0	0.9	0.1	0.9	0.1	0.3	0.0	0.7	10.0	0.1	0.08393929102764257	0.02507294666979375	0.2336844967236498	0.10707819572087854
ecf-419902	1.7154615356913663	1.6931471805599454	2.6094379124341005	0.3822539026451986	0.3185472423823485	0.36801633652823934	0.3898108853032364	0.10512395511396713	0.3185472423823485	0.36801633652823934	0.3898108853032364	0.10512395511396713	0.2244552780029922	0.08009518842402688	0.9541357903523484	0.26239211223238984	0.3517352418893883	0.9199048115759731	0.9	0.1	0.9	0.2	0.1	0.0	0.9	9.0	0.3	0.5488519933939752	0.33995429715165393	1.0435454368726824	0.43013896571606614
ecf-192574	1.0	1.0	1.0	0.0	0.5374439836273869	0.5485824676246148	0.7380458071729002	0.15494381618882827	0.5374439836273869	0.5485824676246148	0.7380458071729002	0.15494381618882827	0.3287283302085307	0.37860128315945885	0.9541357903523484	0.2583329913874782	0.4124465665426412	0.6213987168405412	0.9	0.1	0.9	0.1	0.5	0.5	0.0	10.0	0.1	1.190448838557914	1.123233133804396	2.897115350444053	1.0611954495741776
ecf-371768	1.154032706791099	1.0	1.6931471805599454	0.30564917695453336	0.5548745042861603	0.6366773002351251	0.7972530959450946	0.2873370121065722	0.5548745042861603	0.6366773002351251	0.7972530959450946	0.2873370121065722	0.319167180078094	0.3703389467494649	0.9541357903523484	0.2570713031829023	0.3206578649717815	0.6296610532505351	0.6	0.1	0.6	0.3	0.3	0.4	0.2	10.0	0.1	1.019250545934464	0.7372174848202477	5.133560640933554	1.5089568675071383
ecf-192573	1.5257495372027783	1.6931471805599454	2.09861228866811	0.38377384625619126	0.4246878762193274	0.5072055097751471	0.6979299943329438	0.2158487615241366	0.4246878762193274	0.5072055097751471	0.6979299943329438	0.2158487615241366	0.3178728813016737	0.3671573453461756	0.9541357903523484	0.25909939354852024	0.33453335313340915	0.6328426546538244	0.9	0.2	0.9	0.1	0.3	0.3	0.4	10.0	0.1	0.4441431840306683	0.37807280692210565	1.5978323663137926	0.49718684797792856
ecf-327749	1.578074351579233	1.6931471805599454	2.09861228866811	0.5214299049035179	0.529166055747774	0.529166055747774	0.529166055747774	0.0	0.529166055747774	0.529166055747774	0.529166055747774	0.0	0.2799941423114041	0.26360856076506695	0.9541357903523484	0.2655813320032735	0.2513163097916532	0.7363914392349331	1.0	0.0	1.0	0.0	0.4	0.3	0.3	9.0	0.3	0.0	0.0	0.0	0.0
ecf-328772	2.6701199367956057	2.791759469228055	3.0794415416798357	0.3809564178940581	0.12753651006693864	0.06429769169310906	0.33517792743538577	0.14067707583878583	0.12753651006693864	0.06429769169310906	0.33517792743538577	0.14067707583878583	0.22853604556536644	0.08722155263450124	0.9541357903523484	0.26346022510123795	0.31639055522871606	0.9127784473654987	1.0	0.1	1.0	0.0	0.0	0.0	1.0	9.0	0.4	0.11486300892778391	0.02507294666979375	0.8386211436948099	0.23499424131733546
ecf-256580	1.6238324625039509	1.6931471805599454	2.386294361119891	0.3934623715402619	0.15413341930704183	0.03049342039198108	0.6106158262213178	0.2575708301874002	0.15413341930704183	0.03049342039198108	0.6106158262213178	0.2575708301874002	0.23712707107233777	0.138242890180361	0.9541357903523484	0.26573342969725977	0.29791425951526784	0.861757109819639	1.0	0.2	1.0	0.1	0.2	0.0	0.8	10.0	0.3	0.14658158679086897	0.12775043924404705	0.4583980831254276	0.13854151120214403
ecf-198731	1.2484906649788001	1.0	2.791759469228055	0.5843685009069896	0.6458502615062232	0.5895730108767131	1.0	0.20178091028116832	0.6458502615062232	0.5895730108767131	1.0	0.20178091028116832	0.31471412837719714	0.3547350328881643	0.9541357903523484	0.25806524782716445	0.36558080182021335	0.6452649671118357	0.9	0.1	0.9	0.1	0.5	0.5	0.0	9.0	0.0	0.861133835705125	0.0	4.768917527345645	1.599127388637981
ecf-472661	1.2772588722239782	1.0	1.6931471805599454	0.35793966490390583	0.5487919428809898	0.5451313354441313	1.0	0.30853601727340296	0.5487919428809898	0.5451313354441313	1.0	0.30853601727340296	0.22284695360620466	0.06932902954750231	0.9541357903523484	0.26180502513093146	0.29426948732612807	0.9306709704524977	1.0	0.2	1.0	0.0	0.6	0.0	0.4	10.0	0.0	0.4685565858300721	0.1735346992425457	2.0847616464428707	0.6705744580749149
ecf-339024	2.163195217139187	2.039720770839918	3.3978952727983707	0.7607610911831498	0.17849021438539542	0.17849021438539542	0.282021371896914	0.14641516708097474	0.17849021438539542	0.17849021438539542	0.282021371896914	0.14641516708097474	0.2609744085568949	0.20252217354174526	0.9541357903523484	0.26923485299562494	0.2881738057255121	0.7974778264582547	1.0	0.0	1.0	0.0	0.1	0.4	0.5	9.0	0.0	0.09795327428829245	0.09795327428829245	0.09795327428829245	0.0
ecf-420433	1.3178053830347947	1.0	2.386294361119891	0.5374023338187616	0.24891329565641945	0.24891329565641945	0.24891329565641945	0.0	0.24891329565641945	0.24891329565641945	0.24891329565641945	0.0	0.2238238988806209	0.08009518842402688	0.9541357903523484	0.2622921934495011	0.3373958809031442	0.9199048115759731	1.0	0.1	1.0	0.0	0.8	0.0	0.2	10.0	0.3	0.0	0.0	0.0	0.0
ecf-227939	1.3850817669777475	1.6931471805599454	1.6931471805599454	0.36532064071556886	0.46263280207541047	0.45876302679606684	0.6869691985882167	0.19239891478507126	0.46263280207541047	0.45876302679606684	0.6869691985882167	0.19239891478507126	0.3169264981674106	0.3543444670920486	0.9541357903523484	0.2599484667869826	0.28764112525697966	0.6456555329079514	0.9	0.2	0.9	0.0	0.4	0.1	0.4	10.0	0.0	1.0007529693262505	1.0913437531124404	1.628363669252914	0.5456312051064626
ecf-252002	1.5375278407684165	1.6931471805599454	2.09861228866811	0.4913523433885516	0.4069476882738809	0.3918741614931366	0.7380458071729002	0.16654876930948762	0.4069476882738809	0.3918741614931366	0.7380458071729002	0.16654876930948762	0.31687862784059345	0.3543444670920486	0.9541357903523484	0.2597331253640927	0.33207055548667286	0.6456555329079514	1.0	0.0	1.0	0.0	0.3	0.3	0.4	9.0	0.1	0.872567486439628	0.7151518756274542	2.760474723076868	0.7628726160711763
ecf-331878	2.012982599474686	1.6931471805599454	3.9444389791664403	1.021811222481704	0.3633720617188897	0.40349074425445763	0.5715477014927666	0.24914818715520107	0.3633720617188897	0.40349074425445763	0.5715477014927666	0.24914818715520107	0.2797888993415898	0.26263660933428534	0.9541357903523484	0.26738340661673304	0.2841081589357657	0.7373633906657147	1.0	0.0	1.0	0.0	0.3	0.1	0.6	10.0	0.0	0.8208718065175671	0.8334569888008325	1.4125707118488413	0.5253131185590326
ecf-292972	1.2310490601866484	1.0	1.6931471805599454	0.3465735902799727	0.5859335848969742	0.5417722565008734	0.9126813362866741	0.20521806729486802	0.5859335848969742	0.5417722565008734	0.9126813362866741	0.20521806729486802	0.31300446129050047	0.33584661995187187	0.9541357903523484	0.25888635089552275	0.345956738848809	0.6641533800481281	0.8	0.2	0.8	0.1	0.5	0.2	0.2	9.0	0.0	0.40812944990780176	0.0	3.087158953331918	0.9841441801515367
ecf-222824	1.3871201010907892	1.0	2.386294361119891	0.5365576822710121	0.3461421787928966	0.3264928503691319	0.5322012917125952	0.163693771885075	0.3461421787928966	0.3264928503691319	0.5322012917125952	0.163693771885075	0.3110663531710547	0.33512983752396525	0.9541357903523484	0.25925008891629103	0.2767328234461434	0.6648701624760347	1.0	0.0	1.0	0.0	0.5	0.2	0.3	10.0	0.0	0.7444512242376856	0.4393985752549223	2.5911715557321915	0.7442739214565289
ecf-485482	1.3871201010907892	1.3465735902799727	2.09861228866811	0.4255899552124949	0.11751027353649625	0.09031877795131038	0.282021371896914	0.10780437057014346	0.11751027353649625	0.09031877795131038	0.282021371896914	0.10780437057014346	0.21323079301526268	0.0	0.9597042741864882	0.2617415959067818	0.2588378587108453	1.0	1.0	0.1	1.0	0.0	0.3	0.2	0.5	10.0	0.0	0.08327746703633813	0.04181558688832643	0.5831737862198497	0.17148834434070917
ecf-490090	1.7167037876912221	1.6931471805599454	2.791759469228055	0.5902885101420332	0.0	0.0	0.0	0.0	0.0	0.0	0.0	0.0	0.21251203753318867	0.0	0.9597042741864882	0.26159203198169595	0.34104745298367956	1.0	1.0	0.0	1.0	0.0	0.3	0.1	0.6	10.0	0.3	0.0	0.0	0.0	0.0
ecf-318070	2.735312795615683	2.9356005054539454	4.713572066704308	1.6023464357687558	0.22005533583735667	0.23543378701614878	0.42636828790439024	0.16930671163518765	0.22005533583735667	0.23543378701614878	0.42636828790439024	0.16930671163518765	0.286557852800761	0.2788612350975468	0.9541357903523484	0.26633219119426443	0.28362680895130593	0.7211387649024532	1.0	0.0	1.0	0.0	0.4	0.5	0.1	10.0	0.1	0.21720031262098194	0.1419629068853043	0.7446056816727608	0.30805751707287016
ecf-318074	2.6206106528281032	2.3540251005511053	4.688879454113936	1.6114654078196615	0.15739417375646256	0.16646112371682242	0.26960799017031317	0.12448847789257193	0.15739417375646256	0.16646112371682242	0.26960799017031317	0.12448847789257193	0.286557852800761	0.2788612350975468	0.9541357903523484	0.26633219119426443	0.30889032975221337	0.7211387649024532	1.0	0.0	1.0	0.0	0.4	0.5	0.1	9.0	0.1	0.20404941147409603	0.1493786807669752	0.5882314553019796	0.20588788792448032
ecf-318075	1.0866433975699932	1.0	1.6931471805599454	0.2450645358671368	0.3923034481105079	0.3923034481105079	0.5149989060507026	0.17351758066060105	0.3923034481105079	0.3923034481105079	0.5149989060507026	0.17351758066060105	0.23125924551570703	0.08722155263450124	0.9541357903523484	0.26388401385883803	0.2795036432353793	0.9127784473654987	1.0	0.125	1.0	0.0	0.5	0.375	0.125	7.0	0.125	0.6449038424008905	0.6449038424008905	0.6449038424008905	0.0
ecf-408185	1.3178053830347947	1.0	2.09861228866811	0.4266543471799914	0.4455750814147311	0.4612795364118548	0.7099362305302065	0.1990908224724066	0.4455750814147311	0.4612795364118548	0.7099362305302065	0.1990908224724066	0.2185075955569681	0.0	0.9597042741864882	0.2628123524211602	0.27465550067151623	1.0	0.8	0.1	0.8	0.2	0.4	0.4	0.2	10.0	0.1	0.2858882892595904	-0.12500828478265305	2.089854863116687	1.0722854091102887
ecf-211585	1.138629436111989	1.0	1.6931471805599454	0.2922565125724551	0.36035872179274664	0.4998664412328988	0.5233066027156972	0.18789011552424548	0.36035872179274664	0.4998664412328988	0.5233066027156972	0.18789011552424548	0.3630851732872168	0.42324181222744905	0.7611084055488654	0.2668644063990135	0.304477223019659	0.576758187772551	1.0	0.2	1.0	0.0	0.7	0.1	0.2	10.0	0.2	0.6116983196660967	0.447864347644838	3.7967191635331936	0.8633782285912462
ecf-318086	1.138629436111989	1.0	1.6931471805599454	0.2922565125724551	0.3723102549033178	0.39336634907127144	0.7972530959450946	0.2789660230163184	0.3723102549033178	0.39336634907127144	0.7972530959450946	0.2789660230163184	0.429768880925271	0.4380153291316708	0.9541357903523484	0.2858063826071665	0.32136496510828005	0.5619846708683292	0.9	0.2	0.9	0.1	0.6	0.2	0.2	9.0	0.2	-0.05424843826103014	0.006942660016750654	2.9035462407743435	0.7642976987706529
ecf-482434	1.3080654135821979	1.0	2.386294361119891	0.5035597521768238	0.4725953274188426	0.4741758629412704	1.0	0.3209212835218833	0.4725953274188426	0.4741758629412704	1.0	0.3209212835218833	0.38151332886520867	0.41695956999883005	0.9541357903523484	0.26791061205114014	0.2829901545125951	0.58304043000117	0.8	0.3	0.8	0.1	0.2	0.4	0.3	10.0	0.1	0.30531033692628085	0.0238583409834099	1.3594213428687942	0.547287414354777
ecf-125572	2.156968379878884	2.2424533248940004	3.6390573296152584	0.9656737339766098	0.22364353761186676	0.22364353761186676	0.3015616862635256	0.1101929025781788	0.22364353761186676	0.22364353761186676	0.3015616862635256	0.1101929025781788	0.25740636564452835	0.1862153960129974	0.9541357903523484	0.269231226414147	0.3470554759511221	0.8137846039870026	1.0	0.0	1.0	0.0	0.3	0.5	0.2	10.0	0.2	0.34914690622391836	0.34914690622391836	0.34914690622391836	0.0
ecf-414337	1.462098120373297	1.6931471805599454	1.6931471805599454	0.3465735902799727	0.6979299943329438	0.6979299943329438	0.6979299943329438	0.0	0.6979299943329438	0.6979299943329438	0.6979299943329438	0.0	0.2161122332414711	0.0	0.9597042741864882	0.2620724542090905	0.3458790992018458	1.0	0.9	0.1	0.9	0.0	0.1	0.2	0.6	10.0	0.2	0.0	0.0	0.0	0.0
ecf-323208	2.095122751083048	1.0	4.58351893845611	1.533724871173382	0.40088250551611043	0.3058859793420091	0.6768862799257542	0.2076333352341313	0.40088250551611043	0.3058859793420091	0.6768862799257542	0.2076333352341313	0.28591847482837246	0.2782617140423026	0.9541357903523484	0.26573636138207485	0.27577677491424846	0.7217382859576974	1.0	0.1	1.0	0.1	0.6	0.3	0.1	10.0	0.0	0.790795871061773	0.5894151567832372	2.6094332779922724	0.8077515831580933
ecf-199309	1.3178053830347947	1.0	2.09861228866811	0.42665434717999146	0.5240959201804517	0.5640367294282675	0.9126813362866741	0.3277142608143229	0.5240959201804517	0.5640367294282675	0.9126813362866741	0.3277142608143229	0.35131480820730604	0.40149863352325943	0.9541357903523484	0.2769785767233412	0.292465789400899	0.5985013664767406	0.9	0.1	0.9	0.1	0.4	0.4	0.2	10.0	0.0	0.5434338808439971	0.20935507483568594	3.005328935084286	1.2435069550193114
ecf-222865	1.138629436111989	1.0	1.6931471805599454	0.2922565125724551	0.5020981524398314	0.497512152051349	0.7972530959450946	0.19992217287120562	0.5020981524398314	0.497512152051349	0.7972530959450946	0.19992217287120562	0.33882665367474746	0.38499750919594183	0.9541357903523484	0.2668000716807013	0.3117963548350363	0.6150024908040581	0.9	0.2	0.9	0.1	0.5	0.5	0.0	9.0	0.0	1.3728809236288464	1.1689451853862374	3.0509989719174744	1.0022072317687891
ecf-222864	2.0385913701780423	1.8958797346140277	3.1972245773362196	0.6286993864254592	0.3702912169027068	0.39282103158504106	0.6430935622492024	0.28473654219599515	0.3702912169027068	0.39282103158504106	0.6430935622492024	0.28473654219599515	0.26833801712409117	0.22632660955795889	0.9541357903523484	0.26963693697974317	0.32450799978475164	0.7736733904420411	1.0	0.0	1.0	0.0	0.0	0.5	0.5	9.0	0.2	0.4273269810100178	0.3971742402783793	0.9866236285922827	0.5448464012579757
ecf-222868	1.2079441541679836	1.0	1.6931471805599454	0.33482189780177213	0.6298237870141755	0.6632073282380921	1.0	0.27252830297537456	0.6298237870141755	0.6632073282380921	1.0	0.27252830297537456	0.33234636823632313	0.3780398615230468	0.9541357903523484	0.26649348557712554	0.31159789696550916	0.6219601384769532	1.0	0.3	1.0	0.0	0.5	0.2	0.3	10.0	0.0	0.577448937041824	0.0	3.260221184713076	1.0291753009610614
ecf-447633	1.635610766069589	1.6931471805599454	2.791759469228055	0.6446800752115299	0.4669590388860573	0.4910133440304415	0.7972530959450946	0.22176240274892026	0.4669590388860573	0.4910133440304415	0.7972530959450946	0.22176240274892026	0.3344838260479241	0.3817993961777003	0.9541357903523484	0.26216583164986873	0.28873292916911364	0.6182006038222997	1.0	0.2	1.0	0.0	0.3	0.4	0.3	10.0	0.2	0.8334168524978768	0.7557448807600421	2.878067155473359	0.6769868742274423
ecf-342686	4.813909222815529	5.3039737773423505	6.402677381872279	1.3155589706625233	0.16053526380703279	0.19781450531556977	0.20883222923165176	0.07431563062285418	0.16053526380703279	0.19781450531556977	0.20883222923165176	0.07431563062285418	0.28027240117900953	0.26263660933428534	0.9541357903523484	0.2681372031640616	0.3086201289668491	0.7373633906657147	1.0	0.0	1.0	0.2	0.0	0.7	0.3	10.0	0.2	0.23636411666681273	0.16808274074363658	0.5738336636104587	0.3090390855779067
ecf-237726	2.0604602902745253	1.6931471805599454	3.1972245773362196	0.6898445395078798	0.3959032319248429	0.2979862672694103	0.9126813362866741	0.3675998007351054	0.3959032319248429	0.2979862672694103	0.9126813362866741	0.3675998007351054	0.30080503794687974	0.3124126507909043	0.9541357903523484	0.26127090750802545	0.30955617918206646	0.6875873492090957	1.0	0.0	1.0	0.0	0.1	0.4	0.5	10.0	0.1	0.27117296356199744	0.30403586676413985	0.5913302547193366	0.23638856920800716
ecf-222878	2.1857365871240617	2.039720770839918	3.995732273553991	1.0644949693278793	0.6195491371125301	0.5322012917125952	0.9126813362866741	0.26067540404394685	0.6195491371125301	0.5322012917125952	0.9126813362866741	0.26067540404394685	0.24439343490080753	0.15903370209903575	0.9541357903523484	0.2673591386919248	0.35226399341872916	0.8409662979009642	0.9	0.0	0.9	0.1	0.3	0.4	0.3	10.0	0.1	0.8603317808905795	0.0	2.5809953426717387	1.4901383558686987
ecf-259233	1.3465735902799727	1.3465735902799727	1.6931471805599454	0.37050275260909293	0.5108763669071266	0.5117191442793461	0.7380458071729002	0.2348099564539458	0.5108763669071266	0.5117191442793461	0.7380458071729002	0.2348099564539458	0.35090547609599726	0.38987708612867034	0.9541357903523484	0.25933397722032164	0.25612081214756127	0.6101229138713297	1.0	0.125	1.0	0.0	0.375	0.125	0.5	7.0	0.0	0.979766863757993	0.9533345732036621	2.273648090522098	0.9798210095203957
ecf-339616	1.4158883083359672	1.6931471805599454	1.6931471805599454	0.35793966490390583	0.48747880754718975	0.4771529219090398	0.6869691985882167	0.15653737270977452	0.48747880754718975	0.4771529219090398	0.6869691985882167	0.15653737270977452	0.21763357876641748	0.0	0.9597042741864882	0.26218312867098287	0.3087005796077131	1.0	1.0	0.1	1.0	0.0	0.3	0.1	0.6	9.0	0.3	0.6340791095247671	0.22847750415523035	2.2674815756064337	0.895904813421931
ecf-463008	1.733693691370762	1.6931471805599454	2.386294361119891	0.3510093044572801	0.35486138050843374	0.26960799017031317	0.5595423643388393	0.178080593823815	0.35486138050843374	0.26960799017031317	0.5595423643388393	0.178080593823815	0.21429878084132473	0.0	0.9597042741864882	0.2612346991422341	0.34454707037108623	1.0	1.0	0.1	1.0	0.0	0.1	0.0	0.9	10.0	0.0	1.0053186942136185	1.145410275117857	1.1487829595964965	0.24557235638982278
ecf-274604	1.3688879454113936	1.0	2.6094379124341005	0.6352403133087027	0.9563406681433371	0.9563406681433371	1.0	0.06174361923584044	0.9563406681433371	0.9563406681433371	1.0	0.06174361923584044	0.22091761256176434	0.04090652385159664	0.9541357903523484	0.2617287706943502	0.35903043597571715	0.9590934761484033	0.9	0.0	0.9	0.1	0.6	0.3	0.1	10.0	0.4	0.0	0.0	0.0	0.0
ecf-308908	1.606842558824411	1.6931471805599454	2.09861228866811	0.4546158361255217	0.39489313712455426	0.5072055097751471	0.5557820912675814	0.174201905821641	0.39489313712455426	0.5072055097751471	0.5557820912675814	0.174201905821641	0.2208252758370455	0.02045326192579832	0.9541357903523484	0.2616527206916969	0.3111893423373066	0.9795467380742017	0.9	0.2	0.9	0.1	0.3	0.1	0.6	9.0	0.0	0.42965891674709156	0.34748926122844154	2.8976982708919206	1.0630438841941283
ecf-207530	1.5886104031450157	1.6931471805599454	2.6094379124341005	0.5755118775156819	0.47486475692680685	0.463041001696565	0.5451313354441313	0.055896270099614724	0.47486475692680685	0.463041001696565	0.5451313354441313	0.055896270099614724	0.3457600867036543	0.3909463556882781	0.9541357903523484	0.2598035053639169	0.35424114986346883	0.6090536443117218	1.0	0.1	1.0	0.0	0.4	0.1	0.5	10.0	0.1	0.9739657071852692	0.9994298763160641	1.682811480442151	0.4230858017797081
ecf-471213	1.138629436111989	1.0	1.6931471805599454	0.29225651257245516	0.16977179936117132	0.03049342039198108	0.3990663025215551	0.204477926647125	0.16977179936117132	0.03049342039198108	0.3990663025215551	0.204477926647125	0.21429878084132473	0.0	0.9597042741864882	0.2612346991422341	0.2478350535868132	1.0	1.0	0.0	1.0	0.0	0.2	0.6	0.2	9.0	0.1	0.17127389063483348	0.10444735975015752	1.0160856613225988	0.3196268698359034
ecf-199336	1.6579251212010102	1.6931471805599454	2.6094379124341005	0.5372094274225078	0.44212807199394627	0.4666396291001863	0.6430935622492024	0.1421311080744977	0.44212807199394627	0.4666396291001863	0.6430935622492024	0.1421311080744977	0.34738666497121673	0.3936665052692614	0.9541357903523484	0.258794214147869	0.33752599058574384	0.6063334947307386	0.7	0.1	0.7	0.3	0.3	0.1	0.6	10.0	0.0	1.2327173766201247	1.2233603482690951	2.6123220618981633	0.677353507336348
ecf-270516	1.6356107660695893	1.6931471805599454	2.386294361119891	0.49637704906374425	0.6423476249424178	0.5322012917125952	0.9126813362866741	0.23544906701908097	0.6423476249424178	0.5322012917125952	0.9126813362866741	0.23544906701908097	0.22477236152436478	0.08009518842402688	0.9541357903523484	0.26218792073726144	0.29388646447002065	0.9199048115759731	1.0	0.2	1.0	0.1	0.3	0.1	0.6	10.0	0.4	1.4465547323111578	0.7994120865041364	3.5402521104293374	1.8567286970277668
ecf-274613	1.4276666119016057	1.0	2.386294361119891	0.5761149269857522	0.40377076225302305	0.45973177456967773	0.5557820912675814	0.15796088614630052	0.40377076225302305	0.45973177456967773	0.5557820912675814	0.15796088614630052	0.34734021061075515	0.3996137754619366	0.9541357903523484	0.2595044072313802	0.3000609876434554	0.6003862245380633	0.8	0.1	0.8	0.2	0.7	0.1	0.2	10.0	0.1	0.730154541638781	0.8448836092513634	2.250488185519001	0.606297113802288
ecf-277176	1.606842558824411	1.6931471805599454	2.09861228866811	0.4546158361255217	0.6529124083956679	0.6675509886888685	1.0	0.1998162820568625	0.6529124083956679	0.6675509886888685	1.0	0.1998162820568625	0.3252595415514449	0.3771044435032459	0.9541357903523484	0.2572001566259159	0.3156941648777104	0.6228955564967541	1.0	0.2	1.0	0.0	0.2	0.4	0.4	10.0	0.1	0.5442028620212147	0.0	2.8398144966067127	1.0187378870495956
ecf-146622	2.47480682623023	2.6094379124341005	3.3978952727983707	0.8290658683756361	0.3380086546877036	0.4998664412328988	0.509750093324431	0.2889476664140947	0.3380086546877036	0.4998664412328988	0.509750093324431	0.2889476664140947	0.3074551272104574	0.32764414544706927	0.9541357903523484	0.25870282667936734	0.290548790053551	0.6723558545529307	1.0	0.2	1.0	0.0	0.1	0.3	0.6	10.0	0.1	0.24975467486788777	0.004453659467058147	0.7780063265907874	0.4578664970816898
ecf-198334	1.4852030263919618	1.6931471805599454	1.6931471805599454	0.33482189780177213	0.4851648319043609	0.5322012917125952	0.6588600714984729	0.15017438811166792	0.4851648319043609	0.5322012917125952	0.6588600714984729	0.15017438811166792	0.24999314290152125	0.16763355248794476	0.9541357903523484	0.2682610170248772	0.35938245323659535	0.8323664475120552	1.0	0.3	1.0	0.0	0.2	0.1	0.7	10.0	0.2	0.9290621595851132	0.9520003303007483	2.6239613785551823	1.0113723108055284
ecf-338107	3.6722649119044197	3.888826161611328	5.77912349311153	2.0569730682705782	0.2394477438382007	0.19781450531556977	0.7742856144405287	0.27408239628511794	0.2394477438382007	0.19781450531556977	0.7742856144405287	0.27408239628511794	0.21718831450511344	0.0	0.9541357903523484	0.26095305240129957	0.34626478170156455	1.0	1.0	0.1	1.0	0.4	0.3	0.1	0.6	10.0	0.0	0.2805255650350151	0.0709527519765668	1.6827223932216537	0.5119980618522887
ecf-265412	1.7454719949364002	1.6931471805599454	2.09861228866811	0.3242564166421373	0.4878608501368513	0.4495945175724508	0.7742856144405287	0.2277333591410945	0.4878608501368513	0.4495945175724508	0.7742856144405287	0.2277333591410945	0.23336386370265655	0.12060449502067383	0.9541357903523484	0.2647473626508	0.26453249528978917	0.8793955049793262	0.8	0.0	0.8	0.2	0.1	0.0	0.9	9.0	0.5	0.7648826494993535	0.630794690408787	2.03707846427942	0.7478019768585
ecf-265413	1.2772588722239782	1.0	1.6931471805599454	0.35793966490390583	0.6946334164640123	0.7232085562948732	0.9126813362866741	0.23364970309012614	0.6946334164640123	0.7232085562948732	0.9126813362866741	0.23364970309012614	0.2331056913491381	0.12060449502067383	0.9541357903523484	0.2644094271585181	0.2955334347910291	0.8793955049793262	0.9	0.0	0.9	0.1	0.6	0.0	0.4	10.0	0.3	1.6359399429020278	2.0484448062448775	2.8593750224612062	1.4736439788768125
ecf-313029	2.091315951499513	2.09861228866811	2.386294361119891	0.32089145986131407	0.18794442183104493	0.18794442183104493	0.3655394108322471	0.2511572420550008	0.18794442183104493	0.18794442183104493	0.3655394108322471	0.2511572420550008	0.22022617487584098	0.0	0.9541357903523484	0.2622058621418629	0.37773627390379355	1.0	1.0	0.1	1.0	0.1	0.0	0.2	0.7	8.0	0.1	0.05924503699496894	0.05924503699496894	0.05924503699496894	0.0
ecf-199366	1.2772588722239782	1.0	1.6931471805599454	0.35793966490390583	0.6456742932515007	0.5673521731604222	0.9126813362866741	0.179563312448758	0.6456742932515007	0.5673521731604222	0.9126813362866741	0.179563312448758	0.31875749393657227	0.37029054626771124	0.9541357903523484	0.2577667901423688	0.315332638102303	0.6297094537322887	1.0	0.0	1.0	0.0	0.5	0.4	0.1	9.0	0.1	0.8893414684345897	0.0	4.258091903579654	1.705741379452077
ecf-183492	1.0	1.0	1.0	0.0	0.5291932418651295	0.5291932418651295	0.7232085562948732	0.27437908897462404	0.5291932418651295	0.5291932418651295	0.7232085562948732	0.27437908897462404	0.31698407657284383	0.36402414442464	0.9541357903523484	0.25804082705755216	0.3382851355216961	0.6359758555753601	1.0	0.0	1.0	0.0	1.0	0.0	0.0	6.0	0.0	0.45644195563287854	0.45644195563287854	0.45644195563287854	0.0
ecf-196298	1.5598421958998376	1.3465735902799727	2.6094379124341005	0.6286986071098388	0.4423621643189779	0.3522214396260649	0.8616033789950089	0.3205802456869607	0.4423621643189779	0.3522214396260649	0.8616033789950089	0.3205802456869607	0.31620926221711193	0.3454459213516886	0.9541357903523484	0.25979716578328166	0.25171464304287255	0.6545540786483114	1.0	0.1	1.0	0.0	0.5	0.2	0.3	9.0	0.0	0.7896724947757173	0.25272217779512335	5.46206470790559	1.2026645796980264
ecf-195275	2.655524545533298	2.4978661367769956	3.772588722239781	0.925868673158876	0.24030946722649296	0.16002518075809546	0.5451313354441313	0.24933167072777823	0.24030946722649296	0.16002518075809546	0.5451313354441313	0.24933167072777823	0.30705601726216425	0.32764414544706927	0.9541357903523484	0.259935138738764	0.3025677935169771	0.6723558545529307	1.0	0.1	1.0	0.0	0.1	0.8	0.1	10.0	0.0	0.18959407995707023	0.0447865483512668	1.104755100182608	0.30159591008939407
ecf-259273	1.5950642552587728	1.6931471805599454	2.386294361119891	0.4702258803796814	0.5077619141209888	0.4998664412328988	0.9126813362866741	0.27721412472431123	0.5077619141209888	0.4998664412328988	0.9126813362866741	0.27721412472431123	0.3149332997807348	0.33584661995187187	0.9541357903523484	0.2616554668877701	0.29400307660438385	0.6641533800481281	0.9	0.1	0.9	0.1	0.3	0.0	0.7	10.0	0.0	0.5772304379135221	0.28166800532875197	2.7723636454715765	0.8718159266966032
ecf-278222	1.4158883083359672	1.6931471805599454	1.6931471805599454	0.35793966490390583	0.2527489093139621	0.15842285664862563	0.9126813362866741	0.29873485412117684	0.2527489093139621	0.15842285664862563	0.9126813362866741	0.29873485412117684	0.22091761256176434	0.04090652385159664	0.9541357903523484	0.2617287706943502	0.2639438524136225	0.9590934761484033	1.0	0.1	1.0	0.0	0.2	0.3	0.5	9.0	0.2	0.29453353701557783	0.16439354493415959	1.3760883953540062	0.42136739872939255
ecf-202958	1.4158883083359672	1.0	2.386294361119891	0.5845130251449102	0.4437248869248494	0.40451836418781406	1.0	0.2912186418186544	0.4437248869248494	0.40451836418781406	1.0	0.2912186418186544	0.31910045688781463	0.3547350328881643	0.9541357903523484	0.26203958142681205	0.3549173406281445	0.6452649671118357	0.8	0.0	0.8	0.2	0.5	0.2	0.3	10.0	0.0	0.5218897791638547	0.1771607762749322	3.21958353898125	0.9438700749080451
ecf-286934	1.5817111159963204	1.3465735902799727	2.9459101490553135	0.7494034012898106	0.3577851904328175	0.3489073437469986	0.4821602468279842	0.0808418379231146	0.3577851904328175	0.3489073437469986	0.4821602468279842	0.0808418379231146	0.3176849837487036	0.3498951942218686	0.9541357903523484	0.26123924780544927	0.3378165789781701	0.6501048057781313	1.0	0.2	1.0	0.0	0.4	0.2	0.4	10.0	0.1	1.1031912635520227	0.969746897913566	1.7404320885320388	0.377792643825631
ecf-497876	1.3178053830347947	1.0	2.791759469228055	0.5926686734635953	0.3797005131105953	0.40599713795597125	0.622621612880069	0.18321909285513624	0.3797005131105953	0.40599713795597125	0.622621612880069	0.18321909285513624	0.2119004630754387	0.0	0.9597042741864882	0.26159282457601163	0.3053280628773788	1.0	0.9	0.2	0.9	0.1	0.4	0.4	0.2	10.0	0.1	1.4028889007639176	0.9521752903896351	3.834277656803293	1.156412360432798
ecf-255191	1.138629436111989	1.0	1.6931471805599454	0.2922565125724551	0.33263469146277164	0.33263469146277164	0.33263469146277164	0.0	0.33263469146277164	0.33263469146277164	0.33263469146277164	0.0	0.2383467777179153	0.138242890180361	0.9541357903523484	0.26649312390605534	0.29547050947913556	0.861757109819639	0.9	0.0	0.9	0.1	0.8	0.0	0.2	10.0	0.4	0.0	0.0	0.0	0.0
ecf-254687	3.713073209389764	3.282174095733918	6.25227342804663	1.9509691045473805	0.14301087412025706	0.1363867810947233	0.2948605047858007	0.12897436257542078	0.14301087412025706	0.1363867810947233	0.2948605047858007	0.12897436257542078	0.2978218996101552	0.3003784839220891	0.9541357903523484	0.2622601124846003	0.2998277499505685	0.6996215160779109	1.0	0.0	1.0	0.0	0.0	0.5	0.5	9.0	0.0	0.2069588206100202	-0.021432624192688786	1.4938714310103893	0.6334958234211122
ecf-267481	1.7167037876912221	1.8958797346140277	2.386294361119891	0.5347762495609308	0.26461243107705545	0.2703728989749041	0.39590493602162596	0.07653064871451161	0.26461243107705545	0.2703728989749041	0.39590493602162596	0.07653064871451161	0.23380038617798146	0.13274493143414426	0.9541357903523484	0.26481521957228554	0.28494292906352015	0.8672550685658558	1.0	0.0	1.0	0.0	0.3	0.5	0.2	9.0	0.2	0.10653979694947613	0.2645329239331527	0.9430997723016039	0.6914242358738729
ecf-337624	2.625514086288264	2.777674030744707	3.302585092994046	0.5804745070881294	0.3883325290678531	0.529166055747774	0.6507302904313014	0.2746331821043279	0.3883325290678531	0.529166055747774	0.6507302904313014	0.2746331821043279	0.2256120181349345	0.08009518842402688	0.9541357903523484	0.2626125720233695	0.3233943113745249	0.9199048115759731	1.0	0.0	1.0	0.2	0.0	0.4	0.6	10.0	0.0	0.7749527521774628	0.36228752064443903	3.382623166225754	1.0947132764792544
ecf-343780	2.276514257022365	1.549306144334055	3.9444389791664403	1.450989051036159	0.5608149171756269	0.5608149171756269	0.8253631221551779	0.37412765938353854	0.5608149171756269	0.5608149171756269	0.8253631221551779	0.37412765938353854	0.2781506514136895	0.24822339280218975	0.9541357903523484	0.26808246293800425	0.3237075604307444	0.7517766071978103	0.8	0.0	0.8	0.2	0.5	0.2	0.3	10.0	0.3	2.0645779056399705	2.0645779056399705	2.0645779056399705	0.0
ecf-273135	1.138629436111989	1.0	1.6931471805599454	0.2922565125724551	0.48755994797660457	0.5451313354441313	0.9126813362866741	0.32650764901880847	0.48755994797660457	0.5451313354441313	0.9126813362866741	0.32650764901880847	0.23353726897633953	0.13274493143414426	0.9541357903523484	0.26434916804933595	0.3018841449167342	0.8672550685658558	1.0	0.2	1.0	0.0	0.7	0.2	0.1	10.0	0.2	0.16548806015682774	0.0	1.162061908710299	0.432641566370199
ecf-337643	1.4143134726391533	1.0	3.1972245773362196	0.8754557933723982	0.38878416625244466	0.38590617285603973	0.6164757287389707	0.16621664239656855	0.38878416625244466	0.38590617285603973	0.6164757287389707	0.16621664239656855	0.2177569295727679	0.0	0.9541357903523484	0.2612103005129136	0.27195413129225476	1.0	1.0	0.0	1.0	0.0	0.8	0.1	0.1	9.0	0.2	0.7591382003075402	0.5234900177953461	2.4251468695673863	0.7726074956221671
ecf-195824	1.8958797346140277	2.09861228866811	2.386294361119891	0.5091187310120324	0.5322012917125952	0.5322012917125952	0.5322012917125952	0.0	0.5322012917125952	0.5322012917125952	0.5322012917125952	0.0	0.25143492312862287	0.17444310526900247	0.9541357903523484	0.26862305129986	0.2578736996895321	0.8255568947309975	1.0	0.0	1.0	0.0	0.2	0.3	0.5	10.0	0.3	0.0	0.0	0.0	0.0
ecf-478452	1.0770163533955495	1.0	1.6931471805599454	0.23104906018664842	0.6252625497771499	0.6953847173713914	0.9126813362866741	0.33196226101733073	0.6252625497771499	0.6953847173713914	0.9126813362866741	0.33196226101733073	0.2129428166220713	0.0	0.9597042741864882	0.26089614027083025	0.33500727940676456	1.0	0.9	0.1	0.9	0.0	0.5	0.3	0.1	9.0	0.4	0.2797294759945264	0.0	0.8635835100682953	0.43362961082977436
ecf-192756	1.4301334456564323	1.6931471805599454	2.09861228866811	0.42773063761480096	0.5724820374174174	0.6430935622492024	0.7972530959450946	0.199910978289891	0.5724820374174174	0.6430935622492024	0.7972530959450946	0.199910978289891	0.3097752438393613	0.3332523278142013	0.9541357903523484	0.2590927804773186	0.351987196172564	0.6667476721857988	0.8	0.2	0.8	0.1	0.3	0.2	0.4	10.0	0.1	1.175298879501535	1.0396777237146508	3.321998544409319	1.0366044005169825
ecf-273138	2.5595035489523985	2.9459101490553135	3.995732273553991	1.1133092710722097	0.2641439424049575	0.2795211725725142	0.3671852656821504	0.11152786044367569	0.2641439424049575	0.2795211725725142	0.3671852656821504	0.11152786044367569	0.2637099893593781	0.2039258183301068	0.9541357903523484	0.26930635504888867	0.2785056939321339	0.7960741816698932	1.0	0.1	1.0	0.0	0.2	0.4	0.4	10.0	0.0	0.33171490517636065	0.18121743471710178	1.0414059747844893	0.6476914327923567
ecf-414448	1.5545177444479563	1.6931471805599454	2.386294361119891	0.43838476885868266	0.4187453112339381	0.49520107152982035	0.5149989060507026	0.14989789715169055	0.4187453112339381	0.49520107152982035	0.5149989060507026	0.14989789715169055	0.21529266703346744	0.0	0.9597042741864882	0.261684992536032	0.32854773347562605	1.0	0.9	0.1	0.9	0.1	0.2	0.1	0.7	10.0	0.4	0.6879629108599911	0.8630593186215803	1.1881028594191705	0.6069360992119102
ecf-342782	1.3465735902799727	1.0	2.386294361119891	0.49012907173427367	0.4696639571024006	0.2948605047858007	1.0	0.3082868009312557	0.4696639571024006	0.2948605047858007	1.0	0.3082868009312557	0.31033147191441873	0.33190737462816133	0.9541357903523484	0.25943681139118235	0.32551585172679776	0.6680926253718387	0.8	0.1	0.8	0.2	0.3	0.4	0.3	10.0	0.0	0.8083288038391618	0.5894151567832373	2.341169291397593	0.8547725489219039
ecf-256767	1.0693147180559945	1.0	1.6931471805599454	0.21919238442934133	0.5543370239114256	0.490415854079805	1.0	0.2865694989874233	0.5543370239114256	0.490415854079805	1.0	0.2865694989874233	0.22382277700711872	0.08009518842402688	0.9541357903523484	0.26194689136179056	0.32264191886013854	0.9199048115759731	0.9	0.2	0.9	0.1	0.6	0.3	0.1	10.0	0.2	0.6039786402510984	0.18096132209224117	2.4747006840221157	0.8963768909888756
ecf-242950	1.907658038179666	2.09861228866811	2.791759469228055	0.5471255829474718	0.37503847668805007	0.2795211725725142	0.6979299943329438	0.18469024911651105	0.37503847668805007	0.2795211725725142	0.6979299943329438	0.18469024911651105	0.24042112047541872	0.138242890180361	0.9541357903523484	0.2668137465369251	0.28936882650406454	0.861757109819639	1.0	0.2	1.0	0.0	0.1	0.3	0.6	10.0	0.3	0.668599471944949	0.5326786868749404	1.51140390977203	0.5301387042113119
ecf-264963	3.0772024914918386	3.71467281447722	4.713572066704308	1.475955901595367	0.2804986947377926	0.22565740060589834	0.7232085562948732	0.27863178807414246	0.2804986947377926	0.22565740060589834	0.7232085562948732	0.27863178807414246	0.2670693522811536	0.21540849440417917	0.9541357903523484	0.269356053965498	0.3293706836299054	0.7845915055958208	1.0	0.0	1.0	0.0	0.2	0.8	0.0	9.0	0.0	0.26612587259812603	0.10497130016671848	1.7749725643657495	0.5603646951352271
ecf-275722	1.2890371757896166	1.0	2.09861228866811	0.4782986103144945	0.4085601794776629	0.41741513572889777	0.7548669549834176	0.3019331628575097	0.4085601794776629	0.41741513572889777	0.7548669549834176	0.3019331628575097	0.3773099898777705	0.414056533859564	0.9541357903523484	0.2750280614231358	0.3177627242475599	0.585943466140436	0.8	0.0	0.8	0.2	0.1	0.7	0.2	9.0	0.0	0.19123962363189329	0.015316771724428866	2.93300827350466	0.8050343116462223
ecf-236812	1.2772588722239782	1.0	1.6931471805599454	0.35793966490390583	0.22833278729402284	0.20175708064546988	0.4250496168920286	0.14660239437710276	0.22833278729402284	0.20175708064546988	0.4250496168920286	0.14660239437710276	0.24028683761585393	0.138242890180361	0.9541357903523484	0.26640449708237723	0.27814450464716267	0.861757109819639	1.0	0.1	1.0	0.0	0.4	0.3	0.3	10.0	0.1	0.3726273008458704	0.2922362875800167	0.8895191798095391	0.27809982912183107
ecf-486675	1.3465735902799727	1.3465735902799727	1.6931471805599454	0.36532064071556886	0.3276117710760137	0.36793646431782845	0.6164757287389707	0.2679865520288069	0.3276117710760137	0.36793646431782845	0.6164757287389707	0.2679865520288069	0.21007897886809002	0.0	0.9597042741864882	0.2611278501519694	0.289886741506195	1.0	1.0	0.2	1.0	0.1	0.3	0.2	0.5	10.0	0.0	0.44115125498753677	0.20935507483568594	2.7623827564738965	0.8074846409087107
ecf-19733	1.914931567013841	1.6931471805599454	2.9459101490553135	0.6874031620984972	0.39374709355886905	0.34722656607332064	0.8616033789950089	0.25319494642965334	0.39374709355886905	0.34722656607332064	0.8616033789950089	0.25319494642965334	0.343924623636735	0.38697802942043696	0.9541357903523484	0.26579687200478336	0.3175223528918777	0.613021970579563	1.0	0.1	1.0	0.0	0.2	0.2	0.6	9.0	0.0	0.4764401497340839	0.34459822980569	1.7621354176050688	0.43031919160722515
ecf-208667	1.5950642552587728	1.6931471805599454	2.09861228866811	0.3381494376050024	0.32673971297708815	0.26250842400516616	0.5417722565008734	0.14381356367933365	0.32673971297708815	0.26250842400516616	0.5417722565008734	0.14381356367933365	0.2462646411793516	0.1606944585536755	0.9541357903523484	0.2676772675565646	0.3122460659986575	0.8393055414463245	1.0	0.1	1.0	0.0	0.2	0.2	0.6	9.0	0.1	0.34613857693529515	0.45614657898805944	0.6233580105253419	0.31514164819033774
ecf-411935	1.8030084094267564	1.6931471805599454	2.386294361119891	0.24132966657668112	0.15143437053529576	0.14422830547587456	0.31287144168365294	0.15668797458969866	0.15143437053529576	0.14422830547587456	0.31287144168365294	0.15668797458969866	0.27322233599586804	0.2433392435784331	0.9541357903523484	0.2679225292366956	0.37954787698635406	0.7566607564215669	1.0	0.1	1.0	0.0	0.0	0.0	1.0	9.0	0.5	0.12730829450206213	0.08326446506326347	0.38143704198929945	0.14275948973535393
ecf-320799	1.4301334456564323	1.6931471805599454	2.09861228866811	0.4277306376148009	0.7616465582440608	0.7616465582440608	0.8253631221551779	0.09010882883091387	0.7616465582440608	0.7616465582440608	0.8253631221551779	0.09010882883091387	0.23080106644023665	0.08876272191046664	0.9541357903523484	0.26345270087751244	0.4692024826168562	0.9112372780895334	0.9	0.0	0.9	0.1	0.5	0.3	0.1	10.0	0.2	4.162781723775329	4.162781723775329	4.162781723775329	0.0
ecf-240926	1.219722457733622	1.0	2.09861228866811	0.4632156130188825	0.5119823993992301	0.5204760375493837	0.7972530959450946	0.15015196643475903	0.5119823993992301	0.5204760375493837	0.7972530959450946	0.15015196643475903	0.3353536355532688	0.3817993961777003	0.9541357903523484	0.2565638451997701	0.3256664817460585	0.6182006038222997	0.8	0.2	0.8	0.3	0.5	0.4	0.1	10.0	0.1	0.8722114471831227	0.8897136084936654	3.184797422895834	0.8653459822899603
ecf-310554	1.5545177444479563	1.6931471805599454	1.6931471805599454	0.2922565125724551	0.3492539066144351	0.3492539066144351	0.4495945175724508	0.14190305287362814	0.3492539066144351	0.3492539066144351	0.4495945175724508	0.14190305287362814	0.2205446846352195	0.0	0.9541357903523484	0.2616046748582193	0.2745588970954396	1.0	1.0	0.2	1.0	0.0	0.2	0.0	0.8	10.0	0.4	-0.32942334716971655	-0.32942334716971655	-0.32942334716971655	0.0
ecf-236828	1.4158883083359672	1.6931471805599454	1.6931471805599454	0.35793966490390583	0.28989578322685816	0.282021371896914	0.5072055097751471	0.12313981554479297	0.28989578322685816	0.282021371896914	0.5072055097751471	0.12313981554479297	0.3462285331634381	0.3889585496449321	0.9541357903523484	0.2604892776253644	0.28522205338706685	0.6110414503550678	1.0	0.1	1.0	0.0	0.4	0.2	0.4	9.0	0.4	0.7856169600659032	0.6545463485779117	2.0446944669978335	0.5743086070991936
ecf-319259	3.396276751722435	3.668769039850659	5.174387269895637	1.6150209121983778	0.09131334656330094	0.0749590568738768	0.19781450531556977	0.08089564540251587	0.09131334656330094	0.0749590568738768	0.19781450531556977	0.08089564540251587	0.286557852800761	0.2788612350975468	0.9541357903523484	0.26633219119426443	0.25425222924886737	0.7211387649024532	1.0	0.0	1.0	0.3	0.2	0.6	0.2	9.0	0.2	0.08733249539322979	-0.007479545000307481	0.7995389948891434	0.2554136763548442
ecf-267035	2.7580950973193	2.3540251005511053	4.465735902799727	1.078928115406637	0.0749590568738768	0.0749590568738768	0.0749590568738768	0.0	0.0749590568738768	0.0749590568738768	0.0749590568738768	0.0	0.2648203472093123	0.2074729103486869	0.9541357903523484	0.26932742838323814	0.2952287929781153	0.7925270896513131	1.0	0.1	1.0	0.0	0.0	0.3	0.7	10.0	0.5	0.0	0.0	0.0	0.0
ecf-328999	1.2772588722239782	1.0	1.6931471805599454	0.35793966490390583	0.3075126278635494	0.30751262786354944	0.6106158262213178	0.42865265391621854	0.3075126278635494	0.30751262786354944	0.6106158262213178	0.42865265391621854	0.22772752969163565	0.08722155263450124	0.9541357903523484	0.2631903884311016	0.31251703843255096	0.9127784473654987	0.9	0.1	0.9	0.2	0.1	0.6	0.3	10.0	0.1	0.02507294666979375	0.02507294666979375	0.02507294666979375	0.0
ecf-328998	1.6238324625039509	1.6931471805599454	2.386294361119891	0.6069162303568929	0.5897281432920393	0.6502529239606375	0.9126813362866741	0.3642809074309358	0.5897281432920393	0.6502529239606375	0.9126813362866741	0.3642809074309358	0.22840227792775905	0.08722155263450124	0.9541357903523484	0.2632876457458239	0.2663953264020238	0.9127784473654987	1.0	0.0	1.0	0.2	0.1	0.3	0.6	10.0	0.3	0.685522113910187	0.2891484781365671	2.3824509503708966	0.9506678875862367
ecf-411936	3.6356478016637164	3.3937458713910233	5.532599493153256	1.1495388342542179	0.15057262979277355	0.14250482399083014	0.31287144168365294	0.157581760008127	0.15057262979277355	0.14250482399083014	0.31287144168365294	0.157581760008127	0.2720053100003408	0.24028041797001407	0.9541357903523484	0.26794365195200776	0.370569183220689	0.7597195820299859	1.0	0.2	1.0	0.1	0.0	0.0	1.0	9.0	0.4	0.1221634718640203	0.08153554136182396	0.38143704198929945	0.14109632012151843
ecf-269612	1.2772588722239782	1.0	1.6931471805599454	0.35793966490390583	0.31300269313527784	0.3082256330259727	0.5047113262456289	0.16249980359922295	0.31300269313527784	0.3082256330259727	0.5047113262456289	0.16249980359922295	0.35314614703044517	0.39223106394083496	0.9541357903523484	0.26015136050959475	0.2687488003719874	0.607768936059165	1.0	0.1	1.0	0.1	0.4	0.2	0.4	10.0	0.3	0.4622935256272774	0.508087952607632	0.9128037163570155	0.34039680783444304
ecf-266539	1.2772588722239782	1.0	1.6931471805599454	0.35793966490390583	0.3466227097237204	0.282021371896914	0.9126813362866741	0.2696034798268836	0.3466227097237204	0.282021371896914	0.9126813362866741	0.2696034798268836	0.34834153649167404	0.396640140365599	0.9541357903523484	0.2594233473964735	0.26224353400539807	0.603359859634401	1.0	0.0	1.0	0.0	0.3	0.6	0.1	9.0	0.1	0.2949472568154548	0.09898246089800498	1.3454759039246043	0.47976913585049874
ecf-234803	1.2310490601866484	1.0	1.6931471805599454	0.3465735902799727	0.4173404001208495	0.3371196749661566	0.6106158262213178	0.1407827430754216	0.4173404001208495	0.3371196749661566	0.6106158262213178	0.1407827430754216	0.35014694009839364	0.40003724785994305	0.9541357903523484	0.2586787963353484	0.2762902528583573	0.599962752140057	0.9	0.2	0.9	0.0	0.3	0.3	0.3	9.0	0.2	0.6671489399461162	0.6496092781696146	1.8967663155630083	0.6917228546717932
ecf-273718	1.138629436111989	1.0	2.386294361119891	0.43838476885868266	0.7463346364354166	0.8179467445507058	1.0	0.3153890818862398	0.7463346364354166	0.8179467445507058	1.0	0.3153890818862398	0.22387918395521852	0.06932902954750231	0.9541357903523484	0.2622956770393742	0.4625567801536721	0.9306709704524977	0.9	0.0	0.9	0.2	0.8	0.2	0.0	10.0	0.5	0.0	0.0	0.0	0.0
ecf-207670	1.7441149164073873	2.09861228866811	2.6094379124341005	0.6036530638298181	0.3622953303058974	0.3622953303058974	0.5417722565008734	0.25381870315797	0.3622953303058974	0.3622953303058974	0.5417722565008734	0.25381870315797	0.24641404528511052	0.16179619313849972	0.9541357903523484	0.26740260157159645	0.3309746831702036	0.8382038068615003	0.8	0.0	0.8	0.1	0.3	0.1	0.5	10.0	0.3	-0.39563032299060286	-0.39563032299060286	-0.39563032299060286	0.0
ecf-265010	2.741327422350349	2.2424533248940004	4.555348061489413	1.173961795924508	0.24205657460920563	0.22565740060589834	0.3516220024924225	0.10235591521069731	0.24205657460920563	0.22565740060589834	0.3516220024924225	0.10235591521069731	0.2966790067246539	0.2930832773814352	0.9541357903523484	0.2650255329569015	0.2911846564002015	0.7069167226185649	1.0	0.1	1.0	0.0	0.0	0.2	0.8	10.0	0.2	0.9377920439214539	0.7458887863296624	1.7749725643657495	0.7596317627772494
ecf-341820	1.606842558824411	1.6931471805599454	2.386294361119891	0.5598597100009737	0.6969023353538021	0.6969023353538021	0.8616033789950089	0.23292244965439773	0.6969023353538021	0.6969023353538021	0.8616033789950089	0.23292244965439773	0.21796254291590877	0.0	0.9597042741864882	0.2624489809329747	0.3280856433675898	1.0	0.9	0.1	0.9	0.1	0.2	0.3	0.5	10.0	0.4	0.0	0.0	0.0	0.0
ecf-464701	1.8812843433517197	1.8958797346140277	2.9459101490553135	0.7166058008109084	0.38978261404178427	0.2795211725725142	0.6869691985882167	0.19025625567753074	0.38978261404178427	0.2795211725725142	0.6869691985882167	0.19025625567753074	0.22357267215605786	0.07643411560674837	0.9541357903523484	0.2622005466234147	0.3327995831525779	0.9235658843932516	1.0	0.0	1.0	0.0	0.3	0.6	0.1	10.0	0.0	0.5080038659547638	0.5773527701974889	1.287677438009953	0.6386247904187582
ecf-261438	1.8188689124444202	1.6931471805599454	2.6094379124341005	0.5588507858473063	0.3938139928475088	0.31618463960280585	1.0	0.25200781766482483	0.3938139928475088	0.31618463960280585	1.0	0.25200781766482483	0.22542077988142828	0.08306642963205146	0.9541357903523484	0.2625447641845405	0.3356868873757004	0.9169335703679485	1.0	0.2	1.0	0.1	0.2	0.3	0.5	10.0	0.0	0.7144999480873626	0.501470359880419	4.258091903579654	1.3303268464794125
ecf-327994	1.7742402021815784	1.6931471805599454	2.386294361119891	0.36877411846782127	0.5047998035100767	0.4495945175724508	1.0	0.3399848084482152	0.5047998035100767	0.4495945175724508	1.0	0.3399848084482152	0.21839706652813667	0.0	0.9541357903523484	0.2617112140831105	0.2918338218823579	1.0	1.0	0.1	1.0	0.0	0.1	0.0	0.9	7.0	0.8	0.15829726187153645	0.0738549818299646	1.3594213428687945	1.012194768149322
ecf-348487	3.3970266567745067	3.470821211304652	5.04305126783455	1.2020793835475678	0.5170019593977503	0.5644107678790318	1.0	0.31529363550794176	0.5170019593977503	0.5644107678790318	1.0	0.31529363550794176	0.27693964668968934	0.2481759264822413	0.9541357903523484	0.2678236794591817	0.27407372776948224	0.7518240735177587	0.8	0.2	0.8	0.0	0.0	0.4	0.4	10.0	0.0	0.5991420517931576	0.33810072850233125	2.9100187552799612	0.8017809227005805
ecf-302407	1.2079441541679836	1.0	1.6931471805599454	0.33482189780177213	0.28768054867053733	0.20523225594149813	0.8616033789950089	0.29713859874219517	0.28768054867053733	0.20523225594149813	0.8616033789950089	0.29713859874219517	0.2332537894887829	0.11087348494424551	0.9541357903523484	0.2644458195268678	0.29823051833931113	0.8891265150557545	1.0	0.2	1.0	0.0	0.8	0.0	0.2	10.0	0.3	0.45885278261025303	0.2104128702244858	1.6912213159402234	0.5689787254053172
ecf-496963	1.6643789733147674	1.6931471805599454	2.09861228866811	0.2659529762801336	0.2903371027652328	0.2579631905597681	0.40905669219867014	0.1062967240386276	0.2903371027652328	0.2579631905597681	0.40905669219867014	0.1062967240386276	0.21200034583760052	0.0	0.9597042741864882	0.26175688352679727	0.31826731707793965	1.0	1.0	0.1	1.0	0.0	0.1	0.0	0.9	10.0	0.4	0.4380732050883378	0.452263094557912	0.8432875185112817	0.41249235033506687
ecf-147269	2.9322238192068637	2.9356005054539454	3.8903717578961645	0.7833370042815432	0.06699833864995731	0.05763039569255207	0.15717139059272947	0.057027163129472494	0.06699833864995731	0.05763039569255207	0.15717139059272947	0.057027163129472494	0.2735842352546581	0.24028041797001407	0.9541357903523484	0.2701689845068551	0.28407588365856523	0.7597195820299859	1.0	0.3	1.0	0.1	0.0	0.0	1.0	9.0	0.0	-0.06095939605084636	0.02507294666979375	0.2336844967236498	0.33341951098012723
ecf-265551	1.2079441541679836	1.0	1.6931471805599454	0.33482189780177213	0.44959408799297096	0.47131133107464873	0.7232085562948732	0.23963070869482214	0.44959408799297096	0.47131133107464873	0.7232085562948732	0.23963070869482214	0.23278318340553947	0.13274493143414426	0.9541357903523484	0.2637739502828591	0.3098651719592812	0.8672550685658558	0.9	0.1	0.9	0.1	0.7	0.1	0.2	10.0	0.1	-0.018406294618849534	0.0	0.9192132863167568	0.5348595616585383
ecf-339790	1.138629436111989	1.0	1.6931471805599454	0.2922565125724551	0.23376313674268925	0.20823829658427345	0.4495945175724508	0.1739488853109127	0.23376313674268925	0.20823829658427345	0.4495945175724508	0.1739488853109127	0.2186220085205645	0.0	0.9597042741864882	0.2626784843756808	0.2675789010329257	1.0	0.9	0.0	0.9	0.1	0.6	0.3	0.1	9.0	0.4	0.35796771778430814	0.21074393453769963	1.5584099521479606	0.4197036650174363
ecf-299849	2.063277377971195	2.09861228866811	2.791759469228055	0.5002225335685864	0.2752374909599725	0.2752374909599725	0.3015616862635256	0.03722803401684288	0.2752374909599725	0.2752374909599725	0.3015616862635256	0.03722803401684288	0.2327718550336833	0.09938397489681772	0.9541357903523484	0.26426593915446617	0.2871439690507049	0.9006160251031823	1.0	0.2	1.0	0.0	0.1	0.3	0.6	10.0	0.4	1.0413064974090624	1.0413064974090624	1.0413064974090624	0.0
ecf-321354	1.606842558824411	1.6931471805599454	2.386294361119891	0.5598597100009736	0.4979499080766968	0.48851191765558316	0.9126813362866741	0.22561690040707708	0.4979499080766968	0.48851191765558316	0.9126813362866741	0.22561690040707708	0.32006998621903626	0.35918430575834426	0.9541357903523484	0.2607087773449929	0.24513929892058853	0.6408156942416557	1.0	0.1	1.0	0.0	0.2	0.4	0.4	10.0	0.0	0.7327408449254793	0.4162834002000485	3.321998544409319	1.0698584821824673
ecf-259917	1.9301122979153507	2.09861228866811	3.70805020110221	1.0128760421228218	0.5050910952127281	0.5349300549410363	1.0	0.3622774013138275	0.5050910952127281	0.5349300549410363	1.0	0.3622774013138275	0.23376747675171833	0.09938397489681772	0.9541357903523484	0.26569805928128176	0.3611668271396693	0.9006160251031823	0.9	0.1	0.9	0.0	0.4	0.3	0.2	10.0	0.1	0.4381442656330937	0.29150180183958124	1.4441813117779667	0.4876613126894989
ecf-134483	1.848879371689454	2.09861228866811	2.6094379124341005	0.6092696335155114	0.8253631221551779	0.8253631221551779	0.8253631221551779	0.0	0.8253631221551779	0.8253631221551779	0.8253631221551779	0.0	0.2550835117407979	0.18073044713306782	0.9541357903523484	0.26891189924270825	0.27852587922148153	0.8192695528669321	0.9	0.0	0.9	0.1	0.3	0.0	0.7	10.0	0.3	0.0	0.0	0.0	0.0
ecf-233808	1.8841014310483892	1.6931471805599454	2.386294361119891	0.2601332175383444	0.2579631905597681	0.2579631905597681	0.2579631905597681	0.0	0.2579631905597681	0.2579631905597681	0.2579631905597681	0.0	0.2411589734351128	0.14144202509333376	0.9541357903523484	0.26658359835730316	0.31399236447090023	0.8585579749066663	1.0	0.1	1.0	0.0	0.0	0.0	1.0	9.0	0.3	0.0	0.0	0.0	0.0
ecf-256853	1.6238324625039509	1.6931471805599454	1.6931471805599454	0.21919238442934133	0.49858696972465494	0.4495945175724508	0.7972530959450946	0.27743346845878303	0.49858696972465494	0.4495945175724508	0.7972530959450946	0.27743346845878303	0.23560250418365453	0.13382061170323806	0.9541357903523484	0.2655452122371119	0.29457070914006317	0.8661793882967619	0.9	0.3	0.9	0.1	0.1	0.0	0.9	10.0	0.4	0.3776375916295407	0.0	1.4623361220583386	0.9537075609697767
ecf-328542	1.6238324625039509	1.6931471805599454	2.386294361119891	0.393462371540262	0.4317855988527239	0.4317855988527239	0.4317855988527239	0.0	0.4317855988527239	0.4317855988527239	0.4317855988527239	0.0	0.2287280029692166	0.08722155263450124	0.9541357903523484	0.263168862918742	0.32895384684577406	0.9127784473654987	1.0	0.0	1.0	0.1	0.2	0.0	0.8	10.0	0.0	0.0	0.0	0.0	0.0
ecf-329054	1.9246479418592057	2.09861228866811	2.386294361119891	0.4167387714285367	0.15274672708303433	0.14572538896020792	0.282021371896914	0.1259108890797109	0.15274672708303433	0.14572538896020792	0.282021371896914	0.1259108890797109	0.22705675640830245	0.08707882961751523	0.9541357903523484	0.26309195149060377	0.2899720640405524	0.9129211703824848	1.0	0.1	1.0	0.0	0.1	0.0	0.9	9.0	0.4	0.22234295488573494	0.09898246089800498	0.48207708822696865	0.22503044350702647
ecf-224095	1.6423048350880367	1.6931471805599454	2.09861228866811	0.5093749061950223	0.5924011567822629	0.6869691985882167	0.8616033789950089	0.2694532785381423	0.5924011567822629	0.6869691985882167	0.8616033789950089	0.2694532785381423	0.24368169048108512	0.15583332497100505	0.9541357903523484	0.2670649961231523	0.3040876066914388	0.8441666750289949	0.9	0.0	0.9	0.0	0.2	0.1	0.6	10.0	0.4	0.2692270852090965	0.0	1.1171776201811652	0.422532966513838
ecf-339291	1.2890371757896166	1.0	2.09861228866811	0.4782986103144945	0.23115281222660347	0.15897554879391332	0.6768862799257542	0.22641694523801678	0.23115281222660347	0.15897554879391332	0.6768862799257542	0.22641694523801678	0.21838376959739286	0.0	0.9597042741864882	0.2624879437163597	0.33084970169677547	1.0	1.0	0.2	1.0	0.0	0.4	0.5	0.1	9.0	0.5	0.11021645235923479	0.32782833680618717	0.7781025961456149	0.6896087495636875
ecf-473443	1.5768320995793772	1.6931471805599454	2.6094379124341005	0.488268569816735	0.1631469500463291	0.08652404374906059	0.5485824676246148	0.22222155505715258	0.1631469500463291	0.08652404374906059	0.5485824676246148	0.22222155505715258	0.21306698553036216	0.0	0.9597042741864882	0.26088577033583105	0.2978195899206158	1.0	1.0	0.1	1.0	0.1	0.2	0.5	0.3	10.0	0.0	0.08839887376510766	0.023951869966948876	0.6243832205996889	0.1944239248606163
ecf-234342	1.4276666119016057	1.3465735902799727	2.09861228866811	0.47449032937408914	0.41661330436183724	0.3972600393116084	0.6768862799257542	0.22008156880455979	0.41661330436183724	0.3972600393116084	0.6768862799257542	0.22008156880455979	0.22362693462565392	0.08009518842402688	0.9541357903523484	0.2616818493396752	0.31063304192236163	0.9199048115759731	0.9	0.1	0.9	0.1	0.5	0.5	0.0	9.0	0.5	0.7859674014650371	0.7345738149636083	1.531874398521995	0.605940538182509
ecf-258916	1.3744665341942488	1.0	2.6094379124341005	0.589114946334756	0.365698368865199	0.37575379709126033	0.5996554800102895	0.17016271448050393	0.365698368865199	0.37575379709126033	0.5996554800102895	0.17016271448050393	0.3164432740836562	0.35844548333503023	0.9541357903523484	0.2599871801545444	0.3809433039773917	0.6415545166649698	0.7	0.0	0.7	0.1	0.6	0.2	0.0	10.0	0.1	0.2512507829818819	0.3221498867940583	1.4225283821784844	0.6945045590904273
ecf-255347	1.4969813299576002	1.6931471805599454	2.09861228866811	0.45531497694010575	0.37505103757237007	0.3958857326106725	0.5595423643388393	0.19320461848448756	0.37505103757237007	0.3958857326106725	0.5595423643388393	0.19320461848448756	0.23789207509832486	0.138242890180361	0.9541357903523484	0.26631976149940334	0.27951935299801434	0.861757109819639	0.9	0.0	0.9	0.1	0.4	0.0	0.6	8.0	0.0	0.8785492763188683	0.8479857727721161	1.6572557867845934	0.48616310333367385
ecf-254833	1.6238324625039509	1.6931471805599454	1.6931471805599454	0.21919238442934133	0.24285131254989384	0.14572538896020792	0.5557820912675814	0.2774264342116894	0.24285131254989384	0.14572538896020792	0.5557820912675814	0.2774264342116894	0.23942941122738545	0.138242890180361	0.9541357903523484	0.2665278371149703	0.3107115706432883	0.861757109819639	0.9	0.1	0.9	0.1	0.2	0.0	0.8	10.0	0.1	0.39659147338260126	0.20935507483568594	0.9218611182052588	0.4611031036008415
ecf-385395	2.1857365871240617	2.2424533248940004	3.995732273553991	1.0169370108720117	0.2487354515560432	0.19540834680126104	0.529166055747774	0.19955275987300367	0.2487354515560432	0.19540834680126104	0.529166055747774	0.19955275987300367	0.2756893548310451	0.2481759264822413	0.9541357903523484	0.26786270233607073	0.24245000413019144	0.7518240735177587	1.0	0.1	1.0	0.0	0.3	0.4	0.3	10.0	0.2	0.3092011894782753	0.34305783283133395	0.9134648734058927	0.43729279613144256
ecf-229237	2.161620381442373	2.151292546497023	3.4849066497880004	0.9988442441824488	0.4376210792447065	0.4250496168920286	0.7099362305302065	0.240097987471328	0.4376210792447065	0.4250496168920286	0.7099362305302065	0.240097987471328	0.24247918679333424	0.1547299816058081	0.9541357903523484	0.2667130828594868	0.32788500120688097	0.8452700183941919	1.0	0.2	1.0	0.0	0.3	0.5	0.2	9.0	0.2	0.781613318213488	0.5390470351339914	3.5043201012032736	0.9074112850267064
ecf-238970	1.2484906649788001	1.0	2.09861228866811	0.41504737116956814	0.5690148904576069	0.5309039748020594	0.8616033789950089	0.16251823281314373	0.5690148904576069	0.5309039748020594	0.8616033789950089	0.16251823281314373	0.30812334661682467	0.33190737462816133	0.9541357903523484	0.258172833913911	0.2851483358705218	0.6680926253718387	1.0	0.2	1.0	0.0	0.4	0.4	0.2	9.0	0.0	0.8771151109919003	0.8249114760644479	3.8038366313020577	0.9777207490226602
ecf-369023	1.8294049640102028	1.6931471805599454	2.6094379124341005	0.6875816182760865	0.2064728440467073	0.05850873207052083	0.6358934891014116	0.2699202529909099	0.2064728440467073	0.05850873207052083	0.6358934891014116	0.2699202529909099	0.22677442455124286	0.08603767084007605	0.9541357903523484	0.26340608286645717	0.2796743347809284	0.9139623291599239	1.0	0.3	1.0	0.1	0.3	0.0	0.7	10.0	0.1	0.3433310948799996	0.20935507483568594	3.2908156169726315	0.8269550321772504
ecf-418684	1.5545177444479563	1.6931471805599454	1.6931471805599454	0.2922565125724551	0.10992111822785426	0.03049342039198108	0.2948605047858007	0.16069233388827237	0.10992111822785426	0.03049342039198108	0.2948605047858007	0.16069233388827237	0.2246171811380998	0.08306642963205146	0.9541357903523484	0.262375375893153	0.3254663576713014	0.9169335703679485	1.0	0.0	1.0	0.0	0.2	0.0	0.8	10.0	0.4	0.05606418980610898	0.02507294666979375	0.14035243359303787	0.07384285838918506
ecf-255352	1.4276666119016057	1.3465735902799727	2.09861228866811	0.47449032937408914	0.6617810153395658	0.5149989060507026	1.0	0.2937559756362866	0.6617810153395658	0.5149989060507026	1.0	0.2937559756362866	0.2377419912708017	0.138242890180361	0.9541357903523484	0.2660106194317189	0.30012394939018877	0.861757109819639	1.0	0.0	1.0	0.0	0.2	0.4	0.4	10.0	0.1	1.2354700811065502	0.0	3.706410243319651	2.139896951707787
ecf-221053	1.5662960480135948	1.6931471805599454	2.09861228866811	0.4228541712455722	0.32000959015608926	0.2507036763837766	0.6050164715751511	0.1947171713609934	0.32000959015608926	0.2507036763837766	0.6050164715751511	0.1947171713609934	0.24609752597239204	0.1606944585536755	0.9541357903523484	0.26761579367666655	0.30238107394407515	0.8393055414463245	1.0	0.1	1.0	0.0	0.1	0.5	0.4	8.0	0.2	0.7151335111115964	0.6921716047637819	1.3678590442183332	0.4181733119644814
ecf-198012	1.3871201010907892	1.3465735902799727	2.09861228866811	0.42558995521249493	0.4236182673383108	0.40376969797199214	0.7972530959450946	0.22141260868677584	0.4236182673383108	0.40376969797199214	0.7972530959450946	0.22141260868677584	0.3114057104909135	0.3332523278142013	0.9541357903523484	0.2585226205632951	0.30388671192756156	0.6667476721857988	0.9	0.2	0.9	0.1	0.3	0.5	0.2	10.0	0.1	0.6776184122647023	0.2761743401920088	4.6147668475183865	1.0963781265978316
ecf-266118	2.2635254280255657	2.2424533248940004	3.772588722239781	0.96249435617224	0.30481143119342874	0.282021371896914	0.4495945175724508	0.13484032698144754	0.30481143119342874	0.282021371896914	0.4495945175724508	0.13484032698144754	0.2940779817368052	0.2882279170233795	0.9541357903523484	0.2651657537789558	0.30917839318387375	0.7117720829766205	1.0	0.1	1.0	0.0	0.2	0.4	0.4	10.0	0.2	0.16368612816661357	0.2162427309698561	0.34869734950520015	0.21613632224466153
ecf-238976	1.138629436111989	1.0	1.6931471805599454	0.29225651257245516	0.37871834254045317	0.3615165594743937	0.6164757287389707	0.16091891962966232	0.37871834254045317	0.3615165594743937	0.6164757287389707	0.16091891962966232	0.42057229721751754	0.4380153291316708	0.9541357903523484	0.2775588587737237	0.32917882344661553	0.5619846708683292	1.0	0.2	1.0	0.0	0.5	0.4	0.1	9.0	0.1	0.7338395188213196	0.9306606721571077	2.3374995625086306	0.6676374868045761
ecf-193415	1.2761007388653334	1.0	2.09861228866811	0.43037344635664077	0.5718911756086501	0.5848191282012647	0.7099362305302065	0.10566681089521167	0.5718911756086501	0.5848191282012647	0.7099362305302065	0.10566681089521167	0.39158779378002273	0.41695956999883005	0.9541357903523484	0.2647209578160305	0.3551514310572769	0.58304043000117	0.8	0.2	0.8	0.1	0.4	0.2	0.3	10.0	0.1	1.692689271472767	1.8013561307583503	3.159479614911544	0.8707320654290308
ecf-257926	1.7272398392570047	1.6931471805599454	2.6094379124341005	0.4850745128523918	0.5322012917125952	0.5322012917125952	0.5322012917125952	0.0	0.5322012917125952	0.5322012917125952	0.5322012917125952	0.0	0.23421827388867755	0.10846405860720339	0.9541357903523484	0.26601248428762087	0.28902122119955015	0.8915359413927966	1.0	0.0	1.0	0.0	0.2	0.0	0.8	10.0	0.3	0.0	0.0	0.0	0.0
ecf-425868	2.747836272170157	2.6479184330021646	3.70805020110221	0.6991438285174213	0.3183689091136897	0.3183689091136897	0.3183689091136897	0.0	0.3183689091136897	0.3183689091136897	0.3183689091136897	0.0	0.2589887818267694	0.19035826797337513	0.9541357903523484	0.2692978017001129	0.3147680234225453	0.8096417320266249	1.0	0.1	1.0	0.0	0.0	0.1	0.9	10.0	0.1	0.0	0.0	0.0	0.0
ecf-479629	2.2829998357048167	2.2424533248940004	2.791759469228055	0.33888759708753724	0.5590338755340566	0.4317855988527239	0.9126813362866741	0.31025412242489764	0.5590338755340566	0.4317855988527239	0.9126813362866741	0.31025412242489764	0.21239425032513734	0.0	0.9597042741864882	0.2607003005443872	0.3141156617697625	1.0	1.0	0.2	1.0	0.1	0.0	0.2	0.8	9.0	0.5	1.2363283192635586	0.9660202871738808	2.742964670616795	1.3913172248707775
ecf-259471	2.376018387724114	2.2424533248940004	4.7841896339182615	1.1503725365169328	0.1610926847519236	0.15035580682212593	0.2579631905597681	0.09197330399246524	0.1610926847519236	0.15035580682212593	0.2579631905597681	0.09197330399246524	0.2970254778598481	0.29461652169766567	0.9541357903523484	0.26399641189016604	0.33064820359613367	0.7053834783023343	1.0	0.0	1.0	0.0	0.2	0.2	0.6	10.0	0.0	0.16480676731357546	0.16075922548009622	0.174718067267998	0.00863134175494252
ecf-266120	1.3981687709395678	1.0	2.09861228866811	0.49345195030745315	0.38791855600429914	0.4998664412328988	0.5149989060507026	0.20714275468110682	0.38791855600429914	0.4998664412328988	0.5149989060507026	0.20714275468110682	0.23240893391453377	0.12060449502067383	0.9541357903523484	0.263726707153916	0.31154323871859757	0.8793955049793262	0.9	0.1	0.9	0.0	0.5	0.1	0.3	10.0	0.0	1.9129317831127801	1.0160612332449652	3.7967191635331936	1.632028876625562
ecf-327060	1.5257495372027783	1.6931471805599454	2.09861228866811	0.38377384625619126	0.4660790289647603	0.4302401280763762	0.7972530959450946	0.1627907733066287	0.4660790289647603	0.4302401280763762	0.7972530959450946	0.1627907733066287	0.3546047786198773	0.4093307617772575	0.9541357903523484	0.27051045145453995	0.28568824348190813	0.5906692382227425	0.9	0.1	0.9	0.1	0.2	0.3	0.5	9.0	0.0	0.573437461996312	0.404535733885654	2.140865232053206	0.6931186140347512
ecf-411543	1.4564348191467837	1.3465735902799727	2.386294361119891	0.5256522527028705	0.4260561527245829	0.37426806770815657	0.8253631221551779	0.30179883507853633	0.4260561527245829	0.37426806770815657	0.8253631221551779	0.30179883507853633	0.21790463328020365	0.0	0.9597042741864882	0.262414269044792	0.3352876184030478	1.0	0.9	0.1	0.9	0.1	0.2	0.4	0.4	10.0	0.1	0.7094057214566931	0.4744371720544625	4.258091903579654	1.27023428799199
ecf-174480	1.2079441541679836	1.0	1.6931471805599454	0.33482189780177213	0.2623080889975195	0.1736145362816526	0.4561383401181765	0.16806313976348145	0.2623080889975195	0.1736145362816526	0.4561383401181765	0.16806313976348145	0.2539194579421468	0.1779159402173084	0.9541357903523484	0.2687762298865627	0.24226791018654464	0.8220840597826916	1.0	0.1	1.0	0.0	0.2	0.6	0.2	10.0	0.0	-0.004337204126586372	0.004322134797025063	0.35443714782202473	0.3631814539281459
ecf-326033	3.1991479117999093	3.5375869076169133	4.49650756146648	1.1331219254488447	0.2856402912221462	0.1903164547132456	0.6869691985882167	0.27309167174740406	0.2856402912221462	0.1903164547132456	0.6869691985882167	0.27309167174740406	0.2837124995518622	0.27390685100245904	0.9541357903523484	0.26557162787848504	0.3152655920775444	0.726093148997541	1.0	0.0	1.0	0.1	0.0	0.5	0.5	9.0	0.3	0.5873457305086084	0.41764183468329463	1.3879228530010086	0.6129568316080816
ecf-198043	1.2484906649788001	1.0	2.09861228866811	0.41504737116956814	0.48949126717714014	0.48424207369853606	0.8616033789950089	0.19426064551446362	0.48949126717714014	0.48424207369853606	0.8616033789950089	0.19426064551446362	0.3381025342039888	0.38697802942043696	0.9541357903523484	0.2580774623864551	0.3501335289789894	0.613021970579563	0.9	0.1	0.9	0.1	0.5	0.2	0.3	10.0	0.1	0.8405164724305761	0.6532690157018628	2.8111729206433287	0.8109548844593912
ecf-327582	1.7167037876912221	1.8958797346140277	2.386294361119891	0.5347762495609308	0.11727552789184886	0.11727552789184886	0.19781450531556977	0.11389931417228663	0.11727552789184886	0.11727552789184886	0.19781450531556977	0.11389931417228663	0.21911951068048494	0.0	0.9541357903523484	0.26200913972411854	0.32278850582189444	1.0	1.0	0.1	1.0	0.0	0.1	0.3	0.6	10.0	0.3	0.022870207265365216	0.022870207265365216	0.022870207265365216	0.0
ecf-273823	1.2079441541679836	1.0	1.6931471805599454	0.33482189780177213	0.3619444530073538	0.40790667834925814	0.5322012917125952	0.19729495804721717	0.3619444530073538	0.40790667834925814	0.5322012917125952	0.19729495804721717	0.22282909229013048	0.05029546909939665	0.9541357903523484	0.26212817867657145	0.28873250351106033	0.9497045309006034	1.0	0.1	1.0	0.0	0.6	0.1	0.3	10.0	0.0	0.7497171558261462	0.6325093175311829	1.469779238732262	0.6692011359981973
ecf-172958	1.199084385469784	1.0	2.09861228866811	0.40784351194573554	0.5208614945825818	0.4959551700762076	0.7742856144405287	0.18912312162645312	0.5208614945825818	0.4959551700762076	0.7742856144405287	0.18912312162645312	0.32801230894939315	0.3780398615230468	0.9541357903523484	0.26096099022966257	0.3232493601778689	0.6219601384769532	0.9	0.1	0.9	0.0	0.5	0.2	0.2	10.0	0.0	0.6198379342312416	0.008247701610725897	2.9887996331330755	1.194773211715919
ecf-273819	1.1791759469228056	1.0	2.09861228866811	0.38963826174969923	0.4333393997266389	0.34902682969256993	0.7972530959450946	0.22420016137585802	0.4333393997266389	0.34902682969256993	0.7972530959450946	0.22420016137585802	0.3545807067962695	0.39223106394083496	0.9541357903523484	0.2601948322919613	0.28455383084363783	0.607768936059165	1.0	0.2	1.0	0.0	0.4	0.4	0.2	9.0	0.1	0.4476141450787862	0.48235456968501533	2.226659581086179	0.9475726495505177
ecf-218027	1.0866433975699932	1.0	1.6931471805599454	0.2450645358671368	0.5079958297180808	0.5322012917125952	0.6869691985882167	0.16767111137096877	0.5079958297180808	0.5322012917125952	0.6869691985882167	0.16767111137096877	0.3489141258684004	0.38987708612867034	0.9541357903523484	0.2610378177754968	0.3056414876875058	0.6101229138713297	0.8	0.1	0.8	0.0	0.7	0.0	0.1	10.0	0.0	0.979512636860852	1.0765192345558832	2.928367893948158	1.059715863326073
ecf-358317	3.662024879767171	3.770631772579213	5.394449154672439	1.1661716160410167	0.22538416401750075	0.22352577317427122	0.529166055747774	0.20528723744914001	0.22538416401750075	0.22352577317427122	0.529166055747774	0.20528723744914001	0.2609744085568949	0.20252217354174526	0.9541357903523484	0.26923485299562494	0.2801005607878586	0.7974778264582547	1.0	0.2	1.0	0.0	0.0	0.6	0.4	9.0	0.1	0.2680197267996392	0.007643834877084542	1.4991703721041874	0.49872826127215963
ecf-384431	1.8881836305004147	1.8958797346140277	2.6094379124341005	0.5839471239498842	0.3634234110084452	0.28420062907458055	0.7742856144405287	0.2273551947960556	0.3634234110084452	0.28420062907458055	0.7742856144405287	0.2273551947960556	0.21878419429046764	0.0	0.9597042741864882	0.26312095750909703	0.31589115377794885	1.0	1.0	0.0	1.0	0.0	0.2	0.4	0.4	9.0	0.0	0.21313333330792736	0.4255748542276594	1.6041459614706448	1.0532015964440045
ecf-426423	1.9534161491043838	2.09861228866811	2.386294361119891	0.5475728855916856	0.7742856144405287	0.7742856144405287	0.7742856144405287	0.0	0.7742856144405287	0.7742856144405287	0.7742856144405287	0.0	0.214300173495021	0.0	0.9597042741864882	0.26133493749374537	0.33014754212590075	1.0	1.0	0.1	1.0	0.0	0.2	0.1	0.7	10.0	0.4	0.0	0.0	0.0	0.0
ecf-200630	1.2310490601866484	1.0	1.6931471805599454	0.35793966490390583	0.5499510879350091	0.6258522206788636	0.6869691985882167	0.1947083373306981	0.5499510879350091	0.6258522206788636	0.6869691985882167	0.1947083373306981	0.3475435018886044	0.3936665052692614	0.9541357903523484	0.25834870941480476	0.32268095236888084	0.6063334947307386	0.7142857142857143	0.2857142857142857	0.7142857142857143	0.14285714285714285	0.2857142857142857	0.2857142857142857	0.2857142857142857	7.0	0.14285714285714285	0.9781739330193737	0.920748080344537	2.466332434351599	0.9466094207409447
ecf-165815	1.6292178311262164	1.6931471805599454	2.386294361119891	0.5260505332175749	0.4379350102793441	0.3878433869646472	0.6768862799257542	0.15362274549153662	0.4379350102793441	0.3878433869646472	0.6768862799257542	0.15362274549153662	0.2549838539400375	0.18073044713306782	0.9541357903523484	0.26893675120767974	0.26888905293541515	0.8192695528669321	0.7	0.1	0.7	0.2	0.3	0.3	0.3	8.0	0.0	0.9355574460398185	0.6921136015847641	1.8855144387655733	0.4701023476571218
ecf-287666	1.219722457733622	1.0	2.09861228866811	0.4632156130188825	0.3737278490042445	0.3737278490042445	0.434584256324836	0.08606395659008184	0.3737278490042445	0.3737278490042445	0.434584256324836	0.08606395659008184	0.3374767306446456	0.38987708612867034	0.9541357903523484	0.2614317832409461	0.3090066128031011	0.6101229138713297	1.0	0.1	1.0	0.0	0.4	0.4	0.2	10.0	0.0	0.40090914540211964	0.40090914540211964	0.40090914540211964	0.0
ecf-263613	1.199084385469784	1.0	2.09861228866811	0.40784351194573554	0.6296185548991509	0.638271104732465	0.8616033789950089	0.18791081951194055	0.6296185548991509	0.638271104732465	0.8616033789950089	0.18791081951194055	0.33464098488897726	0.3871195015381153	0.9541357903523484	0.25900662780324496	0.28145928834728384	0.6128804984618847	0.8	0.2	0.8	0.1	0.5	0.2	0.2	10.0	0.1	2.4739121383622864	1.8785564862995838	6.5606769965737	1.9019896902242541
ecf-272317	1.8383433201236714	2.09861228866811	2.791759469228055	0.6167928282192301	0.16163934904532612	0.0904246136070535	0.434584256324836	0.17926631505288895	0.16163934904532612	0.0904246136070535	0.434584256324836	0.17926631505288895	0.22534262402046648	0.08306642963205146	0.9541357903523484	0.2623393750391909	0.27271687101895725	0.9169335703679485	0.9	0.2	0.9	0.2	0.3	0.0	0.7	10.0	0.0	0.1567936399137729	0.04230099017251992	0.6900071178114316	0.20630575333126144
ecf-197049	1.7560080465021828	1.6931471805599454	3.302585092994046	0.8273108739708527	0.4440811318782617	0.5644107678790318	0.6430935622492024	0.2968501167120369	0.4440811318782617	0.5644107678790318	0.6430935622492024	0.2968501167120369	0.3038501031632037	0.3186863330455167	0.9541357903523484	0.26015207433243714	0.32040761532608497	0.6813136669544833	1.0	0.1	1.0	0.0	0.3	0.6	0.1	10.0	0.2	0.7363765546191819	0.5281604278660351	1.9357041832894284	0.8309543409579963
ecf-273343	1.0	1.0	1.0	0.0	0.23807575704113956	0.23807575704113956	0.23807575704113956	0.0	0.23807575704113956	0.23807575704113956	0.23807575704113956	0.0	0.22508791845574433	0.08009518842402688	0.9541357903523484	0.26261681483133875	0.2916133696160489	0.9199048115759731	1.0	0.2	1.0	0.0	1.0	0.0	0.0	10.0	0.6	0.0	0.0	0.0	0.0
ecf-168382	3.055573710874873	2.9944920232821373	4.13549421592915	0.8478950757496949	0.5694708116329756	0.6588600714984729	0.8616033789950089	0.33233317137099055	0.5694708116329756	0.6588600714984729	0.8616033789950089	0.33233317137099055	0.2712358358835306	0.2335820836191895	0.9541357903523484	0.2696353553913102	0.25217931138843974	0.7664179163808105	1.0	0.1	1.0	0.0	0.0	0.5	0.5	9.0	0.0	0.5106461988328	0.0073558810985327175	1.804933952106234	0.7900892785838699
ecf-196541	1.2484906649788001	1.0	2.09861228866811	0.41504737116956814	0.4004539898832117	0.4237446157659542	0.5417722565008734	0.10871581814626599	0.4004539898832117	0.4237446157659542	0.5417722565008734	0.10871581814626599	0.3209952983074732	0.3703873472312186	0.9541357903523484	0.25819433380021534	0.3125282093006555	0.6296126527687814	0.9	0.1	0.9	0.1	0.5	0.2	0.3	10.0	0.0	0.904054408320053	1.0285342031906801	1.8106852260468687	0.5073951779620994
ecf-337345	3.3778035474358368	3.833213344056216	4.367295829986475	0.8822330252923241	0.36741622431086207	0.3615165594743937	0.7548669549834176	0.2380726986997577	0.36741622431086207	0.3615165594743937	0.7548669549834176	0.2380726986997577	0.2181526283464597	0.0	0.9541357903523484	0.261438607136616	0.3347006137957242	1.0	0.9	0.0	0.9	0.3	0.0	0.3	0.6	9.0	0.3	1.0827601054822056	0.9714177723338215	2.5290947560879147	0.636820879190286
ecf-328130	2.826135670535111	2.7482537807332403	4.688879454113936	1.4773841188044838	0.17975017028634105	0.20977584099137966	0.3516220024924225	0.1264743198306558	0.17975017028634105	0.20977584099137966	0.3516220024924225	0.1264743198306558	0.2819151462736661	0.26664218383040494	0.9541357903523484	0.267776339150896	0.28179890969834775	0.7333578161695951	1.0	0.1	1.0	0.0	0.2	0.5	0.3	10.0	0.2	0.22594823209062914	0.08500882499540138	1.7749725643657495	0.5695922752840353
ecf-221139	1.3465735902799727	1.3465735902799727	1.6931471805599454	0.36532064071556886	0.5883850241972557	0.5417722565008734	0.8253631221551779	0.21718087631862135	0.5883850241972557	0.5417722565008734	0.8253631221551779	0.21718087631862135	0.31713211205247355	0.3454459213516886	0.9541357903523484	0.26115248956017134	0.3240176539927645	0.6545540786483114	0.9	0.0	0.9	0.1	0.3	0.2	0.5	10.0	0.0	0.6026287310504644	0.0	3.264840130569371	1.2112150168819336
ecf-473558	1.2772588722239782	1.0	1.6931471805599454	0.35793966490390583	0.14647273907536013	0.03673655046812794	0.5149989060507026	0.21300663819227414	0.14647273907536013	0.03673655046812794	0.5149989060507026	0.21300663819227414	0.21306698553036216	0.0	0.9597042741864882	0.26088577033583105	0.25698698117789576	1.0	1.0	0.1	1.0	0.0	0.3	0.3	0.4	10.0	0.3	-0.13600142246108143	0.023951869966948876	0.19260893300319734	0.3813157393174496
ecf-112599	1.1791759469228056	1.0	2.09861228866811	0.38963826174969923	0.38970310870079927	0.39282103158504106	0.526202254346196	0.10427972463090385	0.38970310870079927	0.39282103158504106	0.526202254346196	0.10427972463090385	0.31939950379718207	0.3666914773152171	0.9541357903523484	0.2602653257721457	0.3310528552644235	0.6333085226847829	0.9	0.1	0.9	0.2	0.5	0.3	0.2	8.0	0.2	1.014204734762485	0.858006250770189	2.359854895737449	0.7620291369687855
ecf-256980	1.2079441541679836	1.0	1.6931471805599454	0.33482189780177213	0.4047269117114201	0.41618655246132297	0.7380458071729002	0.23014520662238816	0.4047269117114201	0.41618655246132297	0.7380458071729002	0.23014520662238816	0.32122380661713823	0.36935881020579425	0.9541357903523484	0.2590511063757589	0.3080402746530908	0.6306411897942057	1.0	0.1	1.0	0.0	0.3	0.4	0.3	10.0	0.3	0.3087828931971829	0.14786229042987137	3.469634543215384	0.9545453890098824
ecf-408030	1.6761572768804056	1.6931471805599454	2.09861228866811	0.40155604579705506	0.45461606520883335	0.4376447520783391	0.9126813362866741	0.36545780505426106	0.45461606520883335	0.4376447520783391	0.9126813362866741	0.36545780505426106	0.2252552981299694	0.08655825022879564	0.9541357903523484	0.26247427099193715	0.28767849581204347	0.9134417497712044	1.0	0.2	1.0	0.1	0.1	0.3	0.6	10.0	0.3	0.8794389904916391	0.11838308163052899	3.3620038790230184	1.439588468199525
ecf-331740	1.93553342726751	2.09861228866811	2.9459101490553135	0.6264605014707402	0.7616485812539959	0.7616485812539959	0.9126813362866741	0.21359257052978678	0.7616485812539959	0.7616485812539959	0.9126813362866741	0.21359257052978678	0.22639597582648857	0.08655825022879564	0.9541357903523484	0.26263120793635586	0.26382635195115456	0.9134417497712044	1.0	0.1111111111111111	1.0	0.0	0.1111111111111111	0.1111111111111111	0.7777777777777778	9.0	0.0	0.0	0.0	0.0	0.0
ecf-256985	1.154032706791099	1.0	2.386294361119891	0.4620981203732969	0.4616455786402139	0.5322012917125952	0.6869691985882167	0.2423404296534901	0.4616455786402139	0.5322012917125952	0.6869691985882167	0.2423404296534901	0.2357981610649924	0.13274493143414426	0.9541357903523484	0.26620969926518157	0.31818262982612205	0.8672550685658558	0.9	0.2	0.9	0.0	0.5	0.3	0.1	10.0	0.3	0.45601988550560885	0.12220762221250411	2.6239613785551823	0.9022233138643638
ecf-317919	2.5944741764146624	2.151292546497023	4.737669618283368	1.7210729738306425	0.22451773859617855	0.0749590568738768	0.5715477014927666	0.3014900506775755	0.22451773859617855	0.0749590568738768	0.5715477014927666	0.3014900506775755	0.28568221286744533	0.2774862911575545	0.9541357903523484	0.2659049369161222	0.3102949365280851	0.7225137088424455	1.0	0.0	1.0	0.0	0.5	0.4	0.1	10.0	0.2	-0.20858548017869744	-0.013788476478523739	0.41543958825567256	0.7408855324879119
ecf-197604	1.0693147180559945	1.0	1.6931471805599454	0.21919238442934133	0.5939449796298714	0.6420178538824799	1.0	0.3398245682764174	0.5939449796298714	0.6420178538824799	1.0	0.3398245682764174	0.3145438347848587	0.3454459213516886	0.9541357903523484	0.2598976378455973	0.3271454055379079	0.6545540786483114	0.9	0.1	0.9	0.1	0.8	0.1	0.1	10.0	0.0	1.1583590784401603	0.6989732816367269	6.155211888465535	1.8567235327550784
ecf-336365	1.4158883083359672	1.6931471805599454	1.6931471805599454	0.35793966490390583	0.27750937891297583	0.3183689091136897	0.4186558278862837	0.15240433742229703	0.27750937891297583	0.3183689091136897	0.4186558278862837	0.15240433742229703	0.2183314192816729	0.0	0.9541357903523484	0.2616698559208698	0.3098459052756534	1.0	1.0	0.1	1.0	0.1	0.3	0.2	0.5	10.0	0.1	0.24537398031288976	0.14950194906992892	1.0888659873552737	0.46442133946442793
ecf-317931	1.661182505843081	1.6931471805599454	2.386294361119891	0.44673332814162964	0.6050164715751511	0.6050164715751511	0.6050164715751511	0.0	0.6050164715751511	0.6050164715751511	0.6050164715751511	0.0	0.2316411159331398	0.08876272191046664	0.9541357903523484	0.2640485563413513	0.31378797781255763	0.9112372780895334	0.9	0.1	0.9	0.0	0.2	0.0	0.7	9.0	0.5	0.0	0.0	0.0	0.0
ecf-471541	2.1836746584037883	2.09861228866811	3.0794415416798357	0.5548019279331602	0.45433781622195074	0.3813372584026985	1.0	0.31323598490189813	0.45433781622195074	0.3813372584026985	1.0	0.31323598490189813	0.21380443532611984	0.0	0.9597042741864882	0.26113555283535006	0.3803474137602238	1.0	1.0	0.1	1.0	0.0	0.0	0.5	0.5	10.0	0.0	0.2768109067079335	0.07871709217297788	1.791426006211571	0.9191336922197437
ecf-342002	2.4739769459487606	2.6094379124341005	3.302585092994046	0.6077483186510824	0.330393370853276	0.26998986265235475	0.4801122796124583	0.13046374251090168	0.330393370853276	0.26998986265235475	0.4801122796124583	0.13046374251090168	0.21882835631146688	0.0	0.9597042741864882	0.26280198783975534	0.315661406851873	1.0	1.0	0.3	1.0	0.1	0.0	0.1	0.9	10.0	0.3	0.6735973248557103	0.6593180974142225	0.8229194435332073	0.14271925927505869
ecf-270332	1.154032706791099	1.0	1.6931471805599454	0.30564917695453336	0.5611187552238662	0.5417722565008734	0.9126813362866741	0.27426853540553486	0.5611187552238662	0.5417722565008734	0.9126813362866741	0.27426853540553486	0.23417106474156418	0.13274493143414426	0.9541357903523484	0.26485964566919945	0.2616617859652432	0.8672550685658558	0.9	0.1	0.9	0.0	0.6	0.2	0.1	10.0	0.0	0.7625314178013612	0.0	5.056599599797425	1.5761160786508586
ecf-268281	1.7272398392570047	1.6931471805599454	2.6094379124341005	0.5848629065390044	0.547210595465217	0.5149989060507026	1.0	0.2895667048511204	0.547210595465217	0.5149989060507026	1.0	0.2895667048511204	0.2254733719397355	0.08306642963205146	0.9541357903523484	0.26241662990559206	0.2535261584744489	0.9169335703679485	0.9	0.1	0.9	0.1	0.3	0.4	0.3	9.0	0.0	1.075098389833784	1.1086933684571592	2.522021340212188	1.0231573667983773
