eclipse.jdt.core-470535	2.0491274217438247	1.8958797346140277	2.6094379124341005	0.41904000108825806	0.37683502196464086	0.21044688262211492	1.0	0.4244297702941726	0.37683502196464086	0.21044688262211492	1.0	0.4244297702941726	0.24331841127836495	0.20687339704403207	0.9070520547938462	0.24762741798677457	0.3738171483823357	0.7931266029559679	1.0	0.1	1.0	0.1	0.1	0.3	0.6	10.0	0.3	0.7145199520555698	0.7379652030884869	1.1407892969458244	0.3862625849706467
eclipse.jdt.core-337415	1.760887062919126	1.6931471805599454	2.9459101490553135	0.5590903399705737	0.3953465254584863	0.3826700047793584	0.5542269942784451	0.11849643596151284	0.3953465254584863	0.3826700047793584	0.5542269942784451	0.11849643596151284	0.3259161156450539	0.39856600390362	0.594195995570733	0.2566123634412328	0.39599122590342595	0.6014339960963799	0.9	0.1	0.9	0.1	0.2	0.5	0.3	10.0	0.2	1.7287442176198438	1.527366120533783	2.917305369833681	0.5642638593180771
eclipse.jdt.core-42243	1.5202368030138023	1.6931471805599454	2.09861228866811	0.5179208348512294	0.40083575484854184	0.38430282996345727	0.644059879183928	0.17840387199028215	0.40083575484854184	0.38430282996345727	0.644059879183928	0.17840387199028215	0.2424202767568405	0.2063273311988337	0.9070520547938462	0.24710667567163216	0.3666861760134525	0.7936726688011663	0.8	0.0	0.8	0.1	0.2	0.3	0.4	10.0	0.0	1.7719063691730315	1.509604698603044	3.4529540267966836	0.7262014304393762
eclipse.jdt.core-46084	2.6624238326819927	2.039720770839918	4.688879454113936	1.1693195868501574	0.1348657702409757	0.14623286218397832	0.15685478889174884	0.029371396241998124	0.1348657702409757	0.14623286218397832	0.15685478889174884	0.029371396241998124	0.29497900825756634	0.34458081467908974	0.8877860105745762	0.2432757076731028	0.2348412415087392	0.6554191853209103	1.0	0.0	1.0	0.0	0.0	0.3	0.7	9.0	0.1	0.5142938536053787	0.49309876090119753	0.630947756868346	0.10763305629434392
eclipse.jdt.core-268802	1.870748291785937	2.09861228866811	2.9459101490553135	0.6790078087766297	0.26753312735030144	0.26753312735030144	0.3298628214568202	0.0881474987440052	0.26753312735030144	0.26753312735030144	0.3298628214568202	0.0881474987440052	0.247939913462034	0.21647093391230016	0.9070520547938462	0.24858526708499687	0.3092569862298157	0.7835290660876999	0.9	0.1	0.9	0.1	0.2	0.2	0.6	10.0	0.4	1.0841964351175692	1.0841964351175692	1.0841964351175692	0.0
eclipse.jdt.core-403457	1.5202368030138023	1.0	3.1972245773362196	0.7549696890446265	0.2995208532708369	0.2380478418203993	0.620478069795349	0.2356832697246201	0.2995208532708369	0.2380478418203993	0.620478069795349	0.2356832697246201	0.2763352106981756	0.31892011369167844	0.8877860105745762	0.24625202112825822	0.3144022527373979	0.6810798863083216	0.9	0.0	0.9	0.0	0.5	0.3	0.1	10.0	0.0	1.0632468300795934	0.9919242894037336	2.1300105382187082	0.5940220063392658
eclipse.jdt.core-385293	1.3106133312235002	1.0	2.09861228866811	0.44657583844482795	0.30237921395196576	0.29182803132394225	0.5642458752617023	0.1495457340403496	0.30237921395196576	0.29182803132394225	0.5642458752617023	0.1495457340403496	0.3749237495317059	0.4107219713552884	0.7914084742563202	0.2468305465911304	0.3268151856921699	0.5892780286447117	0.7	0.1	0.7	0.1	0.5	0.1	0.2	10.0	0.1	1.2583612565942794	1.1687379387706376	2.045107107291059	0.39143615529678477
eclipse.jdt.core-424718	2.191678929171142	2.039720770839918	3.5649493574615367	0.7860944888276287	0.3589111884019499	0.4619282801021583	0.4685724229197131	0.18421479036875263	0.3589111884019499	0.4619282801021583	0.4685724229197131	0.18421479036875263	0.26332283600682127	0.2927057087194294	0.8877860105745762	0.24712100805634957	0.33290288620229397	0.7072942912805706	1.0	0.0	1.0	0.0	0.1	0.2	0.7	10.0	0.3	1.4742789504333929	1.151772175759122	2.4871557457064206	0.89625353205856
eclipse.jdt.core-70665	1.4564348191467837	1.6931471805599454	2.09861228866811	0.41175594026721146	0.23347679059330573	0.23905494665337051	0.30786112543707495	0.07297402673257802	0.23347679059330573	0.23905494665337051	0.30786112543707495	0.07297402673257802	0.2628083763459145	0.2883736827673621	0.8877860105745762	0.24716055506571577	0.2792099124256017	0.7116263172326379	1.0	0.2	1.0	0.0	0.3	0.1	0.6	10.0	0.2	1.1832631699432075	1.2198283486181984	1.569271369801372	0.24724596554260728
eclipse.jdt.core-488461	1.8317766166719345	1.6931471805599454	2.386294361119891	0.43838476885868266	0.5229158111691491	0.5229158111691491	0.5229158111691491	0.0	0.5229158111691491	0.5229158111691491	0.5229158111691491	0.0	0.2413412583828527	0.20127308717016063	0.9070520547938462	0.24734744036750206	0.2841253782726003	0.7987269128298393	0.9	0.0	0.9	0.2	0.1	0.1	0.8	10.0	0.3	0.0	0.0	0.0	0.0
eclipse.jdt.core-471062	1.2890371757896166	1.0	2.09861228866811	0.4782986103144945	0.46287369437272907	0.4584233933908902	0.6807297567197331	0.14953669231771996	0.46287369437272907	0.4584233933908902	0.6807297567197331	0.14953669231771996	0.3610126247033028	0.4010766499815543	0.7914084742563202	0.23640401031331548	0.4062618264269222	0.5989233500184457	1.0	0.0	1.0	0.0	0.3	0.5	0.2	10.0	0.2	1.644467492197975	1.7570520827615501	2.941059455841788	0.774929522079378
eclipse.jdt.core-425493	1.4923129776492572	1.0	2.9459101490553135	0.7692511547785417	0.36147002174456994	0.3421027822395809	0.8146684455957106	0.2746225951832702	0.36147002174456994	0.3421027822395809	0.8146684455957106	0.2746225951832702	0.2471500459262142	0.21647093391230016	0.9070520547938462	0.24809720598923254	0.3060398763763656	0.7835290660876999	0.9	0.1	0.9	0.2	0.3	0.6	0.0	9.0	0.1	1.014769685897537	0.9084409301226848	1.5571718347524623	0.35704746466913756
eclipse.jdt.core-28951	1.6238324625039509	1.3465735902799727	2.386294361119891	0.6892856063323013	0.3637808014993331	0.30871038594954164	0.6293400096733536	0.17751272641651797	0.3637808014993331	0.30871038594954164	0.6293400096733536	0.17751272641651797	0.36452790886717173	0.4014690218477292	0.7914084742563202	0.23464770823767375	0.3311873534957542	0.5985309781522707	1.0	0.1	1.0	0.0	0.3	0.4	0.3	9.0	0.2	1.6446355597426583	1.3228878634389332	4.174202637467504	0.8531933793238656
eclipse.jdt.core-363293	1.4158883083359672	1.6931471805599454	1.6931471805599454	0.35793966490390583	0.22690845307703153	0.1830982389100431	0.6671670231939673	0.19347477816844666	0.22690845307703153	0.1830982389100431	0.6671670231939673	0.19347477816844666	0.37629766517623087	0.40700282381002856	0.8032423003746476	0.24088301147620989	0.4036818824167411	0.5929971761899715	1.0	0.1	1.0	0.1	0.3	0.2	0.5	10.0	0.2	0.8735307304992892	0.7402273392857848	2.2161421142854993	0.38356355486010807
eclipse.jdt.core-480029	1.6423048350880367	1.6931471805599454	2.09861228866811	0.5093749061950223	0.34988274598784397	0.37483633602928057	0.5285335824048685	0.13606803183033217	0.34988274598784397	0.37483633602928057	0.5285335824048685	0.13606803183033217	0.3738634516457318	0.40886239758265847	0.8032423003746476	0.2402691967129706	0.36248227774444536	0.5911376024173416	0.9	0.0	0.9	0.0	0.3	0.3	0.3	10.0	0.2	1.1986979547765801	1.1108117154396981	3.3957956129567353	0.6795433830780229
eclipse.jdt.core-69658	1.3850817669777475	1.6931471805599454	1.6931471805599454	0.36532064071556886	0.5406711324964997	0.5450184715965648	0.8403640012786583	0.2719016974733695	0.5406711324964997	0.5450184715965648	0.8403640012786583	0.2719016974733695	0.26266806768844925	0.2883736827673621	0.8877860105745762	0.24692670501375688	0.3308169565076754	0.7116263172326379	0.8	0.0	0.8	0.1	0.3	0.3	0.3	10.0	0.3	0.7451395041358538	0.031994755329369656	3.554163928728197	1.4164637590042823
eclipse.jdt.core-418843	1.8658692753689938	1.6931471805599454	3.302585092994046	0.6718237304505891	0.34863606434916644	0.25141917004615255	0.7348511284126118	0.26343253247658327	0.34863606434916644	0.25141917004615255	0.7348511284126118	0.26343253247658327	0.3067550762658629	0.35240960363659973	0.8877860105745762	0.2408391575409114	0.28550322406828704	0.6475903963634002	1.0	0.1	1.0	0.0	0.2	0.6	0.2	10.0	0.1	1.201720459140229	1.0033374505481842	2.3145898346681633	0.5862341280964036
eclipse.jdt.core-31261	1.4301334456564323	1.0	2.791759469228055	0.7024540941859594	0.29363030499358034	0.2704029020912306	0.43263642084164416	0.08239026997170326	0.29363030499358034	0.2704029020912306	0.43263642084164416	0.08239026997170326	0.2415133475255521	0.20127308717016063	0.9070520547938462	0.2473601178259174	0.26644860706035306	0.7987269128298393	0.7	0.0	0.7	0.2	0.5	0.2	0.2	10.0	0.0	1.4233577998265277	1.341946152438992	1.9725419266830848	0.27333979713889556
eclipse.jdt.core-388634	1.3178053830347947	1.0	2.09861228866811	0.42665434717999146	0.2541574477673646	0.24397821029630867	0.4334737093302124	0.15993481953014965	0.2541574477673646	0.24397821029630867	0.4334737093302124	0.15993481953014965	0.2794193777202602	0.3252802311588237	0.8877860105745762	0.24567279677724133	0.3564223958983099	0.6747197688411763	1.0	0.0	1.0	0.0	0.2	0.5	0.3	8.0	0.2	0.6713001765494079	0.6650590302058501	1.6305729548730337	0.7300367586875159
eclipse.jdt.core-25377	1.2310490601866484	1.0	2.386294361119891	0.49012907173427367	0.267804218602505	0.2714116678080335	0.35201397057007433	0.06725074850499456	0.267804218602505	0.2714116678080335	0.35201397057007433	0.06725074850499456	0.24168344576792172	0.2028549857733473	0.9070520547938462	0.24719520771318734	0.3376781620890863	0.7971450142266527	0.7	0.0	0.7	0.2	0.7	0.2	0.0	9.0	0.0	1.2571793336162058	1.2515610399232846	1.5071951648164479	0.12928537028474196
eclipse.jdt.core-410402	1.0	1.0	1.0	0.0	0.5696024259319487	0.5696024259319487	0.5696024259319487	0.0	0.5696024259319487	0.5696024259319487	0.5696024259319487	0.0	0.36041414062673544	0.4018613937139041	0.8032423003746476	0.23651079950162548	0.2905126033949528	0.5981386062860958	1.0	0.3333333333333333	1.0	0.0	1.0	0.0	0.0	3.0	0.0	0.0	0.0	0.0	0.0
eclipse.jdt.core-448800	1.76246189861594	1.6931471805599454	2.386294361119891	0.5114488970017964	0.2838953874091854	0.26234350316753113	0.44310979687604685	0.14960729051023527	0.2838953874091854	0.26234350316753113	0.44310979687604685	0.14960729051023527	0.24243685583375352	0.20538210778768384	0.9070520547938462	0.24719318508968463	0.4303242427217673	0.7946178922123162	0.9	0.1	0.9	0.1	0.2	0.1	0.7	10.0	0.3	0.8468775026057866	0.9582773183670421	1.024419689086588	0.25240703990942287
eclipse.jdt.core-448043	2.0593512767826487	1.6931471805599454	3.1972245773362196	0.522088095584725	0.3529923670760542	0.3525225379472671	0.620478069795349	0.22952196807556927	0.3529923670760542	0.3525225379472671	0.620478069795349	0.22952196807556927	0.29732011149770576	0.34841243697515345	0.8877860105745762	0.24280881238835866	0.28246265454460884	0.6515875630248465	0.9	0.0	0.9	0.0	0.0	0.2	0.7	10.0	0.0	1.016279297848288	0.9518614789272895	1.531715482149054	0.36404201519468765
eclipse.jdt.core-483895	1.4852030263919618	1.6931471805599454	2.386294361119891	0.4678386898000714	0.33186852166323094	0.3503696725293088	0.4487269835611504	0.08850434954838585	0.33186852166323094	0.3503696725293088	0.4487269835611504	0.08850434954838585	0.3571916392244945	0.3961149534438294	0.8032423003746476	0.233458530788765	0.26081035015390525	0.6038850465561706	1.0	0.3	1.0	0.0	0.3	0.2	0.5	9.0	0.2	1.4310891946527668	1.3709422615613025	2.617696788370171	0.4118189936308039
eclipse.jdt.core-145202	1.5117930702777627	1.3465735902799727	2.6094379124341005	0.6167528109096301	0.523493890881895	0.5495265904145352	0.7605464891889542	0.23774894805189922	0.523493890881895	0.5495265904145352	0.7605464891889542	0.23774894805189922	0.25942830285103735	0.28195098485882064	0.8877860105745762	0.247212662375825	0.23048069214548056	0.7180490151411794	0.6	0.1	0.6	0.2	0.2	0.3	0.3	10.0	0.1	1.0210274906775176	1.0824461533755312	3.5135786486131186	1.0229912567287684
eclipse.jdt.core-104245	2.0162770150466214	2.09861228866811	2.791759469228055	0.5224430491337035	0.3977561420716117	0.28667734920189636	1.0	0.3005109292149215	0.3977561420716117	0.28667734920189636	1.0	0.3005109292149215	0.26177573046636277	0.28793340984818205	0.8877860105745762	0.2472219417112968	0.2819639727626873	0.712066590151818	1.0	0.0	1.0	0.0	0.1	0.4	0.5	10.0	0.1	1.4498032852190978	1.3229892995829116	3.2160025025161394	0.8202100402024951
eclipse.jdt.core-30516	1.0	1.0	1.0	0.0	0.5363237933964345	0.5363237933964347	0.8403640012786583	0.42997778549377597	0.5363237933964345	0.5363237933964347	0.8403640012786583	0.42997778549377597	0.245275701621105	0.21409914639682404	0.9070520547938462	0.2474083796738518	0.34541101334285407	0.785900853603176	0.9	0.0	0.9	0.0	0.9	0.0	0.0	10.0	0.4	0.601204905355244	0.576584161536842	1.22703055452889	0.6138856825228108
eclipse.jdt.core-341296	1.0693147180559945	1.0	1.6931471805599454	0.21919238442934136	0.3877162556537833	0.3484839771166813	0.6671670231939673	0.17489654009537048	0.3877162556537833	0.3484839771166813	0.6671670231939673	0.17489654009537048	0.3570174038485442	0.39605535782568574	0.8032423003746476	0.2322900595291629	0.33254769555189095	0.6039446421743142	1.0	0.2	1.0	0.1	0.6	0.3	0.1	10.0	0.0	1.437248021426829	1.4841841226308636	2.3250182752592434	0.5146407634435006
eclipse.jdt.core-149562	1.270805020110221	1.0	2.6094379124341005	0.5834652960853652	0.351683381699408	0.32258486496479916	0.597371315574439	0.1470443067328062	0.351683381699408	0.32258486496479916	0.597371315574439	0.1470443067328062	0.2581119211454185	0.2806303052957285	0.8877860105745762	0.24710388286579088	0.2534979144178803	0.7193696947042715	0.9	0.2	0.9	0.1	0.5	0.5	0.0	10.0	0.1	1.0937795318464318	1.1843818998843174	2.0122828947987212	0.72120022992677
eclipse.jdt.core-208186	1.1791759469228056	1.0	2.09861228866811	0.38963826174969923	0.4693287616826266	0.3937928523804943	0.8734913905634314	0.24312523535065045	0.4693287616826266	0.3937928523804943	0.8734913905634314	0.24312523535065045	0.249882251068055	0.22178757156057166	0.9070520547938462	0.24784558030097614	0.39222846174089815	0.7782124284394283	1.0	0.4	1.0	0.0	0.4	0.4	0.2	9.0	0.3	1.9003872705185796	1.6066851519002572	4.327353816961678	0.8257544513150818
eclipse.jdt.core-405051	1.732118855673948	1.8958797346140277	2.9459101490553135	0.7031435819780195	0.41927491212821727	0.42695678457453773	0.5175594553745012	0.10537104071710891	0.41927491212821727	0.42695678457453773	0.5175594553745012	0.10537104071710891	0.2751504155246327	0.317674605869208	0.8877860105745762	0.24612883864210064	0.40302637065006064	0.6823253941307921	1.0	0.3	1.0	0.0	0.4	0.1	0.5	10.0	0.1	1.77342552989959	1.7351644252831946	2.691598596210205	0.5187234771307124
eclipse.jdt.core-190268	1.9704060527839236	1.6931471805599454	3.772588722239781	0.8767695377173652	0.30843603670390746	0.29943421815063054	0.46971804300446085	0.16162775708316648	0.30843603670390746	0.29943421815063054	0.46971804300446085	0.16162775708316648	0.3201522621266567	0.3786126191483528	0.8877860105745762	0.23760740885916473	0.39202463500615436	0.6213873808516472	1.0	0.2	1.0	0.1	0.1	0.5	0.4	10.0	0.0	1.2525008724987583	0.9576825087508163	2.4886859071569662	0.6798910738266138
eclipse.jdt.core-416313	1.1220680320742344	1.0	2.09861228866811	0.36620409622270333	0.41271467085574437	0.5107845481371511	0.5811266022461037	0.23344467633424093	0.41271467085574437	0.5107845481371511	0.5811266022461037	0.23344467633424093	0.2689337270120443	0.30929370629631703	0.8877860105745762	0.24611275230292043	0.3094550820523817	0.690706293703683	0.7	0.1	0.7	0.2	0.6	0.2	0.1	10.0	0.1	0.8771509667401435	0.7979812418755255	1.126004424010211	0.22021405220086293
eclipse.jdt.core-158274	1.5950642552587728	1.6931471805599454	2.09861228866811	0.33814943760500243	0.6052592943783615	0.6052592943783615	1.0	0.5582476595108466	0.6052592943783615	0.6052592943783615	1.0	0.5582476595108466	0.25586120867928724	0.2704301712000217	0.8877860105745762	0.24748974638531873	0.4635018936968814	0.7295698287999783	0.9	0.1	0.9	0.1	0.1	0.3	0.6	10.0	0.4	1.8265485811058801	1.8265485811058801	1.8265485811058801	0.0
eclipse.jdt.core-301894	1.2772588722239782	1.0	1.6931471805599454	0.35793966490390583	0.4271097677663314	0.5124412660602239	0.6083460272444652	0.172288875170058	0.4271097677663314	0.5124412660602239	0.6083460272444652	0.172288875170058	0.24723790723407382	0.21784675051009628	0.9070520547938462	0.24741760098040183	0.35548718114119526	0.7821532494899037	0.8	0.0	0.8	0.2	0.6	0.3	0.1	9.0	0.0	1.4804507276822523	1.3852309940130687	2.542025238063914	0.5750602018805496
eclipse.jdt.core-401989	1.687935580446044	1.8958797346140277	2.09861228866811	0.5014531332330249	0.3276649063538408	0.3910761786299521	0.7348511284126118	0.20884174515545223	0.3276649063538408	0.3910761786299521	0.7348511284126118	0.20884174515545223	0.27900803822155273	0.3233085720684149	0.8877860105745762	0.24592260219502504	0.29349918382912354	0.6766914279315851	1.0	0.0	1.0	0.1	0.3	0.4	0.3	10.0	0.3	1.1651990820593747	1.1235796263630737	2.9637508670438586	0.9124576999848182
eclipse.jdt.core-11076	1.3465735902799727	1.3465735902799727	1.6931471805599454	0.36532064071556886	0.6873738876564164	0.7372017201429327	1.0	0.2581853341196984	0.6873738876564164	0.7372017201429327	1.0	0.2581853341196984	0.33891808612678714	0.37601025610910865	0.8877860105745762	0.23419162040540936	0.5019637090934206	0.6239897438908913	0.8	0.1	0.8	0.2	0.5	0.4	0.1	10.0	0.0	1.4987672142807344	0.872350930091524	6.604621101971435	1.9855150748938937
eclipse.jdt.core-421711	1.3531170922608828	1.0	2.09861228866811	0.4367612155037005	0.40394846037185156	0.3910761786299521	0.6162904048701141	0.1709432523533526	0.40394846037185156	0.3910761786299521	0.6162904048701141	0.1709432523533526	0.34012326826388106	0.37340789306986444	0.8877860105745762	0.23509600718655085	0.32873980717826784	0.6265921069301356	0.9	0.1	0.9	0.0	0.3	0.3	0.3	10.0	0.1	1.609550528646495	1.5465189887085553	3.118265911968972	0.6606864636064393
eclipse.jdt.core-451660	1.5841661524475315	1.6931471805599454	2.386294361119891	0.49740856310105164	0.32558828785492555	0.30757942667330873	0.5591274910734755	0.13401526283911233	0.32558828785492555	0.30757942667330873	0.5591274910734755	0.13401526283911233	0.24416804686943244	0.21123430882004213	0.9070520547938462	0.24731600246672847	0.37494551858252756	0.7887656911799579	0.8	0.1	0.8	0.2	0.3	0.1	0.5	10.0	0.0	1.513329488835693	1.5239213457981107	2.242637748548573	0.40912607881040886
eclipse.jdt.core-29516	1.0770163533955495	1.0	1.6931471805599454	0.23104906018664845	0.5711484774660919	0.5945348396318341	0.8403640012786583	0.202185494868442	0.5711484774660919	0.5945348396318341	0.8403640012786583	0.202185494868442	0.24752556399213604	0.21647093391230016	0.9070520547938462	0.2479518692109965	0.3945195892504268	0.7835290660876999	0.8	0.2	0.8	0.1	0.4	0.4	0.1	10.0	0.0	1.7610056737676092	1.6210144802630981	4.0396717445098975	1.273094901466513
eclipse.jdt.core-228691	1.4499809670330266	1.0	2.6094379124341005	0.6200190519119217	0.3219671713988206	0.3651577713406579	0.4805764895451962	0.11711608299806055	0.3219671713988206	0.3651577713406579	0.4805764895451962	0.11711608299806055	0.24998225212317102	0.2195003450295695	0.9070520547938462	0.24858218123789586	0.3484980915770832	0.7804996549704305	0.9	0.2	0.9	0.2	0.6	0.0	0.4	10.0	0.1	1.032868794625291	0.8870091470159459	3.0275330538456147	0.6018097980548415
eclipse.jdt.core-41554	1.3465735902799727	1.0	2.386294361119891	0.5890618332444971	0.4105940984975455	0.41464879914864683	0.5124412660602239	0.08766565884577186	0.4105940984975455	0.41464879914864683	0.5124412660602239	0.08766565884577186	0.24682633127937142	0.21784675051009628	0.9070520547938462	0.24733556007189	0.2968451391556229	0.7821532494899037	1.0	0.0	1.0	0.0	0.2	0.6	0.2	9.0	0.2	1.5752165179734228	1.6525518615918091	2.703209757137883	0.527878079384598
eclipse.jdt.core-234074	1.138629436111989	1.0	1.6931471805599454	0.2922565125724551	0.31149222817336536	0.23117405492057125	0.7238760269481784	0.23441759651799635	0.31149222817336536	0.23117405492057125	0.7238760269481784	0.23441759651799635	0.33727873587950463	0.37601025610910865	0.8877860105745762	0.23154370635003013	0.3650981009218154	0.6239897438908913	0.9	0.2	0.9	0.1	0.6	0.3	0.1	10.0	0.1	0.7431793034610298	0.9033227995764126	1.7312384013015556	0.7256831564818417
eclipse.jdt.core-170843	1.6643789733147674	1.6931471805599454	2.386294361119891	0.42130549725647815	0.3269797792305972	0.3269797792305972	0.3545253403105639	0.03895530606246534	0.3269797792305972	0.3269797792305972	0.3545253403105639	0.03895530606246534	0.2522181403476989	0.24653904155706916	0.8877860105745762	0.2476350940270052	0.36634132424401505	0.7534609584429308	1.0	0.1	1.0	0.0	0.1	0.2	0.7	9.0	0.0	1.9495882218813625	1.9495882218813625	1.9495882218813625	0.0
eclipse.jdt.core-403036	1.7167037876912221	1.6931471805599454	2.09861228866811	0.4233418248510156	0.29822884181510756	0.307019454362669	0.49117122447458794	0.12895566648362977	0.29822884181510756	0.307019454362669	0.49117122447458794	0.12895566648362977	0.24172288438370923	0.2028549857733473	0.9070520547938462	0.2472602905856231	0.3016725659136318	0.7971450142266527	0.9	0.0	0.9	0.1	0.2	0.5	0.3	9.0	0.1	1.1808512230878347	0.962200101848835	2.2217987933639924	0.5291359882505668
eclipse.jdt.core-421469	2.500237789438727	2.386294361119891	3.772588722239781	0.8514684614932743	0.28436264411029877	0.30400412696587065	0.4487269835611504	0.13613266400391835	0.28436264411029877	0.30400412696587065	0.4487269835611504	0.13613266400391835	0.3297134542348253	0.3907405757995306	0.8877860105745762	0.23435127163455177	0.25820987347562124	0.6092594242004694	0.9	0.2	0.9	0.2	0.0	0.1	0.9	10.0	0.0	1.1302170351275023	1.0450041096663725	2.2291785951745684	0.5502291614906354
eclipse.jdt.core-186457	2.089228497519703	2.2424533248940004	3.6390573296152584	0.9156558060408072	0.470731907517066	0.5696024259319487	0.775922895311158	0.2990595363533256	0.470731907517066	0.5696024259319487	0.775922895311158	0.2990595363533256	0.2490594385376953	0.2195003450295695	0.8877860105745762	0.24686519807858717	0.3961108362571426	0.7804996549704305	1.0	0.1	1.0	0.0	0.2	0.4	0.4	10.0	0.0	0.7643196644441645	0.8002909312164621	1.6723979012786219	0.6220392731495895
eclipse.jdt.core-451677	1.7078700600169934	1.8958797346140277	2.386294361119891	0.6244237196855176	0.3360029878424662	0.3479894439063716	0.5905960185822635	0.19444490891826655	0.3360029878424662	0.3479894439063716	0.5905960185822635	0.19444490891826655	0.24407603463747626	0.21123430882004213	0.9070520547938462	0.24731130388479752	0.3440632915970656	0.7887656911799579	0.8	0.0	0.8	0.0	0.3	0.4	0.1	9.0	0.0	1.18677816331437	1.0308569237185679	2.705700804713932	0.5644346413959105
eclipse.jdt.core-438875	1.2484906649788001	1.0	2.09861228866811	0.41504737116956814	0.32234707475446406	0.2889210737569532	0.7348511284126118	0.22435928704746885	0.32234707475446406	0.2889210737569532	0.7348511284126118	0.22435928704746885	0.3346882124848932	0.3703690441430963	0.8877860105745762	0.2315667380862084	0.31242910010656155	0.6296309558569038	0.9	0.1	0.9	0.1	0.4	0.3	0.3	10.0	0.0	1.2226060486727106	1.1207886302391548	2.864969322484075	0.5483528699030523
eclipse.jdt.core-431963	1.3106133312235002	1.0	2.09861228866811	0.4465758384448279	0.3099168092258965	0.24757853908432098	0.6671670231939673	0.20459059532426446	0.3099168092258965	0.24757853908432098	0.6671670231939673	0.20459059532426446	0.24507914420621923	0.21232567453479284	0.9070520547938462	0.2485086586215694	0.2922765693858779	0.7876743254652072	0.8	0.0	0.8	0.0	0.5	0.1	0.2	10.0	0.0	1.2478410759284204	1.2340849293109522	1.9522493144990491	0.40754930134584805
eclipse.jdt.core-83297	1.5662960480135948	1.6931471805599454	2.09861228866811	0.42285417124557223	0.32478654198156887	0.29182803132394225	0.5124412660602239	0.09152789153626414	0.32478654198156887	0.29182803132394225	0.5124412660602239	0.09152789153626414	0.24109051969332584	0.20058824717021995	0.9070520547938462	0.2474596128133376	0.24570056904337645	0.79941175282978	1.0	0.3	1.0	0.1	0.2	0.3	0.5	10.0	0.0	1.3867806324672742	1.347614130441762	1.899270460367059	0.2502238659292844
eclipse.jdt.core-418919	1.3465735902799727	1.0	2.386294361119891	0.49012907173427367	0.4440792457367669	0.3725380709011291	1.0	0.33255865904517684	0.4440792457367669	0.3725380709011291	1.0	0.33255865904517684	0.2637241053999988	0.2927057087194294	0.8877860105745762	0.24731744861302218	0.28166891287406476	0.7072942912805706	0.9	0.2	0.9	0.1	0.5	0.4	0.1	10.0	0.1	0.6918718812591526	0.8545507469388595	1.8284874787578589	0.5531816759059119
eclipse.jdt.core-92005	2.384882610292546	2.6094379124341005	3.4849066497880004	1.034763810671283	0.4314054692947663	0.4314054692947663	0.5124412660602239	0.11460192282341986	0.4314054692947663	0.4314054692947663	0.5124412660602239	0.11460192282341986	0.2818902088190064	0.32989083130935654	0.8877860105745762	0.2453472802175166	0.29460853242525425	0.6701091686906435	0.8	0.0	0.8	0.0	0.2	0.5	0.1	10.0	0.0	1.742872588582896	1.742872588582896	1.742872588582896	0.0
eclipse.jdt.core-24934	1.2772588722239782	1.0	1.6931471805599454	0.35793966490390583	0.40403656900193163	0.37785375463699444	0.6248238040019658	0.11044534951025925	0.40403656900193163	0.37785375463699444	0.6248238040019658	0.11044534951025925	0.33929660814582485	0.3850056226534916	0.8877860105745762	0.22889043005365617	0.3109798673511906	0.6149943773465084	0.8	0.3	0.8	0.2	0.4	0.2	0.4	10.0	0.0	1.9147737518377868	1.881845195417731	2.671930791285755	0.32317569200664825
eclipse.jdt.core-385132	1.578074351579233	1.3465735902799727	2.791759469228055	0.6641621566042474	0.3280259324455429	0.3778291513091525	0.4334737093302124	0.11991898448918811	0.3280259324455429	0.3778291513091525	0.4334737093302124	0.11991898448918811	0.3379854972775528	0.3881850371376705	0.8877860105745762	0.22998258305055028	0.3612303123747498	0.6118149628623295	1.0	0.0	1.0	0.1	0.3	0.3	0.4	10.0	0.1	1.2351041048221638	1.2267754713233934	1.988243462962954	0.3826610333112637
eclipse.jdt.core-417388	1.6579251212010102	1.6931471805599454	2.6094379124341005	0.6287776278923143	0.2054796521807652	0.24741160236847812	0.24774547580016384	0.07291760215079922	0.2054796521807652	0.24741160236847812	0.24774547580016384	0.07291760215079922	0.26663022613827947	0.3045315587318469	0.8877860105745762	0.24630684291847132	0.36471988788172793	0.6954684412681531	1.0	0.0	1.0	0.0	0.4	0.1	0.5	9.0	0.0	0.9999963804853631	0.9178537668167925	1.2519368774603674	0.22254521357654655
eclipse.jdt.core-148328	1.3178053830347947	1.0	2.09861228866811	0.42665434717999146	0.2302084199848791	0.23228358551421086	0.370866692428062	0.12416247924892881	0.2302084199848791	0.23228358551421086	0.370866692428062	0.12416247924892881	0.25783488462712073	0.2796241502585344	0.8877860105745762	0.24720426402505183	0.2523325673354872	0.7203758497414656	0.8	0.0	0.8	0.3	0.2	0.4	0.4	10.0	0.2	0.7526918650571697	0.6801585506585053	1.4864765233389488	0.3611641794442847
eclipse.jdt.core-396139	1.885060619236666	2.09861228866811	2.6094379124341005	0.5872316150033032	0.4017010975140882	0.42135900530165316	0.7046395619678506	0.19659897976547525	0.4017010975140882	0.42135900530165316	0.7046395619678506	0.19659897976547525	0.27946642382274894	0.32461860781568985	0.8877860105745762	0.2461739430528445	0.29066890728601413	0.6753813921843101	0.9	0.2	0.9	0.0	0.2	0.3	0.4	10.0	0.0	1.1864254066867945	1.2606434642628936	2.920440168639052	0.6927127106539436
eclipse.jdt.core-483690	1.870748291785937	1.6931471805599454	2.9459101490553135	0.6455533719721547	0.46262569121483177	0.46262569121483177	0.5364775702657973	0.10444232896061298	0.46262569121483177	0.46262569121483177	0.5364775702657973	0.10444232896061298	0.24249431007618033	0.20538210778768384	0.9070520547938462	0.24748815002560656	0.33189067773380154	0.7946178922123162	1.0	0.0	1.0	0.0	0.1	0.2	0.7	10.0	0.6	1.8353499053029165	1.8353499053029165	1.8353499053029165	0.0
eclipse.jdt.core-430451	1.3178053830347947	1.0	2.09861228866811	0.42665434717999146	0.18426381898327246	0.0930992349660062	0.43862952663822374	0.15335701098946916	0.18426381898327246	0.0930992349660062	0.43862952663822374	0.15335701098946916	0.26515056188137825	0.2994714626370904	0.8877860105745762	0.24706518143320583	0.3627834212997099	0.7005285373629095	1.0	0.1	1.0	0.0	0.7	0.0	0.3	9.0	0.4	0.7966130106566153	0.7104997752231956	1.5978474209815636	0.28310535755771626
eclipse.jdt.core-423280	2.8752225862237024	2.5222612188617117	4.295836866004329	1.0304087252169032	0.09519966114662869	0.09519966114662869	0.09519966114662869	0.0	0.09519966114662869	0.09519966114662869	0.09519966114662869	0.0	0.30422687508784757	0.3517921287443464	0.8877860105745762	0.24144439865850476	0.40285945194444545	0.6482078712556536	1.0	0.3	1.0	0.0	0.0	0.2	0.8	9.0	0.2	0.0	0.0	0.0	0.0
eclipse.jdt.core-401790	1.4564348191467837	1.6931471805599454	2.09861228866811	0.4117559402672115	0.3633421056367979	0.4027540252467297	0.5905960185822635	0.1541958404604085	0.3633421056367979	0.4027540252467297	0.5905960185822635	0.1541958404604085	0.33395944558582336	0.39372908273193097	0.8877860105745762	0.23174448721558333	0.29726484071004555	0.606270917268069	0.9	0.2	0.9	0.1	0.4	0.0	0.6	9.0	0.4	1.6211646796848276	1.4307376996504662	2.8218755116254073	0.6217149442290651
eclipse.jdt.core-23162	1.4158883083359672	1.0	2.386294361119891	0.5845130251449102	0.36332848978989973	0.36639305838892167	0.4954098959695512	0.09712795588844976	0.36332848978989973	0.36639305838892167	0.4954098959695512	0.09712795588844976	0.33474117677631976	0.3961745490619731	0.8877860105745762	0.2327256366413975	0.3066133893197968	0.603825450938027	1.0	0.2	1.0	0.0	0.3	0.3	0.4	10.0	0.1	1.2490294533514545	1.194454939255206	2.0716679645099343	0.3544811730856264
eclipse.jdt.core-55930	1.2772588722239782	1.0	1.6931471805599454	0.35793966490390583	0.446746846588586	0.446746846588586	0.46085727233552776	0.0199551554621836	0.446746846588586	0.446746846588586	0.46085727233552776	0.0199551554621836	0.2396559143997322	0.19835326965744737	0.9070520547938462	0.24730019480822435	0.3490514585569925	0.8016467303425526	1.0	0.3	1.0	0.1	0.1	0.6	0.3	10.0	0.1	2.210171947298996	2.210171947298996	2.210171947298996	0.0
eclipse.jdt.core-406396	1.5257495372027783	1.6931471805599454	2.386294361119891	0.5040334329154543	0.43323215877031657	0.4001451460724817	0.8403640012786583	0.24257289746012808	0.43323215877031657	0.4001451460724817	0.8403640012786583	0.24257289746012808	0.24104837648589708	0.20127308717016063	0.9070520547938462	0.24688275192908873	0.3188509474899162	0.7987269128298393	1.0	0.1	1.0	0.0	0.4	0.5	0.1	10.0	0.1	1.4976303975587453	1.5728989467795311	5.506008813303325	1.2235888704678104
eclipse.jdt.core-17531	1.40943445622221	1.0	2.791759469228055	0.7152916781943703	0.4357009485040897	0.37761936910331306	0.7936736835661323	0.25914789674545646	0.4357009485040897	0.37761936910331306	0.7936736835661323	0.25914789674545646	0.25079117528008366	0.24080191132075765	0.8877860105745762	0.2475397476461246	0.3003106223199178	0.7591980886792423	0.8	0.4	0.8	0.2	0.7	0.0	0.3	9.0	0.0	1.193564015632131	1.431030525467491	1.627025661953379	0.6092854157815594
eclipse.jdt.core-429949	1.9534161491043838	2.09861228866811	2.791759469228055	0.6019060999412211	0.24439583114807883	0.24439583114807883	0.27433783531399053	0.04234438837606405	0.24439583114807883	0.24439583114807883	0.27433783531399053	0.04234438837606405	0.24566457338561387	0.21341704024954355	0.9070520547938462	0.24854638528912743	0.31748938538647936	0.7865829597504564	0.9	0.2	0.9	0.2	0.2	0.0	0.8	10.0	0.2	1.192947148719928	1.192947148719928	1.192947148719928	0.0
eclipse.jdt.core-150655	1.402535169073515	1.0	2.9459101490553135	0.6331209930478133	0.2717386929847953	0.29810020862030334	0.4685724229197131	0.12025963567134672	0.2717386929847953	0.29810020862030334	0.4685724229197131	0.12025963567134672	0.2601255621572754	0.28246918216811745	0.8877860105745762	0.24731072782108893	0.30942650820739365	0.7175308178318826	0.8	0.2	0.8	0.2	0.6	0.2	0.2	10.0	0.1	0.925850574716859	0.9759499145137458	3.0464911991074652	0.63360581689552
eclipse.jdt.core-439431	2.818848635711774	3.2499048351651325	4.555348061489413	1.037554332520693	0.29085544194438134	0.14623286218397832	0.6248238040019658	0.2900882475262584	0.29085544194438134	0.14623286218397832	0.6248238040019658	0.2900882475262584	0.2994574050901775	0.34856867424836924	0.8877860105745762	0.24236751102490164	0.35817709106043116	0.6514313257516308	1.0	0.2	1.0	0.0	0.0	0.2	0.8	10.0	0.2	0.7856698462101176	0.7103121864669252	1.227862309116835	0.40974426411208104
eclipse.jdt.core-277382	1.9749580245218887	1.6931471805599454	3.3978952727983707	1.02828747311803	0.293084367074492	0.14770051594540012	0.7238760269481784	0.28119131164581346	0.293084367074492	0.14770051594540012	0.7238760269481784	0.28119131164581346	0.31780339992142775	0.3718884686064804	0.8877860105745762	0.23799402258751204	0.23173151643991483	0.6281115313935196	0.9	0.1	0.9	0.1	0.3	0.5	0.1	10.0	0.0	0.7750009996640308	0.6675547441972794	3.2416449331294768	0.7266939099344998
eclipse.jdt.core-222080	1.2484906649788001	1.0	2.09861228866811	0.41504737116956814	0.4193684027511573	0.4487269835611504	0.6293400096733536	0.1813275704981486	0.4193684027511573	0.4487269835611504	0.6293400096733536	0.1813275704981486	0.336299824709135	0.3637657155991297	0.6521723285274175	0.24103749661271992	0.18541045630533906	0.6362342844008704	0.9	0.2	0.9	0.1	0.7	0.2	0.1	10.0	0.0	1.7542670706021666	1.3896853443624488	4.36657453011496	0.862179004706226
eclipse.jdt.core-442245	1.5950642552587728	1.6931471805599454	2.386294361119891	0.4702258803796814	0.3218833236964083	0.2701990725766998	0.7605464891889542	0.2443103573774521	0.3218833236964083	0.2701990725766998	0.7605464891889542	0.2443103573774521	0.3962802633982879	0.4580832615322379	0.7914084742563202	0.2455049494791614	0.3278421059972109	0.5419167384677621	1.0	0.3	1.0	0.0	0.2	0.2	0.6	10.0	0.0	1.082901494768892	0.8686552723670069	3.660182122804994	0.6269008814362368
eclipse.jdt.core-417669	1.3178053830347947	1.0	2.386294361119891	0.5374023338187616	0.28701481248773636	0.294558893186247	0.40795281404389716	0.1248810610830957	0.28701481248773636	0.294558893186247	0.40795281404389716	0.1248810610830957	0.26496321673692763	0.30119450479710586	0.8877860105745762	0.24665837922031547	0.2635406854082925	0.6988054952028941	0.8	0.0	0.8	0.2	0.7	0.1	0.2	10.0	0.0	0.989742093034925	1.0524469426287875	1.1000520517794063	0.1517140551583009
eclipse.jdt.core-405125	1.138629436111989	1.0	1.6931471805599454	0.2922565125724551	0.39567885102809836	0.3910761786299521	0.7469835607605417	0.20675611500791896	0.39567885102809836	0.3910761786299521	0.7469835607605417	0.20675611500791896	0.24027741962679575	0.20019704507263725	0.9070520547938462	0.24726108732029242	0.26233133491684024	0.7998029549273628	1.0	0.3	1.0	0.0	0.8	0.0	0.2	10.0	0.0	1.6225931028160567	1.3956081217611178	4.471935045772787	0.7231229974439224
eclipse.jdt.core-455042	1.138629436111989	1.0	1.6931471805599454	0.2922565125724551	0.5461312365511748	0.5542269942784451	0.8734913905634314	0.25993484736225886	0.5461312365511748	0.5542269942784451	0.8734913905634314	0.25993484736225886	0.36783160236339624	0.39605535782568574	0.7914084742563202	0.24559034831433474	0.35318356568854037	0.6039446421743142	0.8	0.0	0.8	0.2	0.5	0.4	0.1	10.0	0.2	1.7261976257089067	1.7185776854608925	4.752237010926945	1.194579705495098
eclipse.jdt.core-405889	1.0	1.0	1.0	0.0	0.2516628092871844	0.2516628092871844	0.3570927563903904	0.14910046107363198	0.2516628092871844	0.2516628092871844	0.3570927563903904	0.14910046107363198	0.2720931886854701	0.3160565566921526	0.8877860105745762	0.24645183071534515	0.3434555947985377	0.6839434433078474	1.0	0.1	1.0	0.0	1.0	0.0	0.0	10.0	0.0	1.2670830222701166	1.2670830222701166	1.2670830222701166	0.0
eclipse.jdt.core-424591	1.4276666119016055	1.0	2.791759469228055	0.6279835166682677	0.3266743551137748	0.3826700047793584	0.4619282801021583	0.13697977878709672	0.3266743551137748	0.3826700047793584	0.4619282801021583	0.13697977878709672	0.37165842235293606	0.40629168253459624	0.7914084742563202	0.2451612240311281	0.3100684970300717	0.5937083174654038	1.0	0.0	1.0	0.1	0.5	0.4	0.1	10.0	0.0	1.3755096555241244	1.1554773079592227	3.1610828798197543	0.6660273650985244
eclipse.jdt.core-85384	1.4951051289713895	1.6931471805599454	1.6931471805599454	0.3382211920362604	0.42348638499576174	0.3995483280452296	0.649416624743956	0.18745412501320083	0.42348638499576174	0.3995483280452296	0.649416624743956	0.18745412501320083	0.3743499086190717	0.40629168253459624	0.7914084742563202	0.24280655900335624	0.24105498276928675	0.5937083174654038	0.875	0.375	0.875	0.0	0.125	0.125	0.625	8.0	0.0	1.6175213012463603	1.2456791136069632	3.5600986642480112	0.7423410308157379
eclipse.jdt.core-168331	2.1990897263865143	2.09861228866811	3.302585092994046	0.8649509234252163	0.1664724883251637	0.15408363406026465	0.21148982299614727	0.030323417273389143	0.1664724883251637	0.15408363406026465	0.21148982299614727	0.030323417273389143	0.254010494692457	0.2594094986713094	0.8877860105745762	0.2475444967717538	0.3075606250061695	0.7405905013286906	1.0	0.0	1.0	0.0	0.1	0.4	0.5	9.0	0.0	0.7488643974400938	0.7276448060622371	0.901600365713583	0.12830578641185264
eclipse.jdt.core-393356	2.619505669209445	2.6094379124341005	3.995732273553991	0.8217132989188763	0.09835466039691432	0.09835466039691432	0.10150965964719995	0.004461842729030887	0.09835466039691432	0.09835466039691432	0.10150965964719995	0.004461842729030887	0.31062140218309037	0.3633858335922753	0.8877860105745762	0.23998896754190094	0.38804849426407234	0.6366141664077247	1.0	0.0	1.0	0.0	0.1	0.5	0.4	9.0	0.4	0.08381119369415241	0.08381119369415241	0.08381119369415241	0.0
eclipse.jdt.core-483467	2.8445024222447346	3.0794415416798357	4.295836866004329	1.2947275163849785	0.3460162729442534	0.16267215887169612	1.0	0.3725970131301642	0.3460162729442534	0.16267215887169612	1.0	0.3725970131301642	0.2872552327994878	0.3323526967118954	0.8877860105745762	0.24473175677675088	0.4318114730556727	0.6676473032881046	0.9	0.0	0.9	0.0	0.2	0.7	0.0	10.0	0.0	0.9732326471258232	0.7095934258005988	5.046476483924884	1.1958323577119947
eclipse.jdt.core-474762	3.05042474569076	2.9459101490553135	4.637586159726386	1.1149212582468915	0.09438521446938736	0.09519966114662869	0.10150965964719995	0.007564623135621754	0.09438521446938736	0.09519966114662869	0.10150965964719995	0.007564623135621754	0.2908016692726174	0.3402585260578424	0.8877860105745762	0.2444166361023642	0.2664936642971274	0.6597414739421577	0.9	0.0	0.9	0.0	0.1	0.3	0.5	9.0	0.5	0.02968558973563481	0.08381119369415241	0.41291465272934524	0.41296077321690366
eclipse.jdt.core-424075	1.0	1.0	1.0	0.0	0.4699315707489681	0.471353289167197	0.8146684455957106	0.21631762570330842	0.4699315707489681	0.471353289167197	0.8146684455957106	0.21631762570330842	0.24757939101614085	0.21784675051009628	0.9070520547938462	0.24814553473110096	0.361851623795073	0.7821532494899037	0.8	0.0	0.8	0.0	0.3	0.5	0.0	10.0	0.1	1.5747991041139022	1.5571718347524623	2.785536092202558	0.9611671233861668
eclipse.jdt.core-430987	1.9418190218773315	1.6931471805599454	3.302585092994046	0.7482563842835611	0.25999148169609043	0.21432196025945355	0.47087517901004894	0.1551413539626731	0.25999148169609043	0.21432196025945355	0.47087517901004894	0.1551413539626731	0.24580670256412404	0.21341704024954355	0.9070520547938462	0.24870531480604097	0.3520217928142913	0.7865829597504564	0.9	0.1	0.9	0.0	0.2	0.3	0.4	9.0	0.0	0.5793021746463062	0.5678288955806214	1.5941643952495261	0.7734675412592026
eclipse.jdt.core-252556	1.3178053830347947	1.0	2.09861228866811	0.42665434717999146	0.3531674911855945	0.3433110911108429	0.5542269942784451	0.16486904575100503	0.3531674911855945	0.3433110911108429	0.5542269942784451	0.16486904575100503	0.37745144166590255	0.4107219713552884	0.7914084742563202	0.23625550442719137	0.35959184924266707	0.5892780286447117	1.0	0.2	1.0	0.1	0.5	0.2	0.3	10.0	0.2	1.3337593514062025	1.3767074798075707	3.5850376125952637	0.9934023124923589
eclipse.jdt.core-409236	1.2079441541679836	1.0	1.6931471805599454	0.33482189780177213	0.3524999547751937	0.2548775527680046	0.7138565612886493	0.21686194579144383	0.3524999547751937	0.2548775527680046	0.7138565612886493	0.21686194579144383	0.36455607673931073	0.4014690218477292	0.7914084742563202	0.23483855665278888	0.339453004427445	0.5985309781522707	1.0	0.1	1.0	0.0	0.7	0.1	0.2	10.0	0.3	1.5628714469930114	1.260647585457514	4.87740015388095	0.9164464092962207
eclipse.jdt.core-181393	1.6356107660695893	1.6931471805599454	2.09861228866811	0.37366139539824517	0.3063782445094114	0.29608640007428805	0.356660855195707	0.034770090464866205	0.3063782445094114	0.29608640007428805	0.356660855195707	0.034770090464866205	0.2502316453594422	0.2240747980915738	0.8877860105745762	0.24744889162461622	0.350822948777748	0.7759252019084262	1.0	0.1	1.0	0.0	0.1	0.4	0.5	10.0	0.2	1.2895485386156997	1.301458619702343	1.6428609756573156	0.2905555155251327
eclipse.jdt.core-409245	1.7049254841255839	1.6931471805599454	2.09861228866811	0.299605228658515	0.3323020647210513	0.26234350316753113	0.7936736835661323	0.22095067611789967	0.3323020647210513	0.26234350316753113	0.7936736835661323	0.22095067611789967	0.37529387839994394	0.40886239758265847	0.8032423003746476	0.23740481508461297	0.3388341615051267	0.5911376024173416	0.9	0.1	0.9	0.1	0.1	0.2	0.7	9.0	0.1	1.489640456429432	1.219090315927108	4.855421247162176	0.8773745446607265
eclipse.jdt.core-380313	1.0770163533955495	1.0	1.6931471805599454	0.23104906018664842	0.30438281406532247	0.3127587007742836	0.620478069795349	0.19509522687622635	0.30438281406532247	0.3127587007742836	0.620478069795349	0.19509522687622635	0.3731099268699723	0.40886239758265847	0.8032423003746476	0.23624529537345773	0.3785998538556166	0.5911376024173416	0.8	0.1	0.8	0.1	0.4	0.4	0.1	10.0	0.1	1.0087841429244995	0.7174759460128682	2.296435381097438	0.5196083792596088
eclipse.jdt.core-413083	1.0	1.0	1.0	0.0	0.42718086802573135	0.38106002523340404	0.6737488170472423	0.17336080758715233	0.42718086802573135	0.38106002523340404	0.6737488170472423	0.17336080758715233	0.37184466165235375	0.4107219713552884	0.8032423003746476	0.23522919581242463	0.31199752616899784	0.5892780286447117	0.8	0.3	0.8	0.2	1.0	0.0	0.0	10.0	0.1	1.6177171147153933	1.6303904897689785	2.3604207842049565	0.5086861774061401
eclipse.jdt.core-399769	1.3531170922608828	1.0	2.386294361119891	0.5575604118369778	0.3368276319530104	0.34915169054576733	0.5428173090861255	0.1622485578979247	0.3368276319530104	0.34915169054576733	0.5428173090861255	0.1622485578979247	0.37207999457647856	0.4186111100600785	0.8032423003746476	0.23266506704177983	0.33233461201363945	0.5813888899399215	0.8	0.1	0.8	0.2	0.4	0.4	0.1	10.0	0.1	1.2585360427749892	1.1254325052070897	2.4513765176883484	0.5744046791364665
eclipse.jdt.core-415911	1.3465735902799727	1.3465735902799727	1.6931471805599454	0.36532064071556886	0.186378355693454	0.15131247922878044	0.30786112543707495	0.07448368041081196	0.186378355693454	0.15131247922878044	0.30786112543707495	0.07448368041081196	0.27065927755686126	0.3156654533746798	0.8877860105745762	0.24624546434345818	0.2413258297284889	0.6843345466253201	1.0	0.1	1.0	0.0	0.5	0.3	0.2	9.0	0.3	0.8642634281642492	0.797767076318031	1.1717255935347899	0.14961243473914565
eclipse.jdt.core-420004	1.2079441541679836	1.0	1.6931471805599454	0.3348218978017722	0.34295659657033783	0.23074535820756387	0.688161395415943	0.22282106627512155	0.34295659657033783	0.23074535820756387	0.688161395415943	0.22282106627512155	0.36366898928391805	0.40700282381002856	0.8032423003746476	0.23611510407663006	0.23084524034302562	0.5929971761899715	1.0	0.1	1.0	0.0	0.6	0.2	0.2	10.0	0.2	1.1153755262831686	1.1730283022778458	1.6271304233593729	0.4269437051291637
eclipse.jdt.core-421796	1.3080654135821979	1.0	1.6931471805599454	0.36532064071556886	0.14535149252434298	0.1487726707063794	0.2238346580961923	0.04702758810537526	0.14535149252434298	0.1487726707063794	0.2238346580961923	0.04702758810537526	0.24744510808975834	0.21784675051009628	0.9070520547938462	0.2484491770500771	0.28671662968332867	0.7821532494899037	0.9	0.0	0.9	0.0	0.5	0.1	0.3	9.0	0.0	0.6434401662961358	0.630947756868346	0.8704013772581318	0.1473350049119619
eclipse.jdt.core-467618	1.2772588722239782	1.0	2.386294361119891	0.5845130251449102	0.49780844673568	0.5064848705345975	0.7138565612886493	0.12346289861450567	0.49780844673568	0.5064848705345975	0.7138565612886493	0.12346289861450567	0.35916709092722465	0.3961745490619731	0.8032423003746476	0.23239240367181624	0.46854872826411376	0.603825450938027	0.9	0.2	0.9	0.1	0.6	0.2	0.2	10.0	0.0	1.4763225774607027	1.610602643529758	3.2969497783201027	1.0264979931457905
eclipse.jdt.core-217002	1.7049254841255839	1.6931471805599454	2.09861228866811	0.29960522865851497	0.3150869549722279	0.33297819415646945	0.37999908524600334	0.07546548578598102	0.3150869549722279	0.33297819415646945	0.37999908524600334	0.07546548578598102	0.2479059964602431	0.21784675051009628	0.9070520547938462	0.24797795262949465	0.4122641842183778	0.7821532494899037	0.9	0.0	0.9	0.1	0.1	0.2	0.7	10.0	0.4	1.090175868691176	1.1995545292702978	1.2201260391823454	0.2075199117943128
eclipse.jdt.core-431275	3.4075044376862795	3.302585092994046	4.401197381662156	0.6350554114412459	0.0	0.0	0.0	0.0	0.0	0.0	0.0	0.0	0.3228648068174847	0.38211342390169145	0.8877860105745762	0.23663074438321574	0.40095414937182206	0.6178865760983085	1.0	0.0	1.0	0.0	0.0	0.0	1.0	10.0	0.3	0.0	0.0	0.0	0.0
eclipse.jdt.core-426678	1.2772588722239782	1.0	1.6931471805599454	0.35793966490390583	0.32083349526763716	0.24172061661546254	0.6961059679383006	0.22606608833035322	0.32083349526763716	0.24172061661546254	0.6961059679383006	0.22606608833035322	0.35918255416594114	0.39605535782568574	0.8032423003746476	0.23197875667179976	0.2969126411679035	0.6039446421743142	1.0	0.0	1.0	0.0	0.5	0.3	0.2	10.0	0.1	1.0439102584823752	0.9764164764980205	3.4349355212940056	0.9147915087636441
eclipse.jdt.core-485302	1.0	1.0	1.0	0.0	0.2411780108361306	0.2411780108361306	0.24741160236847812	0.008815629687339913	0.2411780108361306	0.2411780108361306	0.24741160236847812	0.008815629687339913	0.35454794056379996	0.3914028076381762	0.8032423003746476	0.23402803540672562	0.2757904690424537	0.6085971923618239	1.0	0.2	1.0	0.0	1.0	0.0	0.0	5.0	0.0	0.90945184801444	0.90945184801444	0.90945184801444	0.0
eclipse.jdt.core-88757	1.9053185699915496	2.09861228866811	2.791759469228055	0.7562584428181034	0.27410740885005175	0.23599606752472743	0.37483633602928057	0.08809016167105398	0.27410740885005175	0.23599606752472743	0.37483633602928057	0.08809016167105398	0.23943467821191558	0.1955207236417023	0.9070520547938462	0.24741082023589844	0.3416968068393936	0.8044792763582977	0.9	0.1	0.9	0.0	0.3	0.0	0.6	10.0	0.2	1.2200988184367851	1.2127649613739684	1.340124665194064	0.11653212838208243
eclipse.jdt.core-29621	1.4158883083359672	1.0	2.386294361119891	0.6696437956035444	0.5105438652704937	0.362860197039513	0.8146684455957106	0.26341600672417786	0.5105438652704937	0.362860197039513	0.8146684455957106	0.26341600672417786	0.3486433685778755	0.38629173031445596	0.8032423003746476	0.23548090390409968	0.4328597358147439	0.613708269685544	0.9	0.2	0.9	0.1	0.6	0.4	0.0	9.0	0.1	1.8571566863689757	1.5412352424896498	2.565081880585067	0.6142602785410992
eclipse.jdt.core-162740	1.3465735902799727	1.3465735902799727	1.6931471805599454	0.36532064071556886	0.37294059217642744	0.3916590404911742	0.8734913905634314	0.31123301072638887	0.37294059217642744	0.3916590404911742	0.8734913905634314	0.31123301072638887	0.3467801061211789	0.38291646944710933	0.8877860105745762	0.23820911740405207	0.34053464533109085	0.6170835305528907	0.9	0.0	0.9	0.2	0.3	0.7	0.0	10.0	0.0	0.8508910149829912	0.6812962894353659	2.658196669825956	0.6247946303397158
eclipse.jdt.core-460465	1.6173786103901937	1.6931471805599454	2.6094379124341005	0.5150987972882872	0.332499995485628	0.3117503937000413	0.5752203920449158	0.13048802232075613	0.332499995485628	0.3117503937000413	0.5752203920449158	0.13048802232075613	0.24452807992601616	0.21232567453479284	0.9070520547938462	0.24741955923892056	0.31219747804679493	0.7876743254652072	0.9	0.1	0.9	0.1	0.2	0.3	0.5	10.0	0.1	1.2241412418569497	1.238473801088232	3.001186853814383	0.4865946765133233
eclipse.jdt.core-476859	1.2772588722239782	1.0	1.6931471805599454	0.35793966490390583	0.37110073133392674	0.3558018867211177	0.6550347857476941	0.18575768135175097	0.37110073133392674	0.3558018867211177	0.6550347857476941	0.18575768135175097	0.34802074786959114	0.3850056226534916	0.8877860105745762	0.2370325796344629	0.25655877460670845	0.6149943773465084	0.9	0.1	0.9	0.1	0.6	0.1	0.3	10.0	0.0	1.5107522372992723	1.3741570185945426	3.098063204651453	0.5927381750427287
eclipse.jdt.core-15036	2.6292637020433314	2.6094379124341005	3.4849066497880004	0.5473075031794342	0.4637244884264177	0.39509200191811944	0.7348511284126118	0.18342053342546624	0.4637244884264177	0.39509200191811944	0.7348511284126118	0.18342053342546624	0.28023008646416114	0.32543973790334735	0.8877860105745762	0.2455528221850943	0.3843304059677352	0.6745602620966527	0.9	0.1	0.9	0.3	0.0	0.3	0.7	10.0	0.1	1.5112466143052568	1.3876480514108436	2.5781375677691347	0.9404600066347385
eclipse.jdt.core-464570	3.2420486029148226	3.1972245773362196	3.995732273553991	0.7065115002132512	0.2621529923275201	0.2726431753678558	0.3570927563903904	0.10345879087429902	0.2621529923275201	0.2726431753678558	0.3570927563903904	0.10345879087429902	0.29254883571416146	0.3440016799152833	0.8877860105745762	0.24413231979498498	0.4380689915584187	0.6559983200847167	1.0	0.0	1.0	0.1	0.0	0.0	1.0	10.0	0.3	1.1623771462588652	1.1202692406635517	1.7622811929360414	0.3375851544254408
eclipse.jdt.core-401848	1.0770163533955495	1.0	1.6931471805599454	0.23104906018664842	0.3289093408222786	0.3228424389275652	0.5075409641374938	0.15870399075523728	0.3289093408222786	0.3228424389275652	0.5075409641374938	0.15870399075523728	0.34413359602863136	0.3850056226534916	0.8877860105745762	0.23773379222587435	0.2669803006664249	0.6149943773465084	0.8	0.1	0.8	0.1	0.5	0.3	0.1	10.0	0.1	1.1295184195200412	0.9700295925316424	1.7192002341954362	0.3513209742627206
eclipse.jdt.core-488888	3.640472601259812	3.6990813507588767	5.0943445622221	1.0842531041987158	0.18042856367752852	0.11662144620558104	0.40529096723726094	0.15123903321114368	0.18042856367752852	0.11662144620558104	0.40529096723726094	0.15123903321114368	0.28439697177660733	0.330491600991472	0.8877860105745762	0.24517564717494772	0.41372548696154676	0.669508399008528	1.0	0.1	1.0	0.0	0.0	0.9	0.1	10.0	0.1	0.7023853076387883	0.6912044661036623	1.0511771382561375	0.22282765178152997
eclipse.jdt.core-434630	1.3465735902799727	1.3465735902799727	1.6931471805599454	0.36532064071556886	0.3429854119484965	0.33297819415646945	0.5364775702657973	0.1443478982602245	0.3429854119484965	0.33297819415646945	0.5364775702657973	0.1443478982602245	0.34543615128963356	0.38371951499252727	0.8877860105745762	0.23650010636203408	0.27095167874515025	0.6162804850074728	0.9	0.0	0.9	0.1	0.5	0.3	0.2	10.0	0.2	1.528003404776685	1.474278193271929	3.039794296527477	0.5965269434715853
eclipse.jdt.core-79809	1.4276666119016057	1.3465735902799727	2.09861228866811	0.47449032937408914	0.3573788350624919	0.29943421815063054	0.6737488170472423	0.1820210805387105	0.3573788350624919	0.29943421815063054	0.6737488170472423	0.1820210805387105	0.2401162089435232	0.19980584297505452	0.9070520547938462	0.2471085405469681	0.34948050921239404	0.8001941570249455	1.0	0.0	1.0	0.0	0.5	0.3	0.2	9.0	0.1	1.3317446944289932	1.2700497668968351	2.6319734747268537	0.5039360867677367
eclipse.jdt.core-176320	1.4852030263919618	1.6931471805599454	2.386294361119891	0.4678386898000713	0.4824443265484867	0.3916590404911742	0.8403640012786583	0.2275311994236822	0.4824443265484867	0.3916590404911742	0.8403640012786583	0.2275311994236822	0.34547182777605406	0.38371951499252727	0.8877860105745762	0.23403705378032974	0.3447473651819568	0.6162804850074728	0.9	0.1	0.9	0.2	0.2	0.4	0.4	10.0	0.0	1.4720613507843683	1.4059530869802705	4.449956139054011	1.1854397619272252
eclipse.jdt.core-124099	1.2772588722239782	1.0	1.6931471805599454	0.35793966490390583	0.24928158796122035	0.2313440714193742	0.38820534682215463	0.10405813951370252	0.24928158796122035	0.2313440714193742	0.38820534682215463	0.10405813951370252	0.26059151755388715	0.2842296435131091	0.8877860105745762	0.24787433217751692	0.480487344623372	0.7157703564868909	1.0	0.1	1.0	0.0	0.8	0.0	0.2	8.0	0.0	1.2324018594209318	1.1000969749486904	2.1513624843809236	0.47065275220711855
eclipse.jdt.core-126914	1.5296756383913244	1.6931471805599454	2.09861228866811	0.4393108947284702	0.3585704287867637	0.28556309788266515	0.8403640012786583	0.2626853130564647	0.3585704287867637	0.28556309788266515	0.8403640012786583	0.2626853130564647	0.2594773974631443	0.28246918216811745	0.8877860105745762	0.24771801235445143	0.3123831890555335	0.7175308178318826	0.5	0.1	0.5	0.1	0.2	0.1	0.3	10.0	0.0	1.4393656351843047	1.2370055670328386	3.085640684652896	0.6413225730294836
eclipse.jdt.core-435397	1.864802668481782	1.6931471805599454	3.0794415416798357	0.7859357482608208	0.42570245139768326	0.370954248905522	0.8146684455957106	0.33260464080919644	0.42570245139768326	0.370954248905522	0.8146684455957106	0.33260464080919644	0.24401035370540317	0.20741946288923047	0.9070520547938462	0.24761835552043165	0.3781864163406401	0.7925805371107695	0.8	0.1	0.8	0.1	0.3	0.4	0.2	10.0	0.0	0.9005241602129851	0.7968670156261963	3.5192766697277564	1.4056782121483933
eclipse.jdt.core-373953	1.7090076835776093	1.6931471805599454	2.6094379124341005	0.6866447309248219	0.2083177890336415	0.16434919985209379	0.6162904048701141	0.17522642561620289	0.2083177890336415	0.16434919985209379	0.6162904048701141	0.17522642561620289	0.3413024368137517	0.3786126191483528	0.8877860105745762	0.2350537587540962	0.33406686119451523	0.6213873808516472	1.0	0.2	1.0	0.1	0.3	0.1	0.6	9.0	0.0	0.7540486217200901	0.6784314769956787	1.3827461610637932	0.2659648284646954
eclipse.jdt.core-426434	1.6423048350880367	2.09861228866811	2.386294361119891	0.6160974342916372	0.477988798478896	0.4683081433474874	0.7936736835661323	0.19121077018301416	0.477988798478896	0.4683081433474874	0.7936736835661323	0.19121077018301416	0.2647149851764496	0.29737847072158796	0.8877860105745762	0.24712708897263613	0.3477353902324098	0.702621529278412	0.9	0.2	0.9	0.0	0.4	0.1	0.4	10.0	0.3	1.7629726505556353	1.7365212005536554	3.154633556139847	0.849531731826586
eclipse.jdt.core-429763	1.154032706791099	1.0	1.6931471805599454	0.30564917695453336	0.20990194855563804	0.19698916899207108	0.3910761786299521	0.11101494759071605	0.20990194855563804	0.19698916899207108	0.3910761786299521	0.11101494759071605	0.24680066318812294	0.21509511731450406	0.9070520547938462	0.24812275934488778	0.34532133268624676	0.784904882685496	0.8	0.0	0.8	0.1	0.7	0.2	0.0	9.0	0.3	0.6869479715478454	0.9178537668167925	1.9935009104904036	0.7661377051690803
eclipse.jdt.core-399567	2.2219046054331586	2.09861228866811	2.791759469228055	0.45935896327016285	0.3130739048164005	0.21407911404664962	0.7469835607605417	0.22701524650640476	0.3130739048164005	0.21407911404664962	0.7469835607605417	0.22701524650640476	0.2784244111765505	0.32266015966427375	0.8877860105745762	0.24657338603729215	0.3760788728781367	0.6773398403357263	0.7	0.2	0.7	0.0	0.0	0.4	0.3	10.0	0.1	0.843140168270078	0.9033227995764126	2.0728283857881187	0.7383902280846755
eclipse.jdt.core-180169	1.2079441541679836	1.0	1.6931471805599454	0.3348218978017722	0.4732027365410273	0.3893112962169244	0.8734913905634314	0.2118627510335494	0.4732027365410273	0.3893112962169244	0.8734913905634314	0.2118627510335494	0.33979209520121617	0.37340789306986444	0.8877860105745762	0.23380087647468079	0.408455090310628	0.6265921069301356	1.0	0.3	1.0	0.0	0.4	0.3	0.3	9.0	0.0	2.1493534109574366	1.862879803946687	5.388225777646941	1.0355758357023759
eclipse.jdt.core-65738	1.4301334456564323	1.0	2.386294361119891	0.5505149878376742	0.43651845992817456	0.41809979168538924	0.6737488170472423	0.1452845729304279	0.43651845992817456	0.41809979168538924	0.6737488170472423	0.1452845729304279	0.3408156866877623	0.3786126191483528	0.8877860105745762	0.23294742997482001	0.3228654120078898	0.6213873808516472	0.7	0.3	0.7	0.3	0.4	0.4	0.1	9.0	0.0	1.9045867885897314	1.8095494636666192	3.5200933296343124	0.6891041023715091
eclipse.jdt.core-403147	1.4158883083359672	1.6931471805599454	1.6931471805599454	0.35793966490390583	0.3728679751173365	0.4163289666948575	0.6009145834439743	0.2015433635210577	0.3728679751173365	0.4163289666948575	0.6009145834439743	0.2015433635210577	0.34053906903003783	0.37601025610910865	0.8877860105745762	0.23186426245472816	0.47110107209894514	0.6239897438908913	1.0	0.3	1.0	0.1	0.4	0.1	0.5	9.0	0.0	1.946023005368018	1.3278239659881579	4.478659544656706	1.2178932150434723
eclipse.jdt.core-176591	1.3583518938456112	1.0	2.09861228866811	0.4819685502918914	0.41011729784666695	0.43516678325955055	0.8403640012786583	0.29508133125219044	0.41011729784666695	0.43516678325955055	0.8403640012786583	0.29508133125219044	0.25010221127115523	0.2240747980915738	0.8877860105745762	0.2472871869288375	0.36998469914530996	0.7759252019084262	0.9	0.2	0.9	0.1	0.5	0.3	0.2	10.0	0.1	1.5723224724974207	1.1244953235364712	3.7142493440752697	1.0460340802559742
eclipse.jdt.core-456395	1.2772588722239782	1.0	1.6931471805599454	0.35793966490390583	0.3814672093011849	0.4182884874659616	0.5324370733810675	0.15971224754920016	0.3814672093011849	0.4182884874659616	0.5324370733810675	0.15971224754920016	0.24245968972649998	0.20687339704403207	0.9070520547938462	0.24694402176772975	0.36834303515374656	0.7931266029559679	1.0	0.2	1.0	0.0	0.3	0.6	0.1	10.0	0.0	1.5516241012373442	1.3700420795758101	2.3414909496405776	0.570752791354039
eclipse.jdt.core-427218	1.0770163533955495	1.0	1.6931471805599454	0.23104906018664842	0.4116335931536401	0.44325533824624697	0.775922895311158	0.2030956588539034	0.4116335931536401	0.44325533824624697	0.775922895311158	0.2030956588539034	0.33959644886641893	0.3786126191483528	0.8877860105745762	0.23082585412532403	0.3502429023624588	0.6213873808516472	0.9	0.1	0.9	0.0	0.6	0.3	0.0	10.0	0.1	1.611656661246199	1.4647154400637286	2.758470840693996	0.671886715968619
eclipse.jdt.core-412882	2.4948408324598934	2.700598690831078	3.3978952727983707	0.6922358880379091	0.4274894329871046	0.41206470547921814	0.556651172163195	0.07973387222203904	0.4274894329871046	0.41206470547921814	0.556651172163195	0.07973387222203904	0.2712528286041351	0.31576140908588785	0.8877860105745762	0.24618842420635445	0.39135866741216874	0.6842385909141122	0.8	0.1	0.8	0.3	0.1	0.4	0.5	9.0	0.3	2.160676586542906	2.2866398172592337	3.0729272313799103	0.5612745030153848
eclipse.jdt.core-391376	1.6915723448631315	1.6931471805599454	2.9459101490553135	0.6912516209774803	0.4138141294469245	0.412764533772979	0.7605464891889542	0.19837776572256488	0.4138141294469245	0.412764533772979	0.7605464891889542	0.19837776572256488	0.3400171799589604	0.3803630215250221	0.8877860105745762	0.23035542693293495	0.30115469652192517	0.6196369784749779	1.0	0.2	1.0	0.0	0.2	0.4	0.4	9.0	0.1	1.856578676696354	1.7050568422943044	3.7875806171608195	0.7069986121615778
eclipse.jdt.core-427216	1.9534161491043838	1.8958797346140277	2.791759469228055	0.5054934388497879	0.41070502682529975	0.29426461473047977	1.0	0.335811689903008	0.41070502682529975	0.29426461473047977	1.0	0.335811689903008	0.3031966518286597	0.35163759273269474	0.8877860105745762	0.2418000256157903	0.3057043650937278	0.6483624072673053	1.0	0.0	1.0	0.0	0.1	0.6	0.3	9.0	0.1	1.2130266856154723	1.026071217125061	3.1666097471865626	0.7210876729168031
eclipse.jdt.core-412639	3.184902264998539	2.9459101490553135	4.761200115693562	0.8685779832122783	0.20160523374453823	0.11139576901042679	0.4884297358106707	0.1915388613635076	0.20160523374453823	0.11139576901042679	0.4884297358106707	0.1915388613635076	0.3080111382991989	0.35335424238136315	0.8877860105745762	0.24065661149872172	0.38114192687645704	0.6466457576186369	0.9	0.2	0.9	0.0	0.0	0.3	0.6	9.0	0.4	0.3417440522447904	0.36128867740443726	0.8565341789920922	0.4404473943371388
eclipse.jdt.core-478427	2.687596933498605	2.9459101490553135	3.4849066497880004	0.5795268034201502	0.21969924419583084	0.14623286218397832	0.4156071939617746	0.1595910085586058	0.21969924419583084	0.14623286218397832	0.4156071939617746	0.1595910085586058	0.2651629350542142	0.2994714626370904	0.8877860105745762	0.2472394817208205	0.4069031322709028	0.7005285373629095	1.0	0.2	1.0	0.1	0.0	0.0	1.0	10.0	0.0	0.8873571308444992	0.739147000401065	1.6380811277404028	0.3025791744871582
eclipse.jdt.core-432603	1.2484906649788001	1.0	2.09861228866811	0.4150473711695682	0.5276701384876541	0.4781339738493221	0.8146684455957106	0.21754848977902896	0.5276701384876541	0.4781339738493221	0.8146684455957106	0.21754848977902896	0.24523471145188602	0.21232567453479284	0.9070520547938462	0.24797772849131078	0.35256622274824173	0.7876743254652072	1.0	0.1	1.0	0.0	0.5	0.3	0.2	9.0	0.0	2.2685476016147175	2.233828120905995	4.87740015388095	1.0447802646555486
eclipse.jdt.core-422107	1.8253227645581773	1.6931471805599454	2.791759469228055	0.5112388906694666	0.3038197285920541	0.30757942667330873	0.4487269835611504	0.10570708434835167	0.3038197285920541	0.30757942667330873	0.4487269835611504	0.10570708434835167	0.24126951945321967	0.20127308717016063	0.9070520547938462	0.24710472134943545	0.2199376789926443	0.7987269128298393	0.9	0.4	0.9	0.3	0.1	0.2	0.7	10.0	0.0	1.3061839610047137	1.3066944367372173	1.9755997001611634	0.29249032891784643
eclipse.jdt.core-413913	1.0	1.0	1.0	0.0	0.5696024259319487	0.5696024259319487	0.5696024259319487	0.0	0.5696024259319487	0.5696024259319487	0.5696024259319487	0.0	0.3346882124848932	0.3703690441430963	0.8877860105745762	0.2315667380862084	0.2905126033949528	0.6296309558569038	1.0	0.3333333333333333	1.0	0.0	1.0	0.0	0.0	3.0	0.0	0.0	0.0	0.0	0.0
eclipse.jdt.core-369381	1.0	1.0	1.0	0.0	0.4005661075615209	0.41957478207392973	0.5364775702657973	0.13727648750850188	0.4005661075615209	0.41957478207392973	0.5364775702657973	0.13727648750850188	0.3368916125964603	0.3803630215250221	0.8877860105745762	0.22987780157279555	0.37346972372852116	0.6196369784749779	0.75	0.25	0.75	0.25	1.0	0.0	0.0	8.0	0.0	1.7588936917082474	1.8199743113216198	2.591622179203286	0.5712845443316662
eclipse.jdt.core-165346	1.4564348191467837	1.6931471805599454	2.09861228866811	0.4117559402672115	0.10223970370650226	0.08977277879016982	0.14623286218397832	0.029617755338990824	0.10223970370650226	0.08977277879016982	0.14623286218397832	0.029617755338990824	0.2544706586321172	0.26400546222870386	0.8877860105745762	0.24753217970041871	0.4474842692747276	0.7359945377712962	1.0	0.0	1.0	0.0	0.5	0.0	0.5	10.0	0.0	0.7356512567870493	0.7271853551047005	0.7979866968821763	0.03359590204356938
eclipse.jdt.core-327143	1.6579251212010102	1.6931471805599454	2.6094379124341005	0.6287776278923143	0.4103958109596638	0.38106496172066495	0.6122497131025295	0.10545424702575797	0.4103958109596638	0.38106496172066495	0.6122497131025295	0.10545424702575797	0.24591960075384361	0.21493818492930428	0.9070520547938462	0.24748923210177284	0.373430820759752	0.7850618150706957	1.0	0.2	1.0	0.0	0.3	0.3	0.4	9.0	0.2	1.8163365934945488	1.643632399279805	2.836255775349834	0.5445922786159945
eclipse.jdt.core-396258	1.6643789733147674	1.6931471805599454	2.386294361119891	0.42130549725647815	0.3832349988900404	0.24741160236847812	0.9201819031845418	0.3142639450231048	0.3832349988900404	0.24741160236847812	0.9201819031845418	0.3142639450231048	0.27910657045730974	0.323956984472556	0.8877860105745762	0.24645173354740188	0.2827903595029782	0.676043015527444	1.0	0.1	1.0	0.0	0.2	0.0	0.8	9.0	0.5	1.3172706069740792	1.0903611318258892	2.6438079323738566	0.6103335508924274
eclipse.jdt.core-126180	1.3960841031771116	1.6931471805599454	1.6931471805599454	0.37050275260909293	0.36417971057973714	0.37821020640912695	0.620478069795349	0.2090378704128028	0.36417971057973714	0.37821020640912695	0.620478069795349	0.2090378704128028	0.26038415658465425	0.2842296435131091	0.8877860105745762	0.24775126695648958	0.2749913367643528	0.7157703564868909	0.6	0.1	0.6	0.1	0.3	0.1	0.3	9.0	0.0	1.40130597889684	1.0557739286029095	3.422112921274109	0.7543576776758362
eclipse.jdt.core-472815	1.0693147180559945	1.0	1.6931471805599454	0.21919238442934133	0.3914422547121071	0.3910761786299521	0.5211025283651398	0.09313020446694789	0.3914422547121071	0.3910761786299521	0.5211025283651398	0.09313020446694789	0.3401521756517979	0.3881850371376705	0.8877860105745762	0.22926464613908804	0.46110508725483446	0.6118149628623295	0.8	0.0	0.8	0.2	0.9	0.0	0.1	9.0	0.1	1.5961734985300038	1.538832949917918	2.942863967609647	0.39946589135645855
eclipse.jdt.core-412650	1.0	1.0	1.0	0.0	0.33966760114502126	0.26934436267443224	0.6737488170472423	0.23762398079309896	0.33966760114502126	0.26934436267443224	0.6737488170472423	0.23762398079309896	0.3337849162381207	0.38291646944710933	0.8877860105745762	0.2313958538468403	0.2726248070945912	0.6170835305528907	0.7	0.1	0.7	0.2	0.6	0.3	0.0	9.0	0.1	1.0055420326427102	0.9470019822496669	1.4725269964849252	0.22800582093507163
eclipse.jdt.core-357110	1.7677863500678213	1.6931471805599454	2.791759469228055	0.6464424490517087	0.3231681570554245	0.3440178832293378	0.4983249392276731	0.13249365869810112	0.3231681570554245	0.3440178832293378	0.4983249392276731	0.13249365869810112	0.3349086717855802	0.38629173031445596	0.8877860105745762	0.23114056988705195	0.3432283350250351	0.613708269685544	1.0	0.3	1.0	0.0	0.3	0.3	0.4	10.0	0.1	1.4557217595966803	1.3387819931542841	3.105681435536342	0.5838236338035159
eclipse.jdt.core-479474	1.6742695098049012	1.6931471805599454	2.09861228866811	0.4258674370384635	0.3504033191838586	0.34714994538886346	0.47087517901004894	0.09953522141932794	0.3504033191838586	0.34714994538886346	0.47087517901004894	0.09953522141932794	0.33621954492912937	0.3907405757995306	0.8877860105745762	0.2309984146039632	0.26677422685056296	0.6092594242004694	0.9	0.2	0.9	0.0	0.2	0.3	0.4	8.0	0.1	1.3716028556998239	1.370842256560969	2.025213464913367	0.358713295981973
eclipse.jdt.core-90612	1.0	1.0	1.0	0.0	0.376900971113532	0.2889210737569532	0.775922895311158	0.24852022746773855	0.376900971113532	0.2889210737569532	0.775922895311158	0.24852022746773855	0.33099497174057574	0.38371951499252727	0.8877860105745762	0.23260190851143556	0.25538742089892824	0.6162804850074728	0.9	0.2	0.9	0.1	0.5	0.5	0.0	7.0	0.2	1.296512460450566	1.1746509518099368	2.6438079323738566	0.5336331006127353
eclipse.jdt.core-423409	1.6866933284461882	1.6931471805599454	2.6094379124341005	0.5701253461411782	0.35171814025169185	0.31787416341079017	0.4939795947732436	0.09200198644943766	0.35171814025169185	0.31787416341079017	0.4939795947732436	0.09200198644943766	0.3318999231082253	0.39007834396088503	0.8877860105745762	0.23224628429300292	0.3417649777444	0.609921656039115	0.9	0.1	0.9	0.1	0.3	0.3	0.4	9.0	0.2	1.5818152818431679	1.65637527113268	2.3715602944264846	0.40151989396115756
eclipse.jdt.core-193784	1.4158883083359672	1.3465735902799727	2.386294361119891	0.4846525973703096	0.4408363829029172	0.3981837677213377	1.0	0.346214974479491	0.4408363829029172	0.3981837677213377	1.0	0.346214974479491	0.2496103656740007	0.2195003450295695	0.9070520547938462	0.24821074684800007	0.3532874931939481	0.7804996549704305	0.9	0.0	0.9	0.1	0.3	0.7	0.0	8.0	0.0	0.6668622922536337	0.6899926038114298	1.9506607518139112	0.5031288904928217
eclipse.jdt.core-441338	1.8119696252957251	1.8958797346140277	2.9459101490553135	0.7684715034277315	0.30820715049234915	0.24741160236847812	0.5406650403071879	0.21803291129231583	0.30820715049234915	0.24741160236847812	0.5406650403071879	0.21803291129231583	0.2439825704301101	0.2093268858546363	0.9070520547938462	0.2473251204524166	0.31545888499928887	0.7906731141453637	1.0	0.1	1.0	0.1	0.4	0.5	0.1	10.0	0.2	0.7131376444322591	0.8488011742039628	2.8669514836880663	1.0371902301946323
eclipse.jdt.core-471034	2.2108680299521524	2.09861228866811	3.70805020110221	0.8576559528381755	0.222530864659655	0.2052034332437827	0.35927692285859725	0.0996979897045294	0.222530864659655	0.2052034332437827	0.35927692285859725	0.0996979897045294	0.29229295988427184	0.3440016799152833	0.8877860105745762	0.2441508173751333	0.2736232720614163	0.6559983200847167	0.9	0.1	0.9	0.1	0.1	0.3	0.6	9.0	0.1	0.8381837939272793	0.8434929629626153	1.2049512411631105	0.20326082989521913
eclipse.jdt.core-341499	1.6643789733147674	1.6931471805599454	2.09861228866811	0.26595297628013365	0.35151720178191853	0.32505482955532283	0.6009145834439743	0.1540999125870364	0.35151720178191853	0.32505482955532283	0.6009145834439743	0.1540999125870364	0.24703942671010978	0.21784675051009628	0.9070520547938462	0.24751210679595184	0.5113332184644757	0.7821532494899037	0.9	0.1	0.9	0.2	0.1	0.1	0.8	10.0	0.4	1.6900560814145411	1.705265579148096	2.61563705540716	0.5372407347811685
eclipse.jdt.core-403705	1.0770163533955495	1.0	1.6931471805599454	0.23104906018664842	0.46255857288111824	0.48443615866432654	0.5752203920449158	0.14811751454344338	0.46255857288111824	0.48443615866432654	0.5752203920449158	0.14811751454344338	0.3315583055505553	0.3914028076381762	0.8877860105745762	0.2335010385670602	0.3068848920948893	0.6085971923618239	0.9	0.2	0.9	0.0	0.2	0.6	0.1	9.0	0.0	1.5401397667593448	1.4419355335802253	2.1272842874932283	0.3605564371641499
