40707	28
170502	6
34052	1
335363	33
229380	122
77064	5
13834	57
6411	8
94474	62
12300	7
125196	5
23568	3
286229	5
5653	29
321043	38
112670	494
24863	3
21792	21
40744	4
223530	2
124203	24
15662	53
399913	1
13364	48
255031	3
372030	1
16446	2
15678	3
167740	6
10817	2
22081	1
300614	61
9026	94
77125	14
125771	57
30028	2
369480	-1
149076	6
189012	165
12636	1
9825	94
33893	3
206693	15
18792	3
124522	1
120170	14
33644	1
268393	214
34670	8
78449	3
29297	18
30837	3
112503	1
187000	15
144253	24
173187	33
18306	8
53634	62
463236	2
280192	1
31110	54
138377	2
142476	74
34190	2
197011	8
54417	2
401815	9
324246	33
139152	28
64663	41
12695	14
43927	18
49047	1
21400	2
506014	35
73624	134
275614	19
392607	12
43418	21
49052	2
49054	1
266651	7
85665	13
9122	425
19363	20
23716	1
183206	15
179111	5
324268	1
244395	1
56235	12
271785	1
16046	34
9649	101
72371	8
49077	15
64951	12
108473	558
30650	3
8634	21
304057	1
350918	4
300992	22
49092	3
35525	4
323020	310
60364	36
178641	1
19412	6
27093	3
181204	36
13015	71
64984	15
212442	65
58078	1
7392	6
112613	1
218086	1
8679	8
42984	173
310511	1
7404	33
74477	2
330987	7
32494	17
18926	17
124147	1
380918	5
29683	7
38387	15
20468	4
248054	18
94452	217
265714	2
394225	319
400636	503
52474	43
16378	16
110074	89
396795	4
33534	293
178912	1
297248	6
301584	49
312038	7
337658	1
342962	3
345196	138
386188	3
388172	51
403700	1
404731	95
414076	1
443727	1
446040	1
465363	406
472568	1
472612	2
476930	1
478019	2
68233	23
10009	2
101118	53
103700	45
114589	14
11947	1
125868	1
12633	8
127195	30
13028	8
13042	2
134865	15
13525	410
136638	131
137513	205
147773	1
148006	1
151808	6
153122	34
153124	20
157055	47
15792	4
16193	1
164376	4
169565	6
172989	179
18100	57
18115	255
182807	3
191486	104
217736	1026
22842	144
229394	131
231790	247
261846	1
267914	3
27276	2
273858	1
287084	1
33144	36
33746	6
42487	1
468252	1
47003	24
506863	5
53135	58
53247	9
53250	8
63256	2
63323	77
65149	1
66417	23
73680	3
74085	50
76860	13
77190	53
78422	586
78534	1
80069	1
80191	1
80879	4
84259	30
86028	1
8683	5
88674	12
89566	5
93578	97
94687	6
217994	1
220654	1
249593	76
308879	1
311848	1
320269	2
339414	1
342681	3
350733	1
356712	1
368483	2
371300	22
383625	4
383637	1
404784	1
432190	1
455199	2
462932	2
94047	52
10096	1352
105573	3
10811	2
109392	2
120651	16
12640	24
126437	2
12665	199
13957	7
145553	115
145592	20
148615	3
161364	68
16219	14
162399	3
165174	63
16702	8
167182	4
167426	9
16930	80
169542	11
171075	295
17691	1
180496	1
18174	8
184862	92
197282	1
204455	6
21769	579
21776	2
228985	4
232699	504
23328	171
241394	3
24579	15
24839	32
260402	11
261837	2
28195	22
287834	1
29036	58
296505	-1
296552	1
297808	1
297840	1
33292	15
33297	3
375856	1
37918	9
394220	1
403383	1
422016	1
428862	23
434722	1
4348	278
442645	1
46871	6
47281	5
47390	1
491299	22
491302	3
506865	1
53115	26
53952	158
53959	48
57257	577
62564	1
72169	103
72305	1
76675	42
77680	4
7858	1
78866	2
80707	2
86863	4
86887	20
89643	3
90805	7
151487	1
102427	123
