421383	924
270342	1
144902	4
267776	10
244742	62
303617	22
383491	3
305155	4
35339	29
396808	112
52750	13
321035	2
334864	36
462352	1
28698	217
103450	5
90140	1
329252	58
321574	1
217126	51
329248	132
317474	1
27687	3
162856	6
267829	15
283697	143
11317	1
55349	209
13877	-1
67124	34
296498	9
361535	1
178744	25
284728	1
331320	5
375354	4
52801	496
113731	10
263751	2
26699	4
266831	5
239695	1
108115	2416
258135	1
66646	2
267358	1
305255	1
19043	166
274023	45
38499	45
436832	1
357997	5
140392	2
262766	1
64108	128
323690	2
62062	54
341109	58
102512	4
47731	207
28277	57
151668	18
373885	7
211578	390
65659	2
194175	2
297593	2
22655	13
216707	19
321157	23
313478	20
312966	8
317057	3
53383	25
395919	1
267918	10
492173	422
432781	1
374920	7
437398	84
398995	2
416401	9
285852	7
19097	4
285854	4
310424	3
304792	46
32412	701
309415	106
167590	4
7845	2
330415	3
91306	2
289455	9
252591	55
274091	1
81078	1
81083	9
373950	1
54459	33
63675	9
373944	5
290491	3
460997	1
12996	13
32967	1
365775	2
312014	1000
338638	20
67274	37
244431	480
24271	1099
183507	7
185043	2
99540	4
303314	4
108247	52
316627	1
41688	9
465630	189
308957	19
297183	11
121057	3
42208	41
333541	53
66787	96
235750	2
338656	24
94951	158
450286	1
258792	1
150249	11
162541	3
189682	1
58098	351
388342	1
81140	1
392946	2
263935	19
46332	380
267002	1
99072	37
368390	4
401666	12
318734	9
276744	2
185102	2
318731	46
416022	41
420116	2
339223	1
81172	34
288529	2
124182	1
249620	1
381714	33
335132	11
185113	3
82204	14
228641	4
334625	1
45349	35
271139	80
331053	1
102696	248
317224	3
9517	95
338731	6
318772	6
443191	2
311603	1
276285	2
153912	684
295230	7
333631	321
264504	5
337209	1
20288	2
368452	5
143171	47
232773	54
179018	10
129354	75
55628	1
457547	11
230222	1
100174	10
239442	1
259408	12
310609	1
259413	50
41302	7
185172	12
165210	1
18780	15
341851	1
300901	1
369510	1
272737	5
246635	3
266092	9
331116	5
419692	2
367465	1
256879	1
294763	7
328554	3
285556	1
342391	3
70005	6
343422	2
186754	1
291716	31
239490	15
418692	1
393602	12
176516	1
224132	31
368015	1
201096	1
430487	9
202129	3
313751	1162
51093	6
82839	439
245140	1
390546	2
61338	7
215448	27
199064	290
299928	29
329626	8
90528	62
262050	2
64419	2
374689	2
17317	3
179109	33
9127	1
265645	2
436141	1
276906	1
275370	1
62896	5
300981	70
125872	2
186291	7
215473	1
393143	1
260528	20
224183	50
55221	2264
187316	1
13243	6
339896	3
432056	2
58817	27
394692	7
59845	183
411585	10
243147	1
329677	6
32714	2
336841	4
403927	3
387536	1
13269	64
233941	4
304083	2
30169	-1
140248	1
139231	6
251356	10
265188	1
251362	5
190438	3
344544	3
188910	1
344552	133
31214	1
411636	18
328694	2
51187	12
153079	10
14837	103
276466	5
314354	1
44535	81
300542	2
329720	44
364539	35
395257	1
60415	1
218437	604
226444	1
250961	179
251572	2
254759	1
255743	1
260694	236
262732	4
264770	32
266085	35
267241	353
269524	3
272742	1
285523	51
288385	74
288847	36
288931	10
289028	562
291996	4
292903	218
295901	4
320511	1
320878	1
324719	25
325523	1053
330640	26
339614	8
343245	136
353731	7
364628	172
386518	10
395691	29
407759	2
409707	38
417765	1
418384	410
424083	1933
430574	64
446604	1
450861	1
170192	160
181193	4
193798	4
200685	9
202273	364
233559	9
246501	2
250806	1
251629	1
260362	126
261797	4
29531	49
299667	3269
300157	1
300536	426
300780	1
304217	3
314069	2
314585	2
337514	96
362496	12
367629	45
400374	49
406171	3
408330	29
42110	14
52257	207
52460	2
54922	329
55675	15
62863	378
68562	281
99585	29
172388	54
203132	1
209611	1
221828	1
242801	1
243284	3954
248659	52
251327	7
252415	1
252779	5
253674	10
255449	1
256574	4
256575	1
259093	6
261100	1
261198	60
262511	129
262877	2
264720	1
266443	1
266646	1
266878	9
267554	72
267616	61
272366	208
278201	7
279124	7
283851	2
285024	1
286406	2
287049	1634
288121	25
289280	3
289655	1
289992	54
294322	44
296229	3
296781	1
296784	1
297116	16
297280	81
297663	1
297709	1
298951	1
299127	1
303313	1431
303698	11
303705	1
304927	9
306970	1
308199	1
308978	3
309977	14
316155	11
318388	2
319854	15
321385	2
322812	1
331115	2
333461	3
333654	1
338089	35
338673	5
339000	1
342410	37
342858	12
348758	3
353126	5
356778	2
358823	2
362404	2
369319	1
372973	3
376381	1
376882	1
377318	22
378068	4
393932	10
394296	1
399087	2
408060	2
408072	20
409717	2
416016	1
416935	2
416998	2
420188	1
425109	1
427227	17
432132	3
433026	5
434791	1373
437847	5
440804	1
443410	158
460799	241
465521	1961
100155	2
111653	627
12044	82
120615	10
125013	1
133141	1
135219	8
137091	5
150244	9
152142	150
161282	2
162434	621
164677	1
189931	3
193795	4
195808	5
201718	436
228506	4
231263	1692
232333	1
232828	3
234170	8
236251	755
239940	185
24082	487
244514	1
256532	4
262389	492
264112	1573
271757	2
27194	5
274364	11
275286	7
275308	34
280333	4
287078	39
290034	68
29553	7
296589	62
298066	49
298520	51
301242	1652
30412	102
304191	1
306392	37
307756	109
310903	4
31300	1
317497	379
321608	96
331028	6
332421	2
340338	25
342926	85
354766	169
372128	11
397842	15
405780	2
406995	1
411641	105
4121	20
430195	9
43103	50
43228	2
434269	10
435279	1
442614	982
45356	1
46875	20
47097	242
47729	23
489202	8
491756	4
49352	276
51092	4
62878	1
63250	1
63400	39
67691	7
68586	54
75843	43
76439	3
77193	10
79793	1
80455	15
81109	1
81856	168
81983	13
84269	1
84724	39
88397	124
90057	1203
90249	6
96302	3
9852	1
99330	7
249549	4
260865	8
264999	2
273499	1
279981	60
286221	11
304174	56
352785	2
398648	16
432125	22
440930	1
462948	241
256087	2
272567	14
302831	7
466252	40
478780	1
49619	971
296998	54
