149506	21
199169	6
173060	11
182277	49
153093	41
329218	4
205833	1
169480	484
232463	10
296970	21
297483	1
173072	94
394260	1
273943	7
155158	274
211477	6
170516	1
352274	50
276509	7
177177	20
218648	14
441883	41
313381	2
119843	6
222753	573
202272	42
179238	2
206887	1414
230447	86
226349	101
190515	1
172080	4
280630	39
56371	1
280119	6
355890	2
401983	21
163384	8
191545	1
173119	2
177212	3
251970	92
229441	67
118850	203
129093	3
129094	1
220235	9
322637	4
233034	12
166984	180
151112	20
218697	14
267848	32
229453	4
164438	125
174168	1
321624	8
418392	1590
140381	198
203356	83
406119	1
210529	149
308321	17
149604	230
293474	1136
153195	80
232041	3
172137	3
203375	1
183405	175
277611	14
154739	856
227963	6
183417	2
196735	3
216703	168
96384	1
266880	1
203914	1
152200	2
164495	39
263306	2
214156	3
166546	49
209554	25
173712	24
179345	9
155796	89
238235	3
201369	888
315039	4
295577	7
297115	3
94366	646
221852	67
147619	5
324773	6
268966	2
209056	131
229024	94
134311	2
178855	1
128683	67
311979	14
172721	9
211127	2
116919	1062
165045	1
89782	1
264383	22
168126	2
224447	198
215743	21
228031	4
95935	1
96962	1
436418	11
476867	3
180420	57
475855	46
179401	3
269007	6
113870	106
182483	30
270549	274
274646	246
174800	1
229584	136
309469	1
264413	3
280286	2
289502	12
199896	1
173791	86
180960	8
158945	29
291559	1
154853	19
430305	13
461549	4
184041	7
443114	15
201966	17
128236	7
371944	8
272107	97
209138	17
94448	7
274678	1
298742	83
153329	4
171767	7
204021	1
226037	41
323827	2
118008	26
229626	6
496382	6
229624	42
274687	44
172793	2
156414	1
416507	3
185597	331
196866	1
232706	3
61185	6
206081	79
247553	10
262918	15
213255	70
272641	31
170756	25
184068	423
400129	75
196874	1
216329	1
332047	1
188168	666
212745	4
231688	184
196878	5
212755	81
196882	2
197906	1
215314	17
206610	1405
160017	4
134426	1
461083	24
183070	1
354586	25
139037	881
132893	23
274724	7
150305	66
183073	10
125221	1
208164	137
159020	10
266548	103
107312	2
198961	35
198965	15
95542	3
182075	1
171838	367
131391	2
131394	1
173378	3
181058	10
312646	2
184646	22
97605	84
184644	197
281923	6
235336	3
252751	125
326472	8
126796	9
186701	439
313175	1
172374	151
302928	132
141655	2
217941	1
201044	21
344914	11
221019	5
163161	462
459100	1
241503	7
187228	8
261474	17
185696	70
50018	53
201572	21
287599	1
247663	289
113004	157
370536	66
130414	4
138093	203
269685	1
372087	5
34165	24
130424	52
405375	1
188280	1
195454	9
264057	29
82302	1
154493	237
225148	25
150916	38
166795	2
311183	1
138127	150
149900	215
167313	10
190869	1
164762	1
220569	1
108954	1172
121245	35
308633	7
183708	4
228765	6
172451	2
183715	1
198050	1
344996	563
266144	32
326561	1
154030	1
264106	9
176045	120
76211	1
250801	5
240053	4
381875	12
231860	3
179125	2
163258	209
171962	7
309693	1
256954	13
155070	6
380857	1779
143293	120
283588	35
197056	2
286656	2
238539	4
307149	147
109003	57
443338	666
143823	2
248268	1
151501	23
308693	43
213457	9
201681	26
266711	15
231382	1
197077	35
125913	1
223194	20
149976	1
199129	22
183260	15
168417	18
154593	86
115173	3
117732	4
137700	50
176613	9
228840	5
136172	1
151538	1
219123	1
231409	1890
252913	45
465909	4
164337	34
226800	84
152054	48
266737	1
152059	1
218618	2
264696	64
335353	2
136314	5
151884	1
153460	711
156021	57
156385	464
157504	95
158326	106
162557	4
166826	447
168337	1
173715	52
175138	886
175356	1
175566	457
176509	98
177379	124
179677	2
181063	30
187094	137
190780	140
191973	2
195267	50
195394	3
199134	6
202124	47
203795	39
205655	1
205767	4
208855	23
209155	8
214914	2
215014	3
217824	252
219250	5
220745	2861
225210	2
229382	250
230911	2
231001	347
237764	1
238934	4
280070	4
290138	9
296917	25
311927	1
312434	1
334523	2
343455	21
94956	9
97109	146
98123	1914
124815	3
125179	1
138803	13
167774	9
168198	22
186963	65
206721	121
207466	2
211931	15
212771	5
226352	25
228935	14
231652	11
238392	9
248334	128
255587	884
262976	224
268751	12
269001	1
271362	139
275296	1
278598	1
279697	12
288343	1
290756	2
304426	20
313952	5
344929	2
355873	1
357654	17
393597	296
406018	75
409680	4
424597	1
458995	15
486911	1
65572	2256
108466	32
146912	1248
149816	965
150081	1
151324	7
152199	6
158418	22
166680	6
168669	1
169852	1
170474	-1
170678	18
172675	2
173447	61
173741	1
178491	6
181343	1
181476	10
183245	1
183250	24
185955	23
187390	1
191231	4
197410	2
197817	9
198881	3
203993	5
205493	40
207836	256
210026	1
215579	113
216937	2
216946	75
220069	424
226788	16
228044	11
231977	92
232771	511
234376	4
238487	2
256859	40
307524	1904
312466	1
313187	1
321891	38
120938	4
129817	1677
144967	2
160043	1
172398	3
201304	3
201306	5
201308	1
201880	101
210018	3
218223	141
220179	5
248519	27
250340	1
257852	2
258129	1
258881	4
260953	16
272021	18
272309	1
272985	1
273049	32
273421	1
274765	37
292938	6
296113	1
304041	3
305232	1
308547	3
319268	81
330278	2
334843	3
342512	1301
356209	4
35888	483
367980	10
383448	212
391828	1
409969	7
417603	106
435321	3
466783	2
477658	8
482554	1
484548	111
488805	5
489924	6
63287	2
65204	10
68606	32
98790	5
166801	35
183587	1
405015	81
409352	32
