149506	17
173060	11
182277	28
205833	1
232463	7
296970	159
173072	299
394260	2
138260	96
352274	6
276509	1
177177	19
313381	2
119843	18
179238	1
206887	-1
230447	7
226349	19
190515	1
280630	78
56371	58
230455	2
305201	3
207931	3
179259	73
191545	3
173119	7
177212	4
251970	125
229441	69
118850	3075
129093	17
220235	1
322637	5
166984	239
229453	3
174168	1
321624	5
308321	8
149604	717
183405	240
277611	10
154739	710
183417	16
196735	2
96384	88
203914	2
246926	2
263306	4
214156	7
179345	116
155796	713
297115	2
94366	617
147619	20
324773	56
209056	118
134311	9
211127	1
116919	-1
165045	1
264383	32
168126	2
224447	49
431290	25
436418	17
180420	40
179401	21
407755	21
113870	102
186578	8
182483	20
270549	914
274646	219
229584	146
309469	1
264413	2
199896	5
158945	1
154853	31
430305	7
201966	36
128236	3
371944	19
94448	2
274678	42
273654	30
323827	6
118008	3
229626	14
229624	4
274687	43
185597	421
196866	58
232706	557
206081	52
213255	3
196874	1
216329	1
332047	1
231688	243
101644	23
196878	15
201998	1
196882	5
197906	3
215314	4
213268	18
134426	1
461083	16
354586	8
134434	26
274724	28
125221	1
270626	6
208164	335
159020	11
266548	143
198961	331
198965	15
95542	4
131394	1
173378	7
312646	3
184646	169
97605	360
184644	162
281923	3
172374	231
256343	415
141655	2
201044	30
459100	9
261474	19
312677	1
185696	1
113004	103
130414	1
269685	1
372087	24
34165	51
130424	64
82302	7
81281	11
150916	75
149900	138
190869	1
220569	1
108954	977
121245	13
308633	11
183708	13
228765	24
172451	10
183715	3
198050	1
154030	8
240053	5
231860	2
163258	549
309693	3
155070	3
197056	16
143823	2
248268	3
308693	10
213457	13
266711	3
197077	56
149976	1
199129	35
155102	8
168417	3
115173	26
137700	92
176613	81
228840	21
164337	37
226800	3
152054	39
266737	13
152059	1
218618	5
264696	16
335353	5
199169	9
153093	80
128518	2
329218	1
169480	1064
297483	1
273943	1
155158	311
211477	7
170516	1
218648	89
441883	349
222753	265
202272	208
280119	277
355890	2
163384	5
233034	7
218697	3
267848	61
164438	139
418392	-1
203356	47
406119	1
210529	1
293474	-1
232041	6
203375	1
204404	31
227963	2
216703	10
181884	1
45695	-1
226951	1
266880	2
152200	8
164495	8
166546	12
209554	143
173712	61
238235	4
201369	584
315039	5
295577	2
221852	186
268966	2
229024	4
178855	3
198309	13
128683	40
172721	22
154292	1
215743	22
228031	14
95935	1
271045	7
96962	2
476867	3
269007	10
291528	1
229070	56
174800	11
221913	51
280286	1
289502	1
173791	89
180960	11
291559	1
461549	5
184041	10
443114	226
272107	214
298742	119
153329	4
171767	10
226037	56
496382	36
172793	8
156414	31
102141	6
416507	4
61185	12
247553	247
262918	57
170756	19
184068	60
400129	5
188168	638
212745	1
216840	15
212755	124
206610	518
121622	24
183070	1
115484	1
139037	893
132893	10
150305	-1
183073	68
107312	2
182075	3
171838	74
150338	1
181058	4
429902	1
235336	23
252751	135
326472	2
126796	28
313175	1
284496	1
302928	60
217941	1
344914	1
221019	6
241503	13
187228	105
147298	131
50018	26
201572	32
287599	1
247663	533
370536	138
138093	353
405375	2
188280	1
195454	11
264057	17
154493	188
225148	29
166795	1
311183	2
138127	1453
484244	1324
309137	1
164762	6
258969	495
344996	470
266144	25
326561	1
264106	40
176045	309
250801	14
381875	153
179125	1
171962	40
256954	2
380857	-1
283588	52
286656	8
238539	32
307149	-1
443338	452
151501	19
201681	226
231382	1
125913	4
223194	122
183260	28
154593	227
117732	2
270307	1
136172	1
151538	1
219123	1
231409	51
252913	45
465909	16
90102	49
