421383	-1
270342	2
144902	39
267776	5
244742	210
303617	5
383491	1
305155	34
35339	41
396808	2
52750	13
321035	2
334864	140
462352	1
28698	1121
103450	5
90140	4
329252	42
321574	1
217126	70
329248	140
317474	2
27687	2
162856	13
267829	12
283697	368
11317	3
55349	286
13877	-1
67124	11
296498	5
361535	1
178744	3
284728	1
331320	1
375354	5
52801	688
113731	707
263751	2
26699	31
266831	10
239695	4
108115	-1
258135	1
66646	22
267358	1
305255	1
19043	535
274023	84
38499	116
436832	2
357997	16
140392	7
262766	1
64108	394
323690	2
62062	5
341109	18
102512	14
47731	659
28277	56
151668	106
373885	2
211578	-1
65659	4
194175	2
297593	18
22655	18
216707	44
321157	65
313478	4
312966	1
317057	2
53383	2
395919	17
267918	10
492173	368
432781	26
374920	1
437398	215
398995	3
416401	5
285852	11
19097	2
285854	4
310424	1
304792	61
32412	1020
309415	126
167590	4
7845	18
330415	46
91306	19
289455	9
252591	53
274091	1
81078	6
81083	18
373950	4
54459	9
63675	3
373944	6
290491	1
460997	1
12996	27
32967	2
365775	1
312014	-1
338638	53
67274	78
244431	535
24271	750
183507	11
185043	315
99540	1
303314	5
108247	5
316627	1
41688	32
465630	179
308957	13
297183	4
121057	4
42208	48
333541	41
66787	73
235750	1
338656	38
94951	492
450286	3
258792	1
150249	217
162541	3
189682	2
58098	456
388342	43
81140	2
392946	1
263935	53
46332	117
267002	1
99072	34
368390	1
401666	31
318734	31
276744	3
185102	3
318731	34
416022	1020
420116	9
339223	1
81172	19
288529	1
124182	4
249620	10
381714	26
335132	18
185113	3
82204	32
228641	2
334625	3
45349	430
271139	62
331053	330
102696	163
317224	24
9517	132
338731	3
318772	8
443191	3
311603	2
276285	3
153912	55
295230	20
333631	111
264504	130
337209	1
20288	3
368452	3
143171	34
232773	420
179018	2
129354	13
55628	1
457547	7
230222	2
100174	4
239442	1
259408	35
310609	1
259413	6
41302	6
185172	5
165210	1
18780	11
341851	5
300901	9
369510	1
272737	17
246635	4
266092	7
331116	27
419692	176
367465	1
256879	1
294763	15
328554	33
285556	26
342391	1
70005	3
343422	3
186754	66
291716	8
239490	19
418692	2
393602	35
176516	1
224132	6
368015	1
201096	5
430487	6
202129	2
313751	93
51093	4
82839	-1
245140	1
390546	2
61338	3
215448	13
199064	712
299928	49
329626	6
90528	37
262050	37
64419	1
374689	7
17317	-1
179109	70
9127	1
265645	4
436141	1
276906	11
275370	8
62896	1
300981	9
125872	2
186291	4
215473	2
393143	1
260528	35
224183	4
55221	-1
187316	58
13243	407
339896	5
432056	7
58817	19
394692	8
59845	22
411585	43
243147	1
329677	22
32714	1
336841	7
403927	86
387536	1
13269	3
233941	8
304083	6
30169	-1
140248	11
139231	6
251356	6
265188	1
251362	18
190438	2
344544	4
188910	1
344552	21
31214	1
411636	212
328694	2
51187	10
153079	32
14837	202
276466	2
314354	1
44535	1035
300542	2
329720	43
364539	113
395257	1
60415	1
218437	652
226444	7
250961	16
251572	9
254759	4
255743	5
260694	183
262732	11
264770	112
266085	2
267241	167
269524	16
272742	4
285523	18
288385	170
288847	54
288931	10
289028	187
291996	1
292903	53
295901	71
320511	1
320878	1
324719	-1
325523	-1
330640	17
339614	5
343245	57
353731	15
364628	7
386518	39
395691	33
407759	3
409707	-1
417765	1
418384	460
424083	482
430574	2
446604	1
450861	1
170192	5
181193	273
193798	95
200685	7
202273	7
233559	60
246501	2
250806	89
251629	1
260362	370
261797	9
29531	1161
299667	-1
300157	21
300536	40
300780	1
304217	11
314069	13
314585	3
337514	4
362496	12
367629	137
400374	463
406171	314
408330	29
42110	10
52257	308
52460	10
54922	671
55675	7
62863	66
68562	510
99585	103
172388	27
203132	1
209611	1
221828	1
242801	60
243284	826
248659	36
251327	8
252415	27
252779	9
253674	5
255449	18
256574	1
256575	1
259093	294
261100	4
261198	317
262511	25
262877	552
264720	1
266443	1
266646	3
266878	1
267554	9
267616	21
272366	26
278201	4
279124	1
283851	1
285024	1
286406	50
287049	1241
288121	48
289280	1
289655	13
289992	120
294322	17
296229	10
296781	1
296784	1
297116	68
297280	68
297663	1
297709	4
298951	1
299127	26
303313	1090
303698	10
303705	16
304927	672
306970	1
308199	1
308978	2589
309977	53
316155	97
318388	6
319854	67
321385	3
322812	1
331115	2
333461	1
333654	1
338089	31
338673	17
339000	1
342410	33
342858	16
348758	3
353126	47
356778	21
358823	35
362404	5
369319	1
372973	-1
376381	1
376882	1
377318	16
378068	390
393932	100
394296	3
399087	2
408060	1
408072	103
409717	2
416016	1
416935	2
416998	3
420188	1
425109	4
427227	18
432132	6
433026	15
434791	1284
437847	106
440804	1
443410	573
460799	137
465521	-1
100155	2
111653	936
12044	66
120615	28
125013	2
133141	2
135219	6
137091	21
150244	34
152142	132
161282	43
162434	-1
164677	9
189931	4
193795	43
195808	5
201718	41
228506	7
231263	340
232333	1
232828	3
234170	3
236251	684
239940	239
24082	49
244514	1
256532	12
262389	78
264112	529
271757	2
27194	4
274364	39
275286	1
275308	204
280333	3
287078	76
290034	120
29553	40
296589	17
298066	188
298520	164
301242	-1
30412	28
304191	15
306392	4
307756	43
310903	12
31300	8
317497	129
321608	15
331028	20
332421	2
340338	9
342926	161
354766	372
372128	149
397842	222
405780	3
406995	18
411641	367
4121	1
430195	25
43103	328
43228	2
434269	75
435279	5
442614	623
45356	1
46875	112
47097	221
47729	16
489202	51
491756	46
49352	468
51092	54
62878	2
63250	50
63400	11
67691	9
68586	12
75843	434
76439	4
77193	7
79793	42
80455	8
81109	41
81856	70
81983	1
84269	1
84724	37
88397	22
90057	3067
90249	37
96302	25
9852	1
99330	15
249549	25
260865	15
264999	6
273499	1
279981	859
286221	28
304174	35
352785	5
398648	46
432125	884
440930	6
462948	442
256087	11
272567	57
302831	2
466252	110
478780	1
49619	817
296998	174
