259072
426497
303125
266262
476180
202772
329247
280601
282667
265269
332852
397877
419902
327749
328772
256580
472661
339024
420433
331878
485482
408185
125572
414337
222864
237726
222878
339616
463008
274604
308908
471213
270516
146622
198334
265412
265413
313029
195275
278222
255191
337624
343780
273135
195824
478452
414448
256767
242950
236812
486675
208667
411935
320799
310554
328999
328998
273718
207670
341820
464701
261438
327994
348487
302407
496963
265551
339790
299849
259917
134483
256853
328542
329054
224095
339291
473443
234342
254833
229237
369023
418684
255352
221053
257926
425868
479629
266120
174480
326033
327582
273823
358317
426423
272317
197049
273343
337345
473558
408030
331740
256985
336365
317931
342002
270332
268281
