53250
24579
350733
33292
86028
33297
78866
301584
182807
164376
37918
153122
148006
434722
153124
89643
311848
375856
432190
10811
76860
171075
169542
388172
462932
162399
446040
287834
371300
62564
296552
72305
228985
65149
13957
148615
422016
68233
386188
308879
383625
267914
383637
342681
197282
204455
11947
47281
7858
80069
78534
261837
261846
178912
312038
13028
241394
403700
13042
249593
337658
101118
151808
476930
320269
167182
21776
180496
442645
103700
46871
63256
10009
468252
17691
47390
491302
84259
297248
260402
404784
16702
147773
16193
80707
478019
443727
86863
109392
297808
12633
368483
86887
287084
356712
66417
77680
297840
33144
414076
77190
217994
125868
403383
342962
136638
151487
273858
73680
33746
339414
465363
94687
89566
126437
72169
394220
220654
506865
42487
472568
