432132
99330
362496
367629
259093
133141
4121
292903
96302
135219
376882
304191
339000
394296
81983
75843
435279
321608
256087
434269
304217
273499
67691
324719
242801
409717
90249
425109
291996
297116
228506
416935
288931
343245
266443
283851
269524
81109
43228
314585
416998
195808
372973
491756
52460
262389
322812
193795
405780
416016
296229
267554
450861
45356
84269
398648
297280
420188
272742
267616
285024
320878
319854
340338
55675
288121
203132
232828
271757
266646
62878
358823
356778
251327
406995
255449
440804
430574
189931
408060
252415
161282
289280
286221
264720
352785
256532
376381
27194
478780
256575
256574
437847
348758
303698
303705
440930
310903
266878
9852
332421
221828
296589
333461
76439
339614
369319
261797
251572
234170
297663
209611
393932
249549
314069
309977
150244
300780
253674
297709
399087
302831
251629
338673
489202
308978
255743
260865
280333
63250
304927
306970
244514
264999
254759
100155
164677
296781
248659
275286
333654
296784
266085
353126
252779
321385
289655
137091
433026
232333
51092
362404
63400
318388
298951
181193
308199
68586
261100
320511
