229382
273421
220179
226352
292938
258129
305232
181343
210018
210026
120938
219250
136314
312466
296113
197817
237764
198881
181476
231652
458995
125179
482554
175356
357654
183587
160043
304426
178491
308547
274765
238934
290138
488805
321891
367980
172398
409969
176509
168337
489924
268751
175566
199134
477658
191973
226788
280070
330278
355873
231977
150081
144967
288343
201306
201304
272985
201308
185955
313952
207466
311927
158326
172675
152199
173715
391828
173741
65204
334523
195267
248519
269001
228044
168669
94956
191231
409352
166680
151324
212771
197410
63287
257852
195394
258881
181063
97109
256859
466783
275296
313187
216937
356209
153460
169852
234376
124815
238487
304041
272309
290756
205767
183245
183250
296917
211931
187390
334843
