50184
51212
55309
46096
53266
49170
56339
46105
50201
49184
57377
55333
37929
48172
45101
48173
48174
55342
56369
47158
49207
42039
50232
55354
31804
48197
49221
53322
51277
52303
49235
56406
42071
42072
52316
53342
52326
53354
48234
54380
43117
54381
47216
50293
48249
51324
58497
52356
47237
42119
51340
51344
57490
51348
53398
48282
58522
45212
48287
57504
52384
54438
48297
50358
54456
54458
48318
44223
55494
58568
53450
51403
54475
56523
43216
47320
48345
50394
45279
54496
56545
55524
43236
45285
54507
50411
58603
52461
57581
47343
29936
51447
51453
56577
48387
47364
51466
55570
49428
43285
46357
50459
55582
56606
52511
53535
56608
51494
51503
54585
48443
51518
52543
46403
48454
50503
54599
55629
58701
56657
57683
54612
54628
56677
47462
55656
45419
50541
54638
52591
45427
50547
47478
50554
57723
46462
45441
51586
54660
53641
47499
45453
47502
53654
47515
47518
51614
50591
51615
56736
50597
57765
50598
50600
56746
43435
54702
50606
57779
51640
51641
40380
52669
51650
56771
42436
55749
51654
50631
59849
51658
59850
42444
56780
37326
50646
49625
53725
56801
55778
46564
48613
57833
44529
48629
52725
49655
50680
55804
53758
51712
49669
49670
48647
48648
50700
44558
44562
59923
48661
50709
52758
56857
42530
52770
52772
48678
50726
52776
53800
55851
51758
45618
49714
45628
54851
53828
56902
56905
46666
56907
44620
56910
42579
49749
49750
57943
48729
50780
43617
55905
57959
40551
54888
60008
52846
53871
57977
52858
47744
37509
41606
59015
41608
60041
60043
51860
42648
42650
54939
59043
55973
38570
59054
54964
54968
57016
52926
51905
41666
56010
48843
56013
47826
47828
57047
54999
52953
56025
49883
52957
49890
56039
53993
52974
59123
42747
54011
55035
58110
54017
59138
51972
54022
47881
59145
49937
54045
55071
56096
55073
49956
49957
50984
39724
54067
58166
47930
49978
40771
58179
55108
55110
59206
54087
52042
53067
49998
59217
39769
53081
43868
57180
50021
54124
56172
46958
40817
43893
49014
55158
46967
55159
55160
57208
57209
49018
47997
54141
43909
48007
46985
50059
55179
55180
46988
41869
50063
52113
46998
51095
45977
51099
58275
50087
54190
48049
48050
51124
44986
49082
50107
53180
55230
54207
57281
49089
39875
49091
49092
49095
47050
50129
51154
49110
50138
49116
49118
40929
46051
48102
58342
48104
49129
57323
49132
52208
54256
57331
58357
48117
49141
52213
48120
48123
57340
49150
49151
