149506	6
199169	4
173060	7
182277	82
153093	3
329218	1
205833	1
169480	311
232463	2
296970	6
297483	1
173072	175
394260	22
273943	2
155158	702
211477	26
170516	1
352274	21
276509	1
177177	45
218648	20
441883	69
313381	3
119843	10
222753	455
202272	6
179238	4
206887	1175
230447	41
226349	116
190515	13
172080	31
280630	11
56371	2
280119	5
355890	2
401983	12
163384	5
191545	1
173119	2
177212	6
251970	30
229441	25
118850	1016
129093	5
129094	1
220235	3
322637	1
233034	4
166984	256
151112	22
218697	23
267848	46
229453	2
164438	34
174168	1
321624	5
418392	863
140381	296
203356	34
406119	1
210529	1
308321	4
149604	83
293474	1941
153195	20
232041	2
172137	3
203375	1
183405	128
277611	14
154739	310
227963	3
183417	1
196735	3
216703	2
96384	9
266880	1
203914	1
152200	2
164495	1
263306	3
214156	1
166546	5
209554	13
173712	44
179345	6
155796	461
238235	5
201369	250
315039	5
295577	1
297115	2
94366	390
221852	65
147619	2
324773	13
268966	12
209056	74
229024	25
134311	7
178855	1
128683	53
311979	7
172721	8
211127	1
116919	1572
165045	1
89782	1
264383	13
168126	2
224447	8
215743	45
228031	3
95935	1
96962	2
436418	61
476867	2
180420	8
475855	18
179401	2
269007	5
113870	98
182483	32
270549	25
274646	166
174800	5
229584	223
309469	1
264413	1
280286	1
289502	7
199896	11
173791	22
180960	1
158945	1
291559	1
154853	51
430305	7
461549	2
184041	3
443114	47
201966	27
128236	3
371944	7
272107	46
209138	11
94448	4
274678	1
298742	20
153329	4
171767	13
204021	1
226037	29
323827	2
118008	9
229626	18
496382	19
229624	88
274687	27
172793	2
156414	1
416507	1
185597	168
196866	1
232706	11
61185	6
206081	20
247553	31
262918	21
213255	6
272641	7
170756	4
184068	291
400129	4
196874	1
216329	2
332047	1
188168	241
212745	2
231688	128
196878	1
212755	2
196882	1
197906	1
215314	26
206610	457
160017	1
134426	1
461083	9
183070	1
354586	10
139037	819
132893	4
274724	7
150305	202
183073	8
125221	1
208164	194
159020	9
266548	32
107312	1
198961	41
198965	2
95542	10
182075	3
171838	685
131391	1
131394	1
173378	4
181058	1
312646	2
184646	12
97605	42
184644	342
281923	3
235336	17
252751	30
326472	4
126796	9
186701	261
313175	1
172374	40
302928	5
141655	2
217941	1
201044	16
344914	1
221019	4
163161	286
459100	1
241503	9
187228	5
261474	37
185696	5
50018	143
201572	2
287599	1
247663	480
113004	161
370536	209
130414	7
138093	119
269685	1
372087	8
34165	50
130424	65
405375	1
188280	1
195454	5
264057	33
82302	3
154493	133
225148	15
150916	20
166795	3
311183	2
138127	668
149900	132
167313	12
190869	1
164762	1
220569	1
108954	1428
121245	5
308633	4
183708	6
228765	11
172451	2
183715	1
198050	1
344996	58
266144	38
326561	1
154030	1
264106	26
176045	95
76211	1
250801	1
240053	1
381875	27
231860	2
179125	3
163258	72
171962	23
309693	1
256954	2
155070	3
380857	756
143293	24
283588	75
197056	4
286656	4
238539	4
307149	149
109003	11
443338	691
143823	2
248268	2
151501	21
308693	4
213457	3
201681	69
266711	2
231382	1
197077	28
125913	6
223194	3
149976	1
199129	24
183260	1
168417	3
154593	63
115173	1
117732	3
137700	25
176613	2
228840	46
136172	1
151538	1
219123	1
231409	50
252913	105
465909	3
164337	70
226800	146
152054	63
266737	1
152059	1
218618	4
264696	19
335353	4
136314	5
151884	15
153460	4
156021	18
156385	515
157504	118
158326	2
162557	11
166826	626
168337	3
173715	2
175138	104
175356	2
175566	5
176509	3
177379	612
179677	67
181063	2
187094	292
190780	176
191973	6
195267	1
195394	2
199134	4
202124	285
203795	-1
205655	271
205767	6
208855	22
209155	-1
214914	-1
215014	28
217824	322
219250	12
220745	801
225210	13
229382	2
230911	-1
231001	384
237764	2
238934	1
280070	1
290138	1
296917	-1
311927	4
312434	11
334523	-1
343455	99
94956	1
97109	4
98123	63
124815	2
125179	1
138803	17
167774	291
168198	13
186963	442
206721	15
207466	8
211931	4
212771	9
226352	16
228935	91
231652	5
238392	61
248334	-1
255587	242
262976	68
268751	2
269001	1
271362	-1
275296	-1
278598	-1
279697	12
288343	7
290756	3
304426	4
313952	9
344929	-1
355873	6
357654	2
393597	79
406018	-1
409680	23
424597	26
458995	1
486911	-1
65572	542
108466	14
146912	738
149816	1534
150081	1
151324	1
152199	2
158418	25
166680	4
168669	3
169852	1
170474	1868
170678	17
172675	7
173447	60
173741	3
178491	10
181343	1
181476	2
183245	1
183250	11
185955	3
187390	1
191231	1
197410	1
197817	8
198881	7
203993	325
205493	8
207836	698
210026	1
215579	160
216937	1
216946	186
220069	30
226788	1
228044	5
231977	5
232771	225
234376	1
238487	1
256859	11
307524	306
312466	2
313187	1
321891	4
120938	11
129817	1109
144967	2
160043	1
172398	2
201304	1
201306	2
201308	1
201880	6
210018	4
218223	121
220179	1
248519	1
250340	9
257852	11
258129	2
258881	2
260953	12
272021	8
272309	3
272985	1
273049	28
273421	1
274765	2
292938	5
296113	1
304041	1
305232	1
308547	5
319268	65
330278	2
334843	4
342512	972
356209	5
35888	522
367980	7
383448	318
391828	1
409969	1
417603	106
435321	39
466783	2
477658	8
482554	1
484548	240
488805	1
489924	1
63287	2
65204	13
68606	91
98790	17
166801	13
183587	4
405015	49
409352	3
