40707	22
170502	1
34052	3
335363	27
229380	39
77064	2
13834	33
6411	1
94474	93
12300	3
125196	4
23568	7
286229	6
5653	10
321043	44
112670	551
24863	5
21792	17
40744	1
223530	1
124203	32
15662	32
399913	1
13364	24
255031	26
372030	1
16446	1
15678	2
167740	8
10817	4
22081	1
300614	36
9026	25
77125	1
125771	23
30028	1
369480	687
149076	2
189012	152
12636	1
9825	58
33893	13
206693	12
18792	8
124522	1
120170	5
33644	1
268393	22
34670	79
78449	2
29297	15
30837	6
112503	1
187000	14
144253	107
173187	23
18306	9
53634	43
463236	2
280192	1
31110	21
138377	3
142476	26
34190	4
197011	2
54417	1
401815	8
324246	14
139152	23
64663	65
12695	4
43927	11
49047	1
21400	1
506014	9
73624	58
275614	37
392607	10
43418	18
49052	1
49054	1
266651	2
85665	9
9122	463
19363	6
23716	2
183206	27
179111	6
324268	1
244395	1
56235	9
271785	4
16046	25
9649	142
72371	2
49077	12
64951	3
108473	50
30650	5
8634	274
304057	3
350918	1
300992	3
49092	3
35525	3
323020	512
60364	80
178641	2
19412	4
27093	2
181204	42
13015	47
64984	24
212442	25
58078	1
7392	9
112613	1
218086	1
8679	2
42984	72
310511	1
7404	34
74477	2
330987	14
32494	31
18926	14
124147	1
380918	1
29683	5
38387	3
20468	1
248054	8
94452	230
265714	2
394225	675
400636	718
52474	14
16378	12
110074	95
396795	2
33534	113
178912	4
297248	1
301584	2
312038	2
337658	-1
342962	2
345196	-1
386188	3
388172	4
403700	-1
404731	-1
414076	2
443727	1
446040	1
465363	13
472568	1
472612	71
476930	1
478019	3
68233	2
10009	1
101118	1
103700	10
114589	44
11947	1
125868	1
12633	3
127195	110
13028	1
13042	1
134865	36
13525	313
136638	3
137513	17
147773	2
148006	1
151808	4
153122	6
153124	8
157055	13
15792	-1
16193	2
164376	1
169565	-1
172989	10
18100	16
18115	-1
182807	1
191486	33
217736	-1
22842	146
229394	45
231790	-1
261846	1
267914	1
27276	-1
273858	1
287084	2
33144	2
33746	-1
42487	1
468252	1
47003	-1
506863	45
53135	91
53247	10
53250	6
63256	2
63323	90
65149	1
66417	-1
73680	5
74085	9
76860	1
77190	10
78422	339
78534	3
80069	3
80191	30
80879	10
84259	2
86028	1
8683	126
88674	12
89566	-1
93578	91
94687	-1
217994	4
220654	2
249593	7
308879	1
311848	1
320269	2
339414	1
342681	1
350733	1
356712	1
368483	5
371300	1
383625	4
383637	1
404784	1
432190	1
455199	15
462932	2
94047	163
10096	57
105573	44
10811	17
109392	1
120651	21
12640	14
126437	3
12665	291
13957	2
145553	27
145592	55
148615	3
161364	63
16219	7
162399	1
165174	46
16702	1
167182	1
167426	3
16930	21
169542	3
171075	2
17691	1
180496	1
18174	21
184862	112
197282	1
204455	7
21769	355
21776	3
228985	2
232699	17
23328	270
241394	11
24579	7
24839	29
260402	1
261837	2
28195	28
287834	2
29036	179
296505	-1
296552	1
297808	1
297840	1
33292	7
33297	1
375856	1
37918	4
394220	1
403383	1
422016	1
428862	135
434722	1
4348	520
442645	1
46871	1
47281	15
47390	1
491299	34
491302	8
506865	1
53115	40
53952	533
53959	31
57257	530
62564	1
72169	17
72305	1
76675	15
77680	3
7858	5
78866	2
80707	2
86863	3
86887	2
89643	1
90805	15
151487	1
102427	140
