270342	1
244742	343
305155	28
401418	1
334864	17
28698	41
103450	2
90140	73
321574	2
236582	5
217126	41
272418	3
317474	1
27687	3
319532	2
162856	17
283697	27
11317	2
55349	161
475198	1
361535	1
284728	1
113731	81
26699	4
239695	5
258135	2
66646	2
267358	1
331864	73
305255	1
140392	1
323690	1
341109	7
102512	16
204914	1
151668	22
373885	2
65659	1
317563	1
22655	3
313478	48
88195	343
53383	7
374920	2
437398	273
201878	2
416915	49
285852	4
321693	41
310424	2
309415	6
91306	2
141492	15
81078	2
81083	3
373950	1
54459	35
63675	3
373944	3
460997	1
32967	1
430286	3
365775	1
405704	1
183507	1
99540	2
303314	6
316627	4
479440	5
297183	5
424166	1
121057	5
42208	24
66787	29
235750	1
189682	1
388342	35
81140	2
46332	15
401666	1
371968	1
318734	3
276744	2
318731	125
416022	83
420116	1
339223	1
81172	33
124182	2
335132	3
82204	6
228641	8
45349	99
331053	17
372013	15
102696	171
9517	53
318772	3
236850	2
311603	1
153912	310
295230	12
264504	42
337209	2
232773	34
129354	39
210255	6
55628	5
197969	1
259408	4
477523	130
310609	1
259413	7
41302	38
312659	103
165210	1
18780	16
53603	15
272737	22
331116	3
342391	1
70005	1
343422	3
186754	4
393602	12
176516	1
368015	1
465293	3
489869	102
201096	3
320916	7
430487	113
202129	1
313751	317
335249	35
245140	2
390546	25
215448	19
199064	246
90528	15
265645	1
276906	6
62896	1
8624	1
215473	5
260528	186
252340	35
70079	34
58817	64
394692	13
51653	3
59845	16
243147	2
403917	2
403927	1
306646	282
387536	1
233941	24
30169	839
255448	10
458200	2
251356	4
251362	4
344544	1
188910	1
344552	13
31214	1
153079	3
14837	100
44535	333
300542	3
202239	3
421383	1159
144902	8
267776	4
303617	138
383491	12
35339	16
396808	3
52750	4
321035	1
396809	218
252432	105
462352	2
329252	46
329248	125
331311	1
267829	4
13877	1776
67124	29
296498	16
165434	2
178744	59
79419	143
331320	5
375354	1
52801	128
263751	5
242244	1
266831	8
108115	149
289362	2
262746	5
133731	3
13921	1732
274023	69
436832	2
357997	3
262766	1
422506	227
64108	60
62062	31
262763	1
298603	1
47731	845
262768	8
28277	110
211578	183
194175	2
297593	3
216707	35
321157	6
312966	3
317057	4
254603	1
37513	10
395919	1
247433	9
267918	29
492173	301
432781	5
398995	3
416401	1
19097	1
304792	22
32412	525
126625	3
167590	9
7845	1
21159	6
330415	5
289455	8
252591	197
274091	1
290491	1
12996	3
19145	3
312014	1048
338638	4
67274	126
244431	1247
24271	295
185043	6
108247	10
41688	2
465630	2
308957	5
333541	4
338656	3
392931	1
94951	249
450286	2
258792	1
150249	145
162541	5
120560	30
58098	293
392946	1
398076	111
263935	20
267002	1
99072	16
368390	1
185102	1
288529	1
249620	3
381714	10
185113	2
264997	1
328481	2
334625	3
271139	27
317224	2
338731	5
443191	1
276285	1
333631	558
165689	343
20288	6
368452	6
143171	5
179018	1
457547	2
230222	1
100174	1
239442	1
185172	21
341851	2
256867	1
300901	39
369510	1
246635	2
266092	2
419692	240
367465	3
256879	1
294763	63
328554	2
285556	2
291716	14
239490	9
418692	1
479109	1
149382	1
224132	87
422792	3
424852	3
269201	2
51093	6
82839	1012
61338	2
299928	55
329626	4
262050	7
64419	1
374689	1
17317	10
179109	29
9127	1
436141	1
275370	1
125872	1
186291	5
393143	2
251824	1
224183	2
55221	1579
187316	3
13243	31
339896	1
432056	5
285637	1
411585	4
329677	16
32714	1
443341	1
336841	5
13269	4
304083	3
140248	1
139231	3
265188	1
190438	1
210918	3
411636	102
328694	1
51187	12
276466	1
314354	41
69623	1
422908	32
329720	45
364539	59
313339	397
395257	4
60415	1
