170502	1
335363	33
229380	41
13834	36
12300	2
23568	1
286229	4
5653	8
321043	12
112670	628
43554	11
43555	2
399913	1
13364	12
22580	1
255031	45
37942	52
500794	2
16446	1
10817	3
22081	1
300614	18
162902	1
149076	4
189012	25
9825	67
33893	16
124522	2
268393	44
8301	6
78449	2
88689	1
29297	31
412786	1
30837	8
173187	38
280192	1
74885	1
30344	1
77449	113
37514	1
138377	8
142476	38
54417	2
324246	23
64663	21
352413	1
506014	25
275614	26
1695	9
85665	8
23716	1
92838	49
324268	1
244395	1
53929	12
57515	1
16046	19
72371	4
7859	11
350918	4
35525	2
254677	1
13015	85
50909	1
58078	1
7392	7
310511	2
74477	1
330987	21
32494	49
124147	1
248054	40
94452	199
276723	2
400636	376
52474	11
33534	562
57598	9
40707	34
34052	4
77064	7
8458	10
6411	1
94474	45
125196	2
24863	2
21792	25
29474	5
164650	4
40744	1
223530	1
24873	1
15662	24
84271	1
10035	2
372030	1
15678	1
167740	10
9026	7
77125	4
125771	87
30028	2
369480	299
27989	11
12636	1
9057	15
206693	33
18792	10
120170	11
33644	1
34670	69
67439	1
112503	1
144253	71
18306	6
53634	27
463236	1
31110	6
34190	2
197011	1
401815	2
139152	23
463252	816
49045	1
43927	10
49047	1
21400	1
73624	66
392607	15
43418	13
49052	1
49054	1
266651	3
9122	346
19363	62
183206	16
179111	3
10154	11
56235	9
49068	5
271785	3
9649	137
49077	3
64951	6
108473	47
234425	1
30650	3
8634	81
304057	1
300992	1
49092	6
323020	38
60364	45
109009	85
171984	14
178641	4
27093	3
181204	70
64984	5
212442	68
112613	2
218086	1
8679	4
42984	68
18926	12
380918	1
29683	2
38387	4
290288	3
20468	2
22005	14
265714	1
394225	391
5623	11
16378	7
110074	80
396795	2
57853	1
