49536	81
50306	2
43142	1
49030	2
46471	4
52488	1
48266	22
48139	38
48267	860
37515	10
58508	22
50189	17
48660	164
55958	2
38553	28
51739	29
18462	31
49567	2
52387	1
52135	9
48296	835
55469	1
48176	367
57136	1
49075	8
28852	13
52792	25
56248	1
46264	9
49721	4
49340	88
40901	1
49991	4
56777	35
58187	2
51276	1
48973	2
49104	306
49234	177
47827	14
49757	195
48861	439
49758	2
51294	2
54624	1
37984	1
53090	1
54370	73
56418	2
55267	33
49892	1
43366	2
48870	184
49000	1
57708	1
54382	92
41327	16
50929	155
41074	2
49909	304
42361	1
52474	119
48443	11
49184	2
49207	3
49240	33
49522	9
49865	37
49883	4
50027	-1
50087	4
50252	53
50358	7
50591	1
50597	1
50720	15
51095	1
51277	1
51340	-1
51401	50
51403	1
51494	4
51584	35
51586	-1
51610	25
51630	78
51644	38
51654	1
51713	26
51774	70
51910	34
52208	1
52461	1
52480	23
52543	17
52587	68
52591	2
52671	-1
52833	24
52926	1
52957	1
52974	13
53225	137
53266	1
53354	2
53450	1
53871	2
53993	2
54249	406
54256	2
54338	16
54371	177
54507	7
54702	-1
55180	6
55210	10
55333	1
55494	1
55524	4
55778	1
55973	7
56010	4
56039	1
56045	64
56409	15
56441	398
56545	1
56577	11
56665	26
56857	1
56910	1
57011	20
57047	1
57281	18
57420	-1
57504	1
57546	34
57643	114
57683	1
57779	11
57833	1
57959	1
58110	11
58157	46
58192	349
38570	5
39592	18
40817	1
42436	2
42530	2
42650	11
43285	11
44558	1
44562	1
44633	32
44986	-1
45427	2
45453	1
46381	-1
47499	6
47502	-1
47866	66
48007	12
48454	1
48498	13
48661	6
48843	4
49209	178
50138	9
50394	1
50600	4
50737	-1
51124	1
52384	1
54087	6
54475	3
54497	44
55749	5
55996	94
56736	1
57490	-1
57509	18
57544	96
57943	3
58357	1
59015	1
59054	4
29936	5
31804	4
33356	68
36923	4
37326	9
37509	1
37929	1
39724	1
39769	1
39875	1
40380	3
40551	1
40771	1
40929	1
41606	1
41608	1
41666	1
41869	1
42039	1
42071	1
42072	5
42119	8
42444	1
42503	82
42579	1
42648	1
42693	54
42747	1
43117	2
43216	1
43236	1
43435	2
43617	4
43706	13
43868	1
43893	1
43909	5
44223	1
44529	2
44620	1
45101	1
45212	1
45272	36
45279	1
45285	1
45419	1
45441	1
45618	1
45628	6
45977	1
46051	2
46096	1
46105	1
46357	1
46403	2
46462	1
46564	3
46666	4
46915	18
46958	9
46967	2
46985	1
46988	9
46998	5
47050	4
47111	136
47158	1
47216	1
47237	1
47320	1
47331	14
47343	1
47364	4
47462	2
47478	1
47515	1
47518	1
47568	7
47744	2
47826	1
47828	1
47881	1
47930	2
47987	26
47997	4
48049	1
48050	1
48102	1
48104	1
48113	14
48117	1
48120	1
48121	26
48123	1
48172	1
48173	1
48174	2
48197	3
48234	1
48249	1
48282	1
48287	1
48297	1
48318	1
48324	18
48345	2
48387	1
48523	20
48613	1
48629	1
48647	1
48648	1
48678	3
48729	1
49014	1
49018	1
49082	1
49089	1
49091	1
49092	2
49095	1
49110	1
49116	1
49118	10
49129	2
49132	5
49141	4
49144	13
49150	1
49151	1
49170	1
49221	3
49235	1
49428	2
49503	21
49525	217
49530	44
49550	62
49613	9
49625	1
49655	5
49669	3
49670	5
49714	1
49749	4
49750	23
49890	3
49937	3
49956	2
49957	1
49978	1
49998	1
50021	4
50059	1
50063	1
50107	2
50127	23
50129	1
50184	3
50201	1
50232	3
50293	3
50310	77
50411	1
50459	4
50503	1
50541	1
50547	1
50550	16
50554	1
50598	54
50606	1
50631	1
50646	1
50680	6
50683	98
50700	1
50709	5
50726	4
50747	83
50780	1
50984	2
51099	1
51154	5
51212	1
51229	65
51310	17
51324	1
51344	12
51348	1
51447	11
51453	7
51466	1
51467	11
51503	10
51518	1
51532	26
51614	2
51615	1
51640	3
51641	1
51650	1
51658	1
51712	1
51758	2
51860	-1
51905	1
51972	9
52042	1
52113	4
52156	18
52173	11
52213	2
52303	4
52316	1
52326	1
52356	1
52511	1
52586	33
52669	1
52719	138
52725	3
52758	1
52770	1
52772	1
52776	1
52846	5
52858	2
52953	1
53067	1
53081	18
53138	9
53180	1
53322	12
53342	1
53366	67
53398	1
53535	1
53624	45
53641	1
53654	4
53725	2
53758	1
53800	1
53828	1
53863	7
54011	1
54017	2
54022	3
54045	1
54067	9
54124	1
54141	1
54190	1
54207	1
54380	1
54381	1
54438	1
54456	1
54458	1
54496	3
54585	1
54599	1
54612	2
54628	1
54638	2
54660	1
54851	1
54888	1
54939	6
54955	74
54964	1
54968	2
54999	1
55035	8
55071	1
55073	2
55108	3
55110	2
55125	29
55158	1
55159	1
55160	6
55177	18
55179	1
55230	1
55309	1
55342	1
55354	1
55570	1
55582	2
55629	1
55656	1
55684	23
55804	9
55851	1
55905	2
56013	1
56025	2
56096	1
56172	1
56213	21
56293	15
56321	21
56339	3
56369	1
56406	1
56449	39
56472	24
56523	1
56536	16
56606	4
56608	1
56657	1
56677	2
56746	1
56771	1
56780	1
56801	1
56902	1
56905	1
56907	2
57016	2
57180	1
57208	1
57209	1
57323	1
57331	1
57340	1
57377	1
57581	3
57723	1
57765	1
57931	30
57977	1
58023	73
58119	11
58166	5
58179	2
58275	1
58296	27
58342	5
58497	3
58522	1
58568	2
58603	1
58701	1
59043	3
59123	1
59138	2
59145	1
59206	13
59217	6
59849	1
59850	1
59908	16
59923	2
60008	1
60041	1
60043	2
