Feature                    not-opt      opt MeanDecreaseAccuracy MeanDecreaseGini
---------------------------------------------------------------------------------
avgTF                    81.08921 60.42563             85.54303         84.85403
medianTF                 42.83029 36.83440             44.54971         37.36895
maxTF                    53.67362 43.61046             56.73099         47.28044
stdTF                    79.02797 60.41351             84.66796         75.06315
avgIDF                   67.54363 50.79383             77.20574         71.61627
medianIDF                70.86578 52.33549             79.19549         71.61083
maxIDF                   49.75629 42.31230             56.12541         69.57993
stdIDF                   83.90563 56.71178             91.96496         75.02953
avgTFIDF                 68.47365 51.19713             78.35846         71.10781
medianTFIDF              71.97940 52.92139             81.49254         71.30672
maxTFIDF                 49.51706 42.22481             56.03175         68.83873
stdTFIDF                 84.28800 56.19668             91.14229         75.50411
avgTermEntropy           59.12987 41.23381             61.51213         96.56156
medianTermEntropy        68.37996 42.15993             71.45980         72.77620
maxTermEntropy           62.93112 52.18884             65.51004         73.85174
stdTermEntropy           79.64403 62.88087             81.00926        168.56971
JSD                      98.04522 72.20006            101.43537         90.76306
QSI                      68.06423 42.20097             70.92735         72.91676
nounRatio                47.38332 30.11515             48.44825         74.36600
verbRatio                63.52862 57.65798             65.15673         72.88336
nounVerbRatio            47.11634 30.33519             48.39582         74.22223
otherPOSRatio            57.18885 50.85829             59.11231         56.98666
titleKeywordRatio        62.58420 47.08494             64.52790         63.03046
bodyKeywordRatio         85.82304 70.69925             89.49311        110.56898
bothPositionKeywordRatio 62.30276 53.94089             65.16833         65.17515
uniqueKeywords           70.00230 78.77828             80.15031        170.24333
groundTruthTermRatio     62.38396 58.27512             63.72207         86.64829
avgPMI                   81.30383 61.13680             82.68538        100.68581
medianPMI                68.51806 51.89008             71.00893         86.10760
maxPMI                   98.49689 67.17012            102.42104        101.44038
stdPMI                   88.73699 65.49721             99.34854         89.49792