Feature                    not-opt      opt MeanDecreaseAccuracy MeanDecreaseGini
-----------------------------------------------------------------------------------
avgTF                     63.99908  54.55529             80.09877         59.25907
medianTF                  47.59249  45.16417             58.65857         38.40231
maxTF                     46.56941  43.64044             58.78845         41.33282
stdTF                     57.68650  48.92381             72.00404         50.51550
avgIDF                    53.17139  46.62704             69.90253         59.36278
medianIDF                 53.26966  47.42237             70.27463         56.80766
maxIDF                    46.22091  35.18944             54.12558         42.86946
stdIDF                    60.99110  45.55499             75.21011         54.55357
avgTFIDF                  51.06251  40.85319             61.96123         54.90690
medianTFIDF               52.20135  41.28321             62.57086         53.69373
maxTFIDF                  46.03544  34.20865             51.90921         45.75005
stdTFIDF                  61.97035  45.79658             75.13651         55.61949
avgTermEntropy            57.93050  50.46103             64.49924        106.77896
medianTermEntropy         56.53298  48.34692             64.62053         89.11521
maxTermEntropy            51.47902  44.70937             56.52411         61.37325
stdTermEntropy            79.94075  81.08170             99.83942        211.83103
JSD                       71.35679  63.76720             81.49930         71.29755
QSI                       56.44508  48.67888             64.27215         89.60511
nounRatio                 37.96592  37.13598             45.63306         75.32049
verbRatio                 53.10858  49.94440             58.70636         48.85700
nounVerbRatio             37.55825  36.97635             45.11159         74.72408
otherPOSRatio             42.37458  49.98250             55.36158         41.90893
titleKeywordRatio         54.82999  40.82083             59.01861         44.67542
bodyKeywordRatio          86.21015  88.84544            103.98319        116.06537
bothPositionKeywordRatio  66.01156  51.79030             72.08432         59.89993
uniqueKeywords            57.00932  61.78908             66.08855        135.54519
groundTruthTermRatio     116.05032 113.07491            123.27307        203.17002
avgPMI                    68.30524  51.82903             81.04216         57.59540
medianPMI                 55.50511  44.72950             68.14904         46.64298
maxPMI                    57.84403  51.29772             68.00850         82.48110
stdPMI                    55.11424  51.70207             67.96086         69.44097
