209410
211585
318086
238976
193415
482434
275722
199309
327060
198161
222865
19733
222868
447633
198043
172958
240926
236828
273819
229921
259233
269612
218027
207530
199336
266539
234803
274613
198193
200630
287666
263613
192574
277176
371768
192573
196541
199366
183492
198731
196298
259273
202958
321354
221139
286934
112599
256980
227939
252002
258916
197604
292972
222824
192756
238970
342782
198012
146622
195275
197049
237726
254687
259471
265010
266118
266262
303125
317919
318070
318074
319259
323208
326033
327749
328130
331878
342686
343780
348487
385395
411935
411936
420897
147269
168382
222864
264963
267035
273138
339024
358317
425868
125572
134483
165815
174480
195824
198334
202772
207670
208667
221053
222878
224095
229237
233808
236812
242950
254833
255191
255347
255352
256580
256853
256985
257926
259917
265269
265412
265413
265551
266120
267481
270332
273135
282667
299849
302407
317931
318075
320799
328542
328772
328998
328999
329054
329247
331740
332852
337624
369023
397877
406064
408030
418684
419902
420433
426497
464701
472661
204329
234342
256767
261438
268281
270516
272317
273343
273718
273823
274604
278222
280601
308908
310554
313029
327582
327994
336365
337345
337643
338107
339291
339616
339790
341820
342002
384431
408185
411543
414337
414448
426423
463008
471213
471541
473443
473558
476180
478452
479629
485482
490090
496963
497876
259072
264242
486675
