40707
170502
34052
335363
229380
77064
13834
6411
94474
12300
125196
23568
286229
5653
321043
112670
24863
21792
40744
223530
124203
15662
399913
13364
255031
372030
16446
15678
167740
10817
22081
300614
9026
77125
125771
30028
369480
149076
189012
12636
9825
33893
206693
18792
124522
120170
33644
268393
34670
78449
29297
30837
112503
187000
144253
173187
18306
53634
463236
280192
31110
138377
142476
34190
197011
54417
401815
324246
139152
64663
12695
43927
49047
21400
506014
73624
275614
392607
43418
49052
49054
266651
85665
9122
19363
23716
183206
179111
324268
244395
56235
271785
16046
9649
72371
49077
64951
108473
30650
8634
304057
350918
300992
49092
35525
323020
60364
178641
19412
27093
181204
13015
64984
212442
58078
7392
112613
218086
8679
42984
310511
7404
74477
330987
32494
18926
124147
380918
29683
38387
20468
248054
94452
265714
394225
400636
52474
16378
110074
396795
33534
178912
297248
301584
312038
337658
342962
345196
386188
388172
403700
404731
414076
443727
446040
465363
472568
472612
476930
478019
68233
10009
101118
103700
114589
11947
125868
12633
127195
13028
13042
134865
13525
136638
137513
147773
148006
151808
153122
153124
157055
15792
16193
164376
169565
172989
18100
18115
182807
191486
217736
22842
229394
231790
261846
267914
27276
273858
287084
33144
33746
42487
468252
47003
506863
53135
53247
53250
63256
63323
65149
66417
73680
74085
76860
77190
78422
78534
80069
80191
80879
84259
86028
8683
88674
89566
93578
94687
217994
220654
249593
308879
311848
320269
339414
342681
350733
356712
368483
371300
383625
383637
404784
432190
455199
462932
94047
10096
105573
10811
109392
120651
12640
126437
12665
13957
145553
145592
148615
161364
16219
162399
165174
16702
167182
167426
16930
169542
171075
17691
180496
18174
184862
197282
204455
21769
21776
228985
232699
23328
241394
24579
24839
260402
261837
28195
287834
29036
296505
296552
297808
297840
33292
33297
375856
37918
394220
403383
422016
428862
434722
4348
442645
46871
47281
47390
491299
491302
506865
53115
53952
53959
57257
62564
72169
72305
76675
77680
7858
78866
80707
86863
86887
89643
90805
151487
102427
