337415
222080
442245
455042
385293
424591
85384
252556
471062
409236
28951
363293
480029
409245
380313
413083
399769
420004
410402
467618
483895
426678
485302
341296
29621
162740
476859
401848
434630
176320
11076
373953
421711
180169
65738
403147
427218
391376
234074
438875
413913
369381
24934
472815
385132
412650
357110
479474
90612
423409
401790
23162
403705
421469
431275
190268
277382
393356
412639
418843
423280
427216
439431
448043
46084
464570
471034
474762
483467
488888
92005
15036
388634
396139
396258
399567
401989
403457
405051
405889
412882
415911
416313
417388
417669
418919
424718
426434
430451
478427
69658
70665
104245
124099
126180
126914
145202
148328
149562
150655
158274
165346
168331
170843
17531
176591
181393
186457
193784
208186
217002
228691
268802
29516
301894
30516
327143
341499
41554
421796
424075
425493
429763
429949
430987
431963
432603
435397
441338
448800
451660
451677
460465
470535
483690
488461
55930
79809
83297
88757
405125
406396
422107
25377
31261
403036
42243
456395
