149506
199169
173060
182277
153093
329218
205833
169480
232463
296970
297483
173072
394260
273943
155158
211477
170516
352274
276509
177177
218648
441883
313381
119843
222753
202272
179238
206887
230447
226349
190515
172080
280630
56371
280119
355890
401983
163384
191545
173119
177212
251970
229441
118850
129093
129094
220235
322637
233034
166984
151112
218697
267848
229453
164438
174168
321624
418392
140381
203356
406119
210529
308321
149604
293474
153195
232041
172137
203375
183405
277611
154739
227963
183417
196735
216703
96384
266880
203914
152200
164495
263306
214156
166546
209554
173712
179345
155796
238235
201369
315039
295577
297115
94366
221852
147619
324773
268966
209056
229024
134311
178855
128683
311979
172721
211127
116919
165045
89782
264383
168126
224447
215743
228031
95935
96962
436418
476867
180420
475855
179401
269007
113870
182483
270549
274646
174800
229584
309469
264413
280286
289502
199896
173791
180960
158945
291559
154853
430305
461549
184041
443114
201966
128236
371944
272107
209138
94448
274678
298742
153329
171767
204021
226037
323827
118008
229626
496382
229624
274687
172793
156414
416507
185597
196866
232706
61185
206081
247553
262918
213255
272641
170756
184068
400129
196874
216329
332047
188168
212745
231688
196878
212755
196882
197906
215314
206610
160017
134426
461083
183070
354586
139037
132893
274724
150305
183073
125221
208164
159020
266548
107312
198961
198965
95542
182075
171838
131391
131394
173378
181058
312646
184646
97605
184644
281923
235336
252751
326472
126796
186701
313175
172374
302928
141655
217941
201044
344914
221019
163161
459100
241503
187228
261474
185696
50018
201572
287599
247663
113004
370536
130414
138093
269685
372087
34165
130424
405375
188280
195454
264057
82302
154493
225148
150916
166795
311183
138127
149900
167313
190869
164762
220569
108954
121245
308633
183708
228765
172451
183715
198050
344996
266144
326561
154030
264106
176045
76211
250801
240053
381875
231860
179125
163258
171962
309693
256954
155070
380857
143293
283588
197056
286656
238539
307149
109003
443338
143823
248268
151501
308693
213457
201681
266711
231382
197077
125913
223194
149976
199129
183260
168417
154593
115173
117732
137700
176613
228840
136172
151538
219123
231409
252913
465909
164337
226800
152054
266737
152059
218618
264696
335353
136314
151884
153460
156021
156385
157504
158326
162557
166826
168337
173715
175138
175356
175566
176509
177379
179677
181063
187094
190780
191973
195267
195394
199134
202124
203795
205655
205767
208855
209155
214914
215014
217824
219250
220745
225210
229382
230911
231001
237764
238934
280070
290138
296917
311927
312434
334523
343455
94956
97109
98123
124815
125179
138803
167774
168198
186963
206721
207466
211931
212771
226352
228935
231652
238392
248334
255587
262976
268751
269001
271362
275296
278598
279697
288343
290756
304426
313952
344929
355873
357654
393597
406018
409680
424597
458995
486911
65572
108466
146912
149816
150081
151324
152199
158418
166680
168669
169852
170474
170678
172675
173447
173741
178491
181343
181476
183245
183250
185955
187390
191231
197410
197817
198881
203993
205493
207836
210026
215579
216937
216946
220069
226788
228044
231977
232771
234376
238487
256859
307524
312466
313187
321891
120938
129817
144967
160043
172398
201304
201306
201308
201880
210018
218223
220179
248519
250340
257852
258129
258881
260953
272021
272309
272985
273049
273421
274765
292938
296113
304041
305232
308547
319268
330278
334843
342512
356209
35888
367980
383448
391828
409969
417603
435321
466783
477658
482554
484548
488805
489924
63287
65204
68606
98790
166801
183587
405015
409352
