270342
244742
305155
401418
334864
28698
103450
90140
321574
236582
217126
272418
317474
27687
319532
162856
283697
11317
55349
475198
361535
284728
113731
26699
239695
258135
66646
267358
331864
305255
140392
323690
341109
102512
204914
151668
373885
65659
317563
22655
313478
88195
53383
374920
437398
201878
416915
285852
321693
310424
309415
91306
141492
81078
81083
373950
54459
63675
373944
460997
32967
430286
365775
405704
183507
99540
303314
316627
479440
297183
424166
121057
42208
66787
235750
189682
388342
81140
46332
401666
371968
318734
276744
318731
416022
420116
339223
81172
124182
335132
82204
228641
45349
331053
372013
102696
9517
318772
236850
311603
153912
295230
264504
337209
232773
129354
210255
55628
197969
259408
477523
310609
259413
41302
312659
165210
18780
53603
272737
331116
342391
70005
343422
186754
393602
176516
368015
465293
489869
201096
320916
430487
202129
313751
335249
245140
390546
215448
199064
90528
265645
276906
62896
8624
215473
260528
252340
70079
58817
394692
51653
59845
243147
403917
403927
306646
387536
233941
30169
255448
458200
251356
251362
344544
188910
344552
31214
153079
14837
44535
300542
202239
421383
144902
267776
303617
383491
35339
396808
52750
321035
396809
252432
462352
329252
329248
331311
267829
13877
67124
296498
165434
178744
79419
331320
375354
52801
263751
242244
266831
108115
289362
262746
133731
13921
274023
436832
357997
262766
422506
64108
62062
262763
298603
47731
262768
28277
211578
194175
297593
216707
321157
312966
317057
254603
37513
395919
247433
267918
492173
432781
398995
416401
19097
304792
32412
126625
167590
7845
21159
330415
289455
252591
274091
290491
12996
19145
312014
338638
67274
244431
24271
185043
108247
41688
465630
308957
333541
338656
392931
94951
450286
258792
150249
162541
120560
58098
392946
398076
263935
267002
99072
368390
185102
288529
249620
381714
185113
264997
328481
334625
271139
317224
338731
443191
276285
333631
165689
20288
368452
143171
179018
457547
230222
100174
239442
185172
341851
256867
300901
369510
246635
266092
419692
367465
256879
294763
328554
285556
291716
239490
418692
479109
149382
224132
422792
424852
269201
51093
82839
61338
299928
329626
262050
64419
374689
17317
179109
9127
436141
275370
125872
186291
393143
251824
224183
55221
187316
13243
339896
432056
285637
411585
329677
32714
443341
336841
13269
304083
140248
139231
265188
190438
210918
411636
328694
51187
276466
314354
69623
422908
329720
364539
313339
395257
60415
