49536
50306
43142
49030
46471
52488
48266
48139
48267
37515
58508
50189
48660
55958
38553
51739
18462
49567
52387
52135
48296
55469
48176
57136
49075
28852
52792
56248
46264
49721
49340
40901
49991
56777
58187
51276
48973
49104
49234
47827
49757
48861
49758
51294
54624
37984
53090
54370
56418
55267
49892
43366
48870
49000
57708
54382
41327
50929
41074
49909
42361
52474
48443
49184
49207
49240
49522
49865
49883
50027
50087
50252
50358
50591
50597
50720
51095
51277
51340
51401
51403
51494
51584
51586
51610
51630
51644
51654
51713
51774
51910
52208
52461
52480
52543
52587
52591
52671
52833
52926
52957
52974
53225
53266
53354
53450
53871
53993
54249
54256
54338
54371
54507
54702
55180
55210
55333
55494
55524
55778
55973
56010
56039
56045
56409
56441
56545
56577
56665
56857
56910
57011
57047
57281
57420
57504
57546
57643
57683
57779
57833
57959
58110
58157
58192
38570
39592
40817
42436
42530
42650
43285
44558
44562
44633
44986
45427
45453
46381
47499
47502
47866
48007
48454
48498
48661
48843
49209
50138
50394
50600
50737
51124
52384
54087
54475
54497
55749
55996
56736
57490
57509
57544
57943
58357
59015
59054
29936
31804
33356
36923
37326
37509
37929
39724
39769
39875
40380
40551
40771
40929
41606
41608
41666
41869
42039
42071
42072
42119
42444
42503
42579
42648
42693
42747
43117
43216
43236
43435
43617
43706
43868
43893
43909
44223
44529
44620
45101
45212
45272
45279
45285
45419
45441
45618
45628
45977
46051
46096
46105
46357
46403
46462
46564
46666
46915
46958
46967
46985
46988
46998
47050
47111
47158
47216
47237
47320
47331
47343
47364
47462
47478
47515
47518
47568
47744
47826
47828
47881
47930
47987
47997
48049
48050
48102
48104
48113
48117
48120
48121
48123
48172
48173
48174
48197
48234
48249
48282
48287
48297
48318
48324
48345
48387
48523
48613
48629
48647
48648
48678
48729
49014
49018
49082
49089
49091
49092
49095
49110
49116
49118
49129
49132
49141
49144
49150
49151
49170
49221
49235
49428
49503
49525
49530
49550
49613
49625
49655
49669
49670
49714
49749
49750
49890
49937
49956
49957
49978
49998
50021
50059
50063
50107
50127
50129
50184
50201
50232
50293
50310
50411
50459
50503
50541
50547
50550
50554
50598
50606
50631
50646
50680
50683
50700
50709
50726
50747
50780
50984
51099
51154
51212
51229
51310
51324
51344
51348
51447
51453
51466
51467
51503
51518
51532
51614
51615
51640
51641
51650
51658
51712
51758
51860
51905
51972
52042
52113
52156
52173
52213
52303
52316
52326
52356
52511
52586
52669
52719
52725
52758
52770
52772
52776
52846
52858
52953
53067
53081
53138
53180
53322
53342
53366
53398
53535
53624
53641
53654
53725
53758
53800
53828
53863
54011
54017
54022
54045
54067
54124
54141
54190
54207
54380
54381
54438
54456
54458
54496
54585
54599
54612
54628
54638
54660
54851
54888
54939
54955
54964
54968
54999
55035
55071
55073
55108
55110
55125
55158
55159
55160
55177
55179
55230
55309
55342
55354
55570
55582
55629
55656
55684
55804
55851
55905
56013
56025
56096
56172
56213
56293
56321
56339
56369
56406
56449
56472
56523
56536
56606
56608
56657
56677
56746
56771
56780
56801
56902
56905
56907
57016
57180
57208
57209
57323
57331
57340
57377
57581
57723
57765
57931
57977
58023
58119
58166
58179
58275
58296
58342
58497
58522
58568
58603
58701
59043
59123
59138
59145
59206
59217
59849
59850
59908
59923
60008
60041
60043
