244742
305155
28698
217126
162856
283697
55349
113731
151668
313478
437398
54459
42208
66787
388342
46332
318734
318731
416022
81172
45349
102696
9517
153912
264504
232773
129354
41302
18780
393602
313751
390546
215448
199064
90528
260528
59845
233941
30169
344552
14837
44535
421383
144902
303617
35339
52750
329252
329248
13877
67124
296498
178744
52801
108115
19043
274023
38499
64108
62062
47731
28277
211578
216707
267918
492173
304792
32412
252591
312014
338638
67274
244431
24271
108247
94951
150249
58098
263935
99072
249620
381714
271139
333631
185172
419692
294763
224132
51093
82839
299928
17317
179109
55221
13243
329677
139231
411636
51187
314354
329720
364539
