182277
173072
394260
177177
119843
206887
230447
226349
172080
280630
251970
229441
118850
166984
140381
149604
183405
277611
154739
155796
94366
324773
209056
116919
264383
224447
436418
180420
113870
182483
270549
274646
229584
199896
154853
201966
209138
229626
229624
274687
185597
232706
206081
231688
215314
354586
208164
266548
198961
184646
97605
184644
186701
172374
201044
163161
261474
113004
34165
130424
150916
149900
167313
108954
228765
163258
109003
197077
199129
137700
228840
164337
226800
152054
264696
169480
155158
211477
441883
222753
151112
218697
267848
164438
418392
203356
293474
153195
209554
173712
201369
221852
268966
229024
128683
215743
475855
173791
443114
272107
298742
226037
496382
247553
262918
184068
188168
206610
139037
150305
183073
171838
235336
252751
50018
247663
370536
138093
264057
154493
225148
138127
344996
266144
264106
176045
381875
171962
380857
143293
283588
307149
443338
151501
201681
223194
154593
231409
252913
